0.000000000000000000e+00 1.909235290978247152e-03 -4.800125744380294630e-04 4.389884547811485232e-04 4.742943199912951760e-04 1.753262012037040560e-05 -1.963337693338173336e-04 5.443387001770550121e-04 -4.224590340770432452e-04 1.042310803477291028e-05 -3.470393882285212122e-04 4.077695738136253504e-04
1.909235290978247152e-03 0.000000000000000000e+00 -2.041421022021156894e-03 -1.827064072452424474e-03 -1.213549949771038474e-03 4.750606670736270444e-04 -9.426818101425266409e-04 -2.195507824841300918e-03 1.314481856411360170e-03 3.536067733922105866e-04 -5.671450303225119898e-04 -1.355311609714495574e-03
-4.800125744380294630e-04 -2.041421022021156894e-03 0.000000000000000000e+00 -2.263978148575994539e-04 -8.558145056818362373e-04 -2.327772188431752006e-04 1.297845553136432219e-03 2.628565467939498156e-03 8.722807952750510170e-04 -3.004342978769457967e-04 5.052561667665166545e-04 -1.624719735223374749e-03
4.389884547811485232e-04 -1.827064072452424474e-03 -2.263978148575994539e-04 0.000000000000000000e+00 -1.300085394506455801e-03 -1.613795765484481040e-04 4.672828212034693776e-05 8.170591889718398834e-04 1.360029778861458684e-04 -2.745512940757934960e-04 -8.719002656678979425e-05 -3.357287812452904735e-05
4.742943199912951760e-04 -1.213549949771038474e-03 -8.558145056818362373e-04 -1.300085394506455801e-03 0.000000000000000000e+00 2.718560965929453467e-04 -5.675593442620094483e-04 5.694891823368274488e-04 6.733476606887914663e-04 6.680555316269743218e-05 -3.869087311492139161e-04 2.886966507328250081e-04
1.753262012037040560e-05 4.750606670736270444e-04 -2.327772188431752006e-04 -1.613795765484481040e-04 2.718560965929453467e-04 0.000000000000000000e+00 -2.254474988817925507e-04 4.645093095505526651e-04 -7.323385822321135628e-04 -1.026736348571505579e-04 -2.779216736693928234e-04 2.644572267364814840e-04
-1.963337693338173336e-04 -9.426818101425266409e-04 1.297845553136432219e-03 4.672828212034693776e-05 -5.675593442620094483e-04 -2.254474988817925507e-04 0.000000000000000000e+00 -4.017116978160113040e-05 -6.034217224212850466e-04 -1.104243757464947622e-04 1.049767690961464484e-04 -2.656738162159149133e-04
5.443387001770550121e-04 -2.195507824841300918e-03 2.628565467939498156e-03 8.170591889718398834e-04 5.694891823368274488e-04 4.645093095505526651e-04 -4.017116978160113040e-05 0.000000000000000000e+00 -1.047047981896191286e-04 -8.358021379511951362e-04 -1.557138472649194968e-04 2.890787956306546344e-04
-4.224590340770432452e-04 1.314481856411360170e-03 8.722807952750510170e-04 1.360029778861458684e-04 6.733476606887914663e-04 -7.323385822321135628e-04 -6.034217224212850466e-04 -1.047047981896191286e-04 0.000000000000000000e+00 4.404234331884621600e-04 -3.290015322599404305e-04 -1.665667744319658224e-03
1.042310803477291028e-05 3.536067733922105866e-04 -3.004342978769457967e-04 -2.745512940757934960e-04 6.680555316269743218e-05 -1.026736348571505579e-04 -1.104243757464947622e-04 -8.358021379511951362e-04 4.404234331884621600e-04 0.000000000000000000e+00 9.906364514340444769e-05 3.592109888431125204e-05
-3.470393882285212122e-04 -5.671450303225119898e-04 5.052561667665166545e-04 -8.719002656678979425e-05 -3.869087311492139161e-04 -2.779216736693928234e-04 1.049767690961464484e-04 -1.557138472649194968e-04 -3.290015322599404305e-04 9.906364514340444769e-05 0.000000000000000000e+00 -2.086350499394864491e-04
4.077695738136253504e-04 -1.355311609714495574e-03 -1.624719735223374749e-03 -3.357287812452904735e-05 2.886966507328250081e-04 2.644572267364814840e-04 -2.656738162159149133e-04 2.890787956306546344e-04 -1.665667744319658224e-03 3.592109888431125204e-05 -2.086350499394864491e-04 0.000000000000000000e+00
