0.000000000000000000e+00 -1.676782436048012293e-03 1.344280298578173034e-03 6.728349871320837318e-04 9.809305018035783738e-04 -2.891895871223543408e-04 5.118704105854893173e-04 1.429675618480408857e-04 -1.621554665348896407e-04 8.393729131753708910e-05 -7.292913429435434304e-04 1.145393484554242843e-03
-1.676782436048012293e-03 0.000000000000000000e+00 2.658823012433230056e-03 -2.817451329200477443e-05 -1.688007452277884247e-03 -1.227060074785134958e-05 3.416488601684932965e-04 1.025468155327955875e-03 1.559684269938339243e-03 1.180199391824543203e-05 4.841165727322136901e-04 2.867417360373778704e-03
1.344280298578173034e-03 2.658823012433230056e-03 0.000000000000000000e+00 1.277374012621692711e-03 8.024215017124556454e-04 1.193940750399670458e-03 -2.118207076591458425e-04 1.641945315117280700e-03 -1.413021742606162742e-03 -7.057621750958043613e-04 1.394482358011343934e-03 2.209869511192637855e-03
6.728349871320837318e-04 -2.817451329200477443e-05 1.277374012621692711e-03 0.000000000000000000e+00 -7.061391728934120942e-04 2.744458571065824370e-04 4.820977583176688200e-04 -2.729941553728610433e-04 -2.400547954921438798e-04 4.785184656832095114e-05 4.931169094272256780e-05 -2.894824991923114336e-04
9.809305018035783738e-04 -1.688007452277884247e-03 8.024215017124556454e-04 -7.061391728934120942e-04 0.000000000000000000e+00 -3.750188803701924567e-04 -5.353887803213864226e-04 1.191117510281125731e-03 -3.029859296596244291e-04 -4.952386460591595572e-05 -3.620732934194819769e-05 -6.739153070691725807e-04
-2.891895871223543408e-04 -1.227060074785134958e-05 1.193940750399670458e-03 2.744458571065824370e-04 -3.750188803701924567e-04 0.000000000000000000e+00 -2.025632426627236606e-04 -4.317113341656137328e-04 -4.423868448138040528e-04 -3.420911939350637968e-04 -1.373140807813663308e-04 -1.994853876428352355e-04
5.118704105854893173e-04 3.416488601684932965e-04 -2.118207076591458425e-04 4.820977583176688200e-04 -5.353887803213864226e-04 -2.025632426627236606e-04 0.000000000000000000e+00 -3.670424977331957373e-04 2.263309952103641340e-04 2.949040708886232194e-05 3.841927100679487722e-04 -1.145247844648373305e-04
1.429675618480408857e-04 1.025468155327955875e-03 1.641945315117280700e-03 -2.729941553728610433e-04 1.191117510281125731e-03 -4.317113341656137328e-04 -3.670424977331957373e-04 0.000000000000000000e+00 -1.036131568706564257e-06 -2.241859572064857687e-04 1.065166456572215432e-04 -1.742159821619840103e-04
-1.621554665348896407e-04 1.559684269938339243e-03 -1.413021742606162742e-03 -2.400547954921438798e-04 -3.029859296596244291e-04 -4.423868448138040528e-04 2.263309952103641340e-04 -1.036131568706564257e-06 0.000000000000000000e+00 -6.157471339974584590e-04 -9.033398651976270489e-04 1.023366357634873484e-03
8.393729131753708910e-05 1.180199391824543203e-05 -7.057621750958043613e-04 4.785184656832095114e-05 -4.952386460591595572e-05 -3.420911939350637968e-04 2.949040708886232194e-05 -2.241859572064857687e-04 -6.157471339974584590e-04 0.000000000000000000e+00 -3.059459446032717538e-04 5.983879542326568960e-04
-7.292913429435434304e-04 4.841165727322136901e-04 1.394482358011343934e-03 4.931169094272256780e-05 -3.620732934194819769e-05 -1.373140807813663308e-04 3.841927100679487722e-04 1.065166456572215432e-04 -9.033398651976270489e-04 -3.059459446032717538e-04 0.000000000000000000e+00 -6.443106365991003006e-04
1.145393484554242843e-03 2.867417360373778704e-03 2.209869511192637855e-03 -2.894824991923114336e-04 -6.739153070691725807e-04 -1.994853876428352355e-04 -1.145247844648373305e-04 -1.742159821619840103e-04 1.023366357634873484e-03 5.983879542326568960e-04 -6.443106365991003006e-04 0.000000000000000000e+00
