0.000000000000000000e+00 -5.971326058459392816e-04 -6.478509447659259188e-04 3.201899430774003729e-04 -3.456507378190425421e-04 -4.828677890394298192e-04 1.504730614155061789e-04 -6.072856847984203863e-04 -3.364625954856040828e-05 -6.957789278561857423e-04 -1.899055094293666433e-05 1.412183629890181261e-03
-5.971326058459392816e-04 0.000000000000000000e+00 4.194058402866383990e-03 7.222741952005794046e-04 -4.810758713255056953e-04 -7.666312987039809691e-04 9.877612623670464689e-04 8.485684723373045340e-05 -3.377094846400435389e-04 -5.223438762911093193e-04 -5.900774111867410640e-04 -1.873028499007088957e-04
-6.478509447659259188e-04 4.194058402866383990e-03 0.000000000000000000e+00 -3.396060142723390622e-04 -7.073159179172709742e-04 -3.578075693321886236e-04 -1.276476388823279476e-03 -3.922829512686967714e-04 3.199604420033217399e-03 -8.644159736742592715e-04 1.029809041318252225e-03 -1.629731885730137603e-03
3.201899430774003729e-04 7.222741952005794046e-04 -3.396060142723390622e-04 0.000000000000000000e+00 3.333537401124565011e-04 -2.365780472554083306e-05 4.788251741420933749e-04 -5.893647622201090685e-04 -4.828518211316000139e-04 -2.378366982406961150e-04 -2.740934023856607003e-04 3.809370685145408038e-04
-3.456507378190425421e-04 -4.810758713255056953e-04 -7.073159179172709742e-04 3.333537401124565011e-04 0.000000000000000000e+00 -2.943306887616230758e-04 3.700613567134604528e-04 1.701361355446375651e-04 1.186791033734020976e-03 2.584931582156460897e-04 -1.388103744900942701e-04 4.556026928858505215e-04
-4.828677890394298192e-04 -7.666312987039809691e-04 -3.578075693321886236e-04 -2.365780472554083306e-05 -2.943306887616230758e-04 0.000000000000000000e+00 2.338860449279565813e-04 -2.772464464484247055e-04 1.159536884004081625e-04 -2.565269673134658486e-04 -9.022233040960891146e-05 -1.366514854216995575e-04
1.504730614155061789e-04 9.877612623670464689e-04 -1.276476388823279476e-03 4.788251741420933749e-04 3.700613567134604528e-04 2.338860449279565813e-04 0.000000000000000000e+00 6.679282895788229762e-04 4.310110027162006069e-04 -8.912955438247544923e-06 -2.773113315825113685e-04 2.652497800174074432e-04
-6.072856847984203863e-04 8.485684723373045340e-05 -3.922829512686967714e-04 -5.893647622201090685e-04 1.701361355446375651e-04 -2.772464464484247055e-04 6.679282895788229762e-04 0.000000000000000000e+00 4.744539061295908002e-04 5.701759026508106186e-05 4.993795423229116124e-04 4.610379075334013720e-04
-3.364625954856040828e-05 -3.377094846400435389e-04 3.199604420033217399e-03 -4.828518211316000139e-04 1.186791033734020976e-03 1.159536884004081625e-04 4.310110027162006069e-04 4.744539061295908002e-04 0.000000000000000000e+00 -7.116284123865878339e-04 -1.636503102867203018e-04 1.317120940088230101e-03
-6.957789278561857423e-04 -5.223438762911093193e-04 -8.644159736742592715e-04 -2.378366982406961150e-04 2.584931582156460897e-04 -2.565269673134658486e-04 -8.912955438247544923e-06 5.701759026508106186e-05 -7.116284123865878339e-04 0.000000000000000000e+00 5.404807823104451457e-05 -8.416391159888822731e-05
-1.899055094293666433e-05 -5.900774111867410640e-04 1.029809041318252225e-03 -2.740934023856607003e-04 -1.388103744900942701e-04 -9.022233040960891146e-05 -2.773113315825113685e-04 4.993795423229116124e-04 -1.636503102867203018e-04 5.404807823104451457e-05 0.000000000000000000e+00 1.264748307261621041e-04
1.412183629890181261e-03 -1.873028499007088957e-04 -1.629731885730137603e-03 3.809370685145408038e-04 4.556026928858505215e-04 -1.366514854216995575e-04 2.652497800174074432e-04 4.610379075334013720e-04 1.317120940088230101e-03 -8.416391159888822731e-05 1.264748307261621041e-04 0.000000000000000000e+00
