0.000000000000000000e+00 3.242808581291344613e-04 -1.152347407739164932e-04 -3.621439531091043816e-04 -1.385103988826283709e-04 -1.268488550851571024e-04 4.368437958422287251e-04 -2.830713437286289753e-04 8.582875745900832266e-05 1.125886121499359660e-04 1.812634917419645873e-04 -2.346074969680077196e-04
3.242808581291344613e-04 0.000000000000000000e+00 -1.343130438613183584e-04 1.300133900539048417e-04 -5.006607181690716233e-04 1.118285313491974706e-04 4.697079010639774679e-05 1.567075320958286364e-05 1.193755278633619362e-04 9.894175068038799537e-05 -2.399250371734193085e-04 3.116665400247713136e-04
-1.152347407739164932e-04 -1.343130438613183584e-04 0.000000000000000000e+00 6.212156509709844138e-04 2.776782791597574916e-04 -5.695512788288991605e-04 -3.270465671268278662e-04 -1.671730243484510238e-04 8.441188231448780357e-05 3.563349578315649110e-04 -6.819152005705593532e-04 1.845442946518745686e-04
-3.621439531091043816e-04 1.300133900539048417e-04 6.212156509709844138e-04 0.000000000000000000e+00 -1.486604220505937388e-03 8.845666390998705060e-04 -7.221215052501023289e-04 -2.077691537908189019e-04 -1.666609414887676617e-03 -9.064956822466127204e-04 1.797696298439907872e-03 7.478049072373225102e-04
-1.385103988826283709e-04 -5.006607181690716233e-04 2.776782791597574916e-04 -1.486604220505937388e-03 0.000000000000000000e+00 5.876171612458544729e-04 -1.843139504187375158e-03 2.924643521508288801e-04 1.141761322664833038e-03 -6.438625051306660647e-04 -8.549687316149386660e-04 -2.406441475411886990e-03
-1.268488550851571024e-04 1.118285313491974706e-04 -5.695512788288991605e-04 8.845666390998705060e-04 5.876171612458544729e-04 0.000000000000000000e+00 1.142203965208482422e-03 9.030693420697706174e-05 2.085162090953281361e-04 5.556785115646823130e-04 7.171811224866848607e-04 -8.788098650727546764e-04
4.368437958422287251e-04 4.697079010639774679e-05 -3.270465671268278662e-04 -7.221215052501023289e-04 -1.843139504187375158e-03 1.142203965208482422e-03 0.000000000000000000e+00 1.481883585853144617e-04 1.018190610557039586e-03 -6.850546986603787275e-04 -6.695400176414817710e-05 -4.245771183407918482e-04
-2.830713437286289753e-04 1.567075320958286364e-05 -1.671730243484510238e-04 -2.077691537908189019e-04 2.924643521508288801e-04 9.030693420697706174e-05 1.481883585853144617e-04 0.000000000000000000e+00 -4.977285778526004549e-06 9.499711678321360762e-04 -4.403192364766219725e-04 -3.231994882571174424e-04
8.582875745900832266e-05 1.193755278633619362e-04 8.441188231448780357e-05 -1.666609414887676617e-03 1.141761322664833038e-03 2.085162090953281361e-04 1.018190610557039586e-03 -4.977285778526004549e-06 0.000000000000000000e+00 -9.357452379037036611e-04 -1.748540096902290479e-03 -1.455961270514463885e-03
1.125886121499359660e-04 9.894175068038799537e-05 3.563349578315649110e-04 -9.064956822466127204e-04 -6.438625051306660647e-04 5.556785115646823130e-04 -6.850546986603787275e-04 9.499711678321360762e-04 -9.357452379037036611e-04 0.000000000000000000e+00 -2.167775466704233676e-03 9.568930790731917891e-04
1.812634917419645873e-04 -2.399250371734193085e-04 -6.819152005705593532e-04 1.797696298439907872e-03 -8.549687316149386660e-04 7.171811224866848607e-04 -6.695400176414817710e-05 -4.403192364766219725e-04 -1.748540096902290479e-03 -2.167775466704233676e-03 0.000000000000000000e+00 -1.657545582237814020e-03
-2.346074969680077196e-04 3.116665400247713136e-04 1.845442946518745686e-04 7.478049072373225102e-04 -2.406441475411886990e-03 -8.788098650727546764e-04 -4.245771183407918482e-04 -3.231994882571174424e-04 -1.455961270514463885e-03 9.568930790731917891e-04 -1.657545582237814020e-03 0.000000000000000000e+00
