0.000000000000000000e+00 2.043980488478760516e-04 7.834666024987674260e-05 1.117895411922857250e-04 2.712107821956618320e-05 2.883173407594371174e-04 3.849513603861698212e-04 4.342985423811215775e-04 -3.784678411535431471e-04 -8.964230175427234648e-05 -7.898694308193827279e-05 2.227156460680922384e-04
2.043980488478760516e-04 0.000000000000000000e+00 2.207927631652982731e-04 4.986714228282992933e-04 2.070841721342381357e-04 -2.935549254442362875e-04 -3.216447479455516296e-04 -3.953623587383268186e-04 3.455480021772131005e-04 -2.220943987824629349e-04 -5.522352686334187737e-04 -6.998741077285552037e-04
7.834666024987674260e-05 2.207927631652982731e-04 0.000000000000000000e+00 6.090968443856275373e-05 2.997696917832365663e-04 2.694301426662405025e-04 -3.494662472773699580e-04 -4.500805261606848464e-04 1.751024053509295036e-04 3.570413924786870817e-04 2.223136317070880036e-04 3.165813446441335141e-04
1.117895411922857250e-04 4.986714228282992933e-04 6.090968443856275373e-05 0.000000000000000000e+00 -1.030047804745683150e-03 5.413726454751717997e-06 -1.077305704679717762e-03 -8.395359094791270778e-04 8.578396340130113595e-04 -9.016201775300399348e-04 1.762242683217011413e-03 1.265581139418288110e-03
2.712107821956618320e-05 2.070841721342381357e-04 2.997696917832365663e-04 -1.030047804745683150e-03 0.000000000000000000e+00 1.582612531366226144e-03 -1.790860648082886857e-03 -1.278496814173849709e-03 -6.292657815727677141e-04 -1.684335569641329028e-03 -3.732759116966983832e-03 2.292099793640550574e-05
2.883173407594371174e-04 -2.935549254442362875e-04 2.694301426662405025e-04 5.413726454751717997e-06 1.582612531366226144e-03 0.000000000000000000e+00 2.469410928352432696e-04 7.434506029480177861e-05 1.378397113682618288e-04 -5.756982784409465448e-04 1.817891629605153684e-03 7.262450288437206350e-04
3.849513603861698212e-04 -3.216447479455516296e-04 -3.494662472773699580e-04 -1.077305704679717762e-03 -1.790860648082886857e-03 2.469410928352432696e-04 0.000000000000000000e+00 -7.106111102666247056e-04 -1.636247948391883434e-03 1.539326479021741476e-03 1.559273828095257856e-03 8.031256980831755947e-04
4.342985423811215775e-04 -3.953623587383268186e-04 -4.500805261606848464e-04 -8.395359094791270778e-04 -1.278496814173849709e-03 7.434506029480177861e-05 -7.106111102666247056e-04 0.000000000000000000e+00 8.025342076549611897e-04 -8.261220952663018893e-04 -3.346581062042171262e-04 -1.543086929429426913e-04
-3.784678411535431471e-04 3.455480021772131005e-04 1.751024053509295036e-04 8.578396340130113595e-04 -6.292657815727677141e-04 1.378397113682618288e-04 -1.636247948391883434e-03 8.025342076549611897e-04 0.000000000000000000e+00 8.732972519692480760e-04 1.544892492502629357e-03 -5.915390830229858276e-05
-8.964230175427234648e-05 -2.220943987824629349e-04 3.570413924786870817e-04 -9.016201775300399348e-04 -1.684335569641329028e-03 -5.756982784409465448e-04 1.539326479021741476e-03 -8.261220952663018893e-04 8.732972519692480760e-04 0.000000000000000000e+00 -1.865818836484137806e-03 1.341846118901338699e-03
-7.898694308193827279e-05 -5.522352686334187737e-04 2.223136317070880036e-04 1.762242683217011413e-03 -3.732759116966983832e-03 1.817891629605153684e-03 1.559273828095257856e-03 -3.346581062042171262e-04 1.544892492502629357e-03 -1.865818836484137806e-03 0.000000000000000000e+00 -2.024623134022424857e-04
2.227156460680922384e-04 -6.998741077285552037e-04 3.165813446441335141e-04 1.265581139418288110e-03 2.292099793640550574e-05 7.262450288437206350e-04 8.031256980831755947e-04 -1.543086929429426913e-04 -5.915390830229858276e-05 1.341846118901338699e-03 -2.024623134022424857e-04 0.000000000000000000e+00
