0.000000000000000000e+00 2.218301457698196994e-04 -1.422400672159364235e-04 -3.140842480118793273e-04 -1.499122423204430786e-03 -4.331845057759203636e-04 2.676319128745487932e-04 1.719655041439577248e-04 1.885946676536333247e-04 -3.869992761024291269e-04 -6.238949944929919177e-04 -5.518131796064404621e-04
2.218301457698196994e-04 0.000000000000000000e+00 2.356593929444616249e-04 1.686722810995793507e-04 -1.820009897916701532e-04 5.425692389656656305e-04 -2.046897199728226575e-04 -9.048138335194930897e-05 2.743971350377618517e-04 -2.955155776728372375e-04 5.276954827262702067e-04 -3.384992913015154878e-04
-1.422400672159364235e-04 2.356593929444616249e-04 0.000000000000000000e+00 -1.246445125528239763e-04 -1.739327751402916218e-04 2.336162673095852952e-04 -1.585452099065385017e-04 2.316099051998679679e-04 3.447030971588983003e-04 1.333242823083296397e-04 2.867575719705763764e-04 -2.718557184583281954e-04
-3.140842480118793273e-04 1.686722810995793507e-04 -1.246445125528239763e-04 0.000000000000000000e+00 2.643575775006300893e-03 3.496209455731717677e-04 -1.591021012471601468e-04 -2.768070650311495881e-05 3.094842327090657286e-04 3.385160098508616859e-04 -3.258714356609264048e-03 -8.637270890126307141e-04
-1.499122423204430786e-03 -1.820009897916701532e-04 -1.739327751402916218e-04 2.643575775006300893e-03 0.000000000000000000e+00 -5.978456912843729040e-04 -6.990899432357427818e-05 -9.359744693948989338e-04 -5.110945680014150226e-04 -1.421056833661691297e-03 1.841559436445794210e-03 -1.726555937968272990e-03
-4.331845057759203636e-04 5.425692389656656305e-04 2.336162673095852952e-04 3.496209455731717677e-04 -5.978456912843729040e-04 0.000000000000000000e+00 -2.234006746577925590e-04 -4.427851042691796179e-04 -1.014381352210050747e-04 1.036977524991392714e-03 -1.019528051830369871e-03 8.303002802990596407e-04
2.676319128745487932e-04 -2.046897199728226575e-04 -1.585452099065385017e-04 -1.591021012471601468e-04 -6.990899432357427818e-05 -2.234006746577925590e-04 0.000000000000000000e+00 -7.847127453463497620e-04 7.440044956132204268e-04 1.697631744583439240e-04 -1.087730934884432749e-03 -4.681400909453115305e-04
1.719655041439577248e-04 -9.048138335194930897e-05 2.316099051998679679e-04 -2.768070650311495881e-05 -9.359744693948989338e-04 -4.427851042691796179e-04 -7.847127453463497620e-04 0.000000000000000000e+00 -1.862177094290217902e-04 -3.824393292742237611e-04 -1.001818957248786987e-03 -3.691002098696684916e-04
1.885946676536333247e-04 2.743971350377618517e-04 3.447030971588983003e-04 3.094842327090657286e-04 -5.110945680014150226e-04 -1.014381352210050747e-04 7.440044956132204268e-04 -1.862177094290217902e-04 0.000000000000000000e+00 -9.000850749365953531e-04 -1.409071429321035991e-03 1.037662671015295290e-04
-3.869992761024291269e-04 -2.955155776728372375e-04 1.333242823083296397e-04 3.385160098508616859e-04 -1.421056833661691297e-03 1.036977524991392714e-03 1.697631744583439240e-04 -3.824393292742237611e-04 -9.000850749365953531e-04 0.000000000000000000e+00 -7.912872071215213245e-04 -2.470605063079470750e-04
-6.238949944929919177e-04 5.276954827262702067e-04 2.867575719705763764e-04 -3.258714356609264048e-03 1.841559436445794210e-03 -1.019528051830369871e-03 -1.087730934884432749e-03 -1.001818957248786987e-03 -1.409071429321035991e-03 -7.912872071215213245e-04 0.000000000000000000e+00 5.240039338052932807e-04
-5.518131796064404621e-04 -3.384992913015154878e-04 -2.718557184583281954e-04 -8.637270890126307141e-04 -1.726555937968272990e-03 8.303002802990596407e-04 -4.681400909453115305e-04 -3.691002098696684916e-04 1.037662671015295290e-04 -2.470605063079470750e-04 5.240039338052932807e-04 0.000000000000000000e+00
