0.000000000000000000e+00 -8.474440350567860800e-06 -3.166999644974664158e-04 3.839364144123802035e-04 -4.505102400787805808e-04 -6.371496407545289926e-05 -4.068600468374391371e-04 3.328483267314642129e-04 3.276733115474179687e-04 -4.547424658148567706e-05 -4.853942308242149882e-04 2.114845785899286909e-04
-8.474440350567860800e-06 0.000000000000000000e+00 1.253766692736163757e-05 1.459084977771906821e-04 -3.585930046507365969e-04 3.020096835523807151e-04 -1.326535964519987042e-04 4.920564289949764169e-04 -3.701305909594746965e-04 9.672716897554046642e-05 -6.457457151259144096e-04 3.158946281014245985e-04
-3.166999644974664158e-04 1.253766692736163757e-05 0.000000000000000000e+00 -2.110796604529122997e-05 -2.755689696306940569e-04 -5.194545669052923805e-04 2.589556958302430918e-04 -1.485538924315411000e-04 -6.794399905933371742e-07 -1.784301021467653953e-04 1.017591578010820151e-04 -3.148869928861785009e-04
3.839364144123802035e-04 1.459084977771906821e-04 -2.110796604529122997e-05 0.000000000000000000e+00 -2.610764483786308984e-03 -1.274365400359248968e-03 1.722154449902704926e-04 8.358171647658724788e-04 5.833789818129041542e-04 -1.019309997369887344e-03 9.726788521558572039e-04 6.153304368436456539e-04
-4.505102400787805808e-04 -3.585930046507365969e-04 -2.755689696306940569e-04 -2.610764483786308984e-03 0.000000000000000000e+00 7.140218683119428688e-04 -1.313446316617949104e-03 1.002731089122384798e-03 2.829562073499348410e-03 1.379657715283352576e-03 -1.908428518752839720e-03 4.146413932624054858e-04
-6.371496407545289926e-05 3.020096835523807151e-04 -5.194545669052923805e-04 -1.274365400359248968e-03 7.140218683119428688e-04 0.000000000000000000e+00 1.097850178569492432e-04 -1.785158749063219994e-04 9.843301630369839274e-04 1.394811425877090462e-03 -1.596271276727815594e-03 8.776479592266188791e-04
-4.068600468374391371e-04 -1.326535964519987042e-04 2.589556958302430918e-04 1.722154449902704926e-04 -1.313446316617949104e-03 1.097850178569492432e-04 0.000000000000000000e+00 5.447709216141328727e-05 2.059669159805870334e-04 1.052348665267768650e-03 1.585255953859647342e-03 -8.972479961107758918e-04
3.328483267314642129e-04 4.920564289949764169e-04 -1.485538924315411000e-04 8.358171647658724788e-04 1.002731089122384798e-03 -1.785158749063219994e-04 5.447709216141328727e-05 0.000000000000000000e+00 -5.925626652522576147e-04 -2.110351168864512707e-05 9.654695547616579121e-05 5.888467908584737000e-05
3.276733115474179687e-04 -3.701305909594746965e-04 -6.794399905933371742e-07 5.833789818129041542e-04 2.829562073499348410e-03 9.843301630369839274e-04 2.059669159805870334e-04 -5.925626652522576147e-04 0.000000000000000000e+00 -1.359035329223867109e-03 -3.471874465318931617e-04 -5.878525720631337702e-05
-4.547424658148567706e-05 9.672716897554046642e-05 -1.784301021467653953e-04 -1.019309997369887344e-03 1.379657715283352576e-03 1.394811425877090462e-03 1.052348665267768650e-03 -2.110351168864512707e-05 -1.359035329223867109e-03 0.000000000000000000e+00 -1.837926916894540037e-03 2.589822654319686086e-04
-4.853942308242149882e-04 -6.457457151259144096e-04 1.017591578010820151e-04 9.726788521558572039e-04 -1.908428518752839720e-03 -1.596271276727815594e-03 1.585255953859647342e-03 9.654695547616579121e-05 -3.471874465318931617e-04 -1.837926916894540037e-03 0.000000000000000000e+00 4.613734176444072329e-04
2.114845785899286909e-04 3.158946281014245985e-04 -3.148869928861785009e-04 6.153304368436456539e-04 4.146413932624054858e-04 8.776479592266188791e-04 -8.972479961107758918e-04 5.888467908584737000e-05 -5.878525720631337702e-05 2.589822654319686086e-04 4.613734176444072329e-04 0.000000000000000000e+00
