0.000000000000000000e+00 5.876885620367502039e-05 1.743037438772311631e-04 1.779154078395876022e-04 -2.677235561128621789e-04 4.361960469680487224e-04 1.191138175232345296e-04 6.934637158299096276e-04 -2.419804713684558346e-04 3.706159613200932191e-04 6.071361871256429794e-04 -1.131453811076846646e-04
5.876885620367502039e-05 0.000000000000000000e+00 4.539223983868102981e-04 -6.712790179625509833e-05 2.481040956224780025e-04 -2.327069595355621217e-04 4.372314993980287105e-05 -1.998695439758218324e-04 -6.692316142880020335e-04 4.410890578252490155e-04 6.582228836496347747e-04 -2.626907312051629268e-04
1.743037438772311631e-04 4.539223983868102981e-04 0.000000000000000000e+00 -3.388232304959608917e-04 -1.018731011788167381e-03 7.479076510867814064e-04 -4.658208477329711509e-05 -2.785230902389517578e-04 -1.447793317698452297e-04 -8.493734143134177217e-04 -2.995394218375046851e-04 -3.802152390865015641e-04
1.779154078395876022e-04 -6.712790179625509833e-05 -3.388232304959608917e-04 0.000000000000000000e+00 -1.372090658135666262e-03 1.993076188597193849e-05 -2.260336944670487611e-03 -3.581059238359235604e-04 6.666608990641610276e-04 1.121077319559673916e-03 -2.015685098976397957e-04 -8.552953067392891906e-04
-2.677235561128621789e-04 2.481040956224780025e-04 -1.018731011788167381e-03 -1.372090658135666262e-03 0.000000000000000000e+00 -1.227861767296810954e-03 -7.537554772472506662e-04 -2.631879312055195540e-04 -6.772250195519689256e-04 -2.618864826222410628e-03 1.899550893044287892e-03 6.770311651166750289e-04
4.361960469680487224e-04 -2.327069595355621217e-04 7.479076510867814064e-04 1.993076188597193849e-05 -1.227861767296810954e-03 0.000000000000000000e+00 1.652576143851163110e-06 -5.941751342289887730e-04 1.029550212350460302e-03 6.812210006177969127e-04 1.233537826613755517e-04 -2.652226213804538893e-04
1.191138175232345296e-04 4.372314993980287105e-05 -4.658208477329711509e-05 -2.260336944670487611e-03 -7.537554772472506662e-04 1.652576143851163110e-06 0.000000000000000000e+00 -3.548643596072148651e-04 -2.138308530893494915e-04 9.334879963843219349e-04 -5.863281195898344556e-04 7.826100384544459974e-04
6.934637158299096276e-04 -1.998695439758218324e-04 -2.785230902389517578e-04 -3.581059238359235604e-04 -2.631879312055195540e-04 -5.941751342289887730e-04 -3.548643596072148651e-04 0.000000000000000000e+00 -5.700687791250015667e-04 -4.204913037966617599e-04 2.929023392508533993e-06 -2.674551721589963076e-04
-2.419804713684558346e-04 -6.692316142880020335e-04 -1.447793317698452297e-04 6.666608990641610276e-04 -6.772250195519689256e-04 1.029550212350460302e-03 -2.138308530893494915e-04 -5.700687791250015667e-04 0.000000000000000000e+00 4.546690964342441554e-04 1.942827753436521775e-03 -5.232909658275213118e-05
3.706159613200932191e-04 4.410890578252490155e-04 -8.493734143134177217e-04 1.121077319559673916e-03 -2.618864826222410628e-03 6.812210006177969127e-04 9.334879963843219349e-04 -4.204913037966617599e-04 4.546690964342441554e-04 0.000000000000000000e+00 -1.376463584461394074e-03 1.043625397363480943e-03
6.071361871256429794e-04 6.582228836496347747e-04 -2.995394218375046851e-04 -2.015685098976397957e-04 1.899550893044287892e-03 1.233537826613755517e-04 -5.863281195898344556e-04 2.929023392508533993e-06 1.942827753436521775e-03 -1.376463584461394074e-03 0.000000000000000000e+00 2.307881197440363012e-03
-1.131453811076846646e-04 -2.626907312051629268e-04 -3.802152390865015641e-04 -8.552953067392891906e-04 6.770311651166750289e-04 -2.652226213804538893e-04 7.826100384544459974e-04 -2.674551721589963076e-04 -5.232909658275213118e-05 1.043625397363480943e-03 2.307881197440363012e-03 0.000000000000000000e+00
