0.000000000000000000e+00 4.182221107262130240e-04 5.724891298752467607e-04 -1.273253242578402909e-03 2.408752599967644258e-03 -4.441648794562641186e-05 -4.444935968321128261e-04 -7.261718754574694951e-04 -8.224702935396945632e-04 2.406814594279518675e-04 -2.445188270788275641e-04 2.967142853901639263e-04
4.182221107262130240e-04 0.000000000000000000e+00 -2.871429234188696859e-04 -2.954391393755526453e-04 -7.240456325272470349e-04 4.763824697347428770e-04 -6.540914777654152927e-05 2.837336035305469860e-05 6.943260311526822603e-05 2.387295760941856183e-04 -2.740982243319972774e-04 5.466796629705347819e-05
5.724891298752467607e-04 -2.871429234188696859e-04 0.000000000000000000e+00 7.104131215102656247e-04 -9.542455419677320274e-04 6.595135046185129258e-06 -4.091429404512154726e-04 -3.947914188816919415e-04 2.457240238374192422e-04 4.754903909198265823e-04 6.765116429572068455e-05 1.030806045874242335e-03
-1.273253242578402909e-03 -2.954391393755526453e-04 7.104131215102656247e-04 0.000000000000000000e+00 -1.019587586728363995e-03 3.059339692491621450e-04 6.093941666099078500e-05 -7.345126396575941356e-04 3.912696613094756291e-04 3.420872933423648094e-04 -1.789129835818186506e-04 -1.942801310019221959e-03
2.408752599967644258e-03 -7.240456325272470349e-04 -9.542455419677320274e-04 -1.019587586728363995e-03 0.000000000000000000e+00 -2.124249925563259644e-03 6.209418795423729239e-04 -3.411142799185131196e-04 -5.357576431815701647e-04 9.451594640533504286e-04 2.113526919317752686e-03 -2.522191523519059717e-03
-4.441648794562641186e-05 4.763824697347428770e-04 6.595135046185129258e-06 3.059339692491621450e-04 -2.124249925563259644e-03 0.000000000000000000e+00 -9.681446892892551419e-05 -4.280476673693297510e-04 1.660239084453565844e-05 -2.323441356207504936e-05 7.675625098941704324e-05 -6.298922046959233578e-04
-4.444935968321128261e-04 -6.540914777654152927e-05 -4.091429404512154726e-04 6.093941666099078500e-05 6.209418795423729239e-04 -9.681446892892551419e-05 0.000000000000000000e+00 6.267136398601116877e-05 6.836764968223971921e-05 -6.047153235933446245e-05 4.204349047541837024e-04 -1.026947452623598600e-03
-7.261718754574694951e-04 2.837336035305469860e-05 -3.947914188816919415e-04 -7.345126396575941356e-04 -3.411142799185131196e-04 -4.280476673693297510e-04 6.267136398601116877e-05 0.000000000000000000e+00 -4.713498865049505870e-04 4.291871696273309353e-04 -2.832471740048048484e-04 2.659626772612245994e-04
-8.224702935396945632e-04 6.943260311526822603e-05 2.457240238374192422e-04 3.912696613094756291e-04 -5.357576431815701647e-04 1.660239084453565844e-05 6.836764968223971921e-05 -4.713498865049505870e-04 0.000000000000000000e+00 4.025682369814560096e-04 5.815320912907150606e-04 1.712737832481425575e-03
2.406814594279518675e-04 2.387295760941856183e-04 4.754903909198265823e-04 3.420872933423648094e-04 9.451594640533504286e-04 -2.323441356207504936e-05 -6.047153235933446245e-05 4.291871696273309353e-04 4.025682369814560096e-04 0.000000000000000000e+00 5.279513587108032764e-04 -7.707518720514399237e-04
-2.445188270788275641e-04 -2.740982243319972774e-04 6.765116429572068455e-05 -1.789129835818186506e-04 2.113526919317752686e-03 7.675625098941704324e-05 4.204349047541837024e-04 -2.832471740048048484e-04 5.815320912907150606e-04 5.279513587108032764e-04 0.000000000000000000e+00 7.914098097116198816e-04
2.967142853901639263e-04 5.466796629705347819e-05 1.030806045874242335e-03 -1.942801310019221959e-03 -2.522191523519059717e-03 -6.298922046959233578e-04 -1.026947452623598600e-03 2.659626772612245994e-04 1.712737832481425575e-03 -7.707518720514399237e-04 7.914098097116198816e-04 0.000000000000000000e+00
