0.000000000000000000e+00 -3.590714379228877634e-04 3.531934085637278981e-04 -6.618551109820272095e-04 -1.229256017478586472e-03 -3.352698032662248758e-04 5.672799928811130075e-04 -6.095284493330730509e-04 -8.691737998588432157e-04 3.273084478882460810e-04 1.887259141686794151e-04 -4.375736274115165866e-04
-3.590714379228877634e-04 0.000000000000000000e+00 4.314026376412827117e-04 2.050347762793647527e-04 -1.454118854201357988e-03 2.560091875938791460e-04 4.376293181479552806e-04 6.282467958667016994e-04 2.503381324268013101e-04 2.118038849147450690e-04 -5.454093668045625898e-04 -5.063001476008047348e-04
3.531934085637278981e-04 4.314026376412827117e-04 0.000000000000000000e+00 4.246012006963786607e-04 -1.179209867947969646e-03 -3.631705940434812427e-04 -2.428299349978233623e-05 8.979311457436295460e-04 6.064110719372316216e-04 -3.233892229678163191e-05 5.775857427017536475e-04 1.512434871617833465e-03
-6.618551109820272095e-04 2.050347762793647527e-04 4.246012006963786607e-04 0.000000000000000000e+00 -3.286127672676890984e-04 5.861270504261014260e-04 4.954044427098543060e-04 5.787139209329185885e-04 4.575927876850027190e-04 6.622870254650500008e-04 1.122724185612281479e-03 -1.785348050798496455e-03
-1.229256017478586472e-03 -1.454118854201357988e-03 -1.179209867947969646e-03 -3.286127672676890984e-04 0.000000000000000000e+00 5.146064811560458049e-04 -1.155634224288291934e-03 1.206554790468372272e-03 -2.791507267430287913e-03 -8.495413475689645930e-04 1.438523216539778007e-03 -7.251619754689395559e-04
-3.352698032662248758e-04 2.560091875938791460e-04 -3.631705940434812427e-04 5.861270504261014260e-04 5.146064811560458049e-04 0.000000000000000000e+00 3.267189431130148604e-04 1.528569472128214041e-04 -4.373736867887647629e-04 4.861814965597780771e-04 1.280945536917197356e-04 9.545265263190124902e-04
5.672799928811130075e-04 4.376293181479552806e-04 -2.428299349978233623e-05 4.954044427098543060e-04 -1.155634224288291934e-03 3.267189431130148604e-04 0.000000000000000000e+00 -3.760760525439186880e-04 -6.690451046999060008e-05 2.373678305830152270e-04 2.927835958592065586e-04 1.085955448069456965e-03
-6.095284493330730509e-04 6.282467958667016994e-04 8.979311457436295460e-04 5.787139209329185885e-04 1.206554790468372272e-03 1.528569472128214041e-04 -3.760760525439186880e-04 0.000000000000000000e+00 -2.203636308746442503e-04 -2.801617629330052000e-04 -4.492123172442132072e-04 9.937052336432940572e-04
-8.691737998588432157e-04 2.503381324268013101e-04 6.064110719372316216e-04 4.575927876850027190e-04 -2.791507267430287913e-03 -4.373736867887647629e-04 -6.690451046999060008e-05 -2.203636308746442503e-04 0.000000000000000000e+00 -4.020771680234339041e-04 2.428579572810829034e-04 1.873954294118250962e-03
3.273084478882460810e-04 2.118038849147450690e-04 -3.233892229678163191e-05 6.622870254650500008e-04 -8.495413475689645930e-04 4.861814965597780771e-04 2.373678305830152270e-04 -2.801617629330052000e-04 -4.020771680234339041e-04 0.000000000000000000e+00 -3.398319734658999773e-04 3.548611782341407604e-04
1.887259141686794151e-04 -5.454093668045625898e-04 5.775857427017536475e-04 1.122724185612281479e-03 1.438523216539778007e-03 1.280945536917197356e-04 2.927835958592065586e-04 -4.492123172442132072e-04 2.428579572810829034e-04 -3.398319734658999773e-04 0.000000000000000000e+00 4.478990723468683800e-04
-4.375736274115165866e-04 -5.063001476008047348e-04 1.512434871617833465e-03 -1.785348050798496455e-03 -7.251619754689395559e-04 9.545265263190124902e-04 1.085955448069456965e-03 9.937052336432940572e-04 1.873954294118250962e-03 3.548611782341407604e-04 4.478990723468683800e-04 0.000000000000000000e+00
