0.000000000000000000e+00 5.196181665669397228e-04 -4.149268796446655707e-04 -1.711869274784080775e-04 7.019984409635029185e-04 5.851232172834934997e-04 1.083412544863595689e-04 6.759536245381529349e-04 -2.857976131516792384e-04 -1.042133196212052890e-03 -2.536941814111970460e-04 2.710613601945409054e-03
5.196181665669397228e-04 0.000000000000000000e+00 3.116549449031321599e-04 6.482597228532801506e-04 7.940269917096098081e-04 -3.629512407957649752e-04 -6.074181311875427396e-05 3.550545022399345836e-04 6.300730178847658083e-04 -1.266072712765599882e-04 -5.441338716158028921e-04 -1.503700471732372524e-03
-4.149268796446655707e-04 3.116549449031321599e-04 0.000000000000000000e+00 2.783563478923899203e-04 1.645269240680196894e-03 2.794862779591412525e-05 -1.446656149685771043e-04 7.797103918560201804e-05 5.952991091530010709e-04 -8.789821228720832167e-04 4.532672880319538471e-04 -5.291858006441559504e-04
-1.711869274784080775e-04 6.482597228532801506e-04 2.783563478923899203e-04 0.000000000000000000e+00 2.223965377926553823e-03 1.093045603331553454e-04 -3.143339209993282622e-04 1.618366810152167129e-04 1.083027452762714334e-03 1.506260517914055110e-03 1.475708752296497938e-03 2.257647459720703992e-03
7.019984409635029185e-04 7.940269917096098081e-04 1.645269240680196894e-03 2.223965377926553823e-03 0.000000000000000000e+00 -6.994956519569505132e-04 -3.145759876667523954e-05 1.171782053618731535e-03 -2.748865463751920188e-03 -2.054492081204146916e-03 2.017795298111362597e-03 8.953928895415992975e-04
5.851232172834934997e-04 -3.629512407957649752e-04 2.794862779591412525e-05 1.093045603331553454e-04 -6.994956519569505132e-04 0.000000000000000000e+00 5.267528376968799763e-04 -4.040033432730350525e-04 -3.208139202500380439e-04 1.099783917133390619e-04 -1.199853028910706612e-04 2.663497463915880559e-04
1.083412544863595689e-04 -6.074181311875427396e-05 -1.446656149685771043e-04 -3.143339209993282622e-04 -3.145759876667523954e-05 5.267528376968799763e-04 0.000000000000000000e+00 2.353448944368036633e-04 -2.587590555234091198e-04 2.982428819089858840e-04 1.614894293558945455e-04 -6.495554836408581672e-04
6.759536245381529349e-04 3.550545022399345836e-04 7.797103918560201804e-05 1.618366810152167129e-04 1.171782053618731535e-03 -4.040033432730350525e-04 2.353448944368036633e-04 0.000000000000000000e+00 -1.066869376931588393e-03 5.906465930704355447e-04 2.906998050743306631e-04 -4.818384637106088689e-04
-2.857976131516792384e-04 6.300730178847658083e-04 5.952991091530010709e-04 1.083027452762714334e-03 -2.748865463751920188e-03 -3.208139202500380439e-04 -2.587590555234091198e-04 -1.066869376931588393e-03 0.000000000000000000e+00 2.178547764853785366e-04 4.123245559928331990e-04 1.194473342406256248e-04
-1.042133196212052890e-03 -1.266072712765599882e-04 -8.789821228720832167e-04 1.506260517914055110e-03 -2.054492081204146916e-03 1.099783917133390619e-04 2.982428819089858840e-04 5.906465930704355447e-04 2.178547764853785366e-04 0.000000000000000000e+00 8.771026094499559075e-05 6.899419526303594841e-04
-2.536941814111970460e-04 -5.441338716158028921e-04 4.532672880319538471e-04 1.475708752296497938e-03 2.017795298111362597e-03 -1.199853028910706612e-04 1.614894293558945455e-04 2.906998050743306631e-04 4.123245559928331990e-04 8.771026094499559075e-05 0.000000000000000000e+00 7.126168746240547219e-04
2.710613601945409054e-03 -1.503700471732372524e-03 -5.291858006441559504e-04 2.257647459720703992e-03 8.953928895415992975e-04 2.663497463915880559e-04 -6.495554836408581672e-04 -4.818384637106088689e-04 1.194473342406256248e-04 6.899419526303594841e-04 7.126168746240547219e-04 0.000000000000000000e+00
