0.000000000000000000e+00 3.091103883835298046e-05 -5.998530859690183806e-04 1.841308698490580096e-03 3.263841035148039717e-04 3.729452695117936616e-05 -5.964923040670681896e-04 -2.882471605318812384e-04 3.759832016549679331e-04 1.353643309781805536e-03 -3.249126120498824102e-04 -3.142546547581839215e-03
3.091103883835298046e-05 0.000000000000000000e+00 -5.021257716368378353e-04 2.046956760650003599e-04 -4.776004958679804332e-05 -4.789348045865455335e-04 -3.029827511636620134e-04 -8.102506093354500333e-04 -4.265262927431222122e-04 -2.206373023100703234e-04 -3.342618769212716309e-04 -2.582886547451514517e-04
-5.998530859690183806e-04 -5.021257716368378353e-04 0.000000000000000000e+00 6.687560826123440001e-04 -9.230228568910576624e-05 -7.675128871937591385e-04 1.000744713074902103e-03 2.988136524196378864e-04 -1.442260055366225227e-04 1.222703523392375344e-03 -7.367243749563124342e-04 1.208421207326660935e-03
1.841308698490580096e-03 2.046956760650003599e-04 6.687560826123440001e-04 0.000000000000000000e+00 -1.336766845616952249e-04 5.311248234733364007e-04 7.847531143254226228e-04 1.920394835506718028e-03 -2.285263169566924735e-04 -3.362402561256031680e-04 2.064827809069743041e-04 -1.361151546275593451e-03
3.263841035148039717e-04 -4.776004958679804332e-05 -9.230228568910576624e-05 -1.336766845616952249e-04 0.000000000000000000e+00 4.947773617646444551e-04 3.850935770672363700e-04 -1.847038762532801507e-04 4.777064569470176555e-04 -8.846849767856438534e-04 1.061874321549960654e-04 -7.562072953047165036e-04
3.729452695117936616e-05 -4.789348045865455335e-04 -7.675128871937591385e-04 5.311248234733364007e-04 4.947773617646444551e-04 0.000000000000000000e+00 -5.568851305602852853e-05 5.284094597215688392e-04 -5.275324785514606558e-04 4.256853641697515658e-04 4.150783606132086320e-05 -4.668242365503381432e-04
-5.964923040670681896e-04 -3.029827511636620134e-04 1.000744713074902103e-03 7.847531143254226228e-04 3.850935770672363700e-04 -5.568851305602852853e-05 0.000000000000000000e+00 -9.560697188798040298e-04 -2.916096939464865568e-04 6.092279784723995126e-04 -1.644887184880052986e-04 -6.991942309210623699e-05
-2.882471605318812384e-04 -8.102506093354500333e-04 2.988136524196378864e-04 1.920394835506718028e-03 -1.847038762532801507e-04 5.284094597215688392e-04 -9.560697188798040298e-04 0.000000000000000000e+00 -7.196011786103786003e-04 -2.169818236780152784e-03 6.630340804347879889e-05 -1.210640426973864166e-04
3.759832016549679331e-04 -4.265262927431222122e-04 -1.442260055366225227e-04 -2.285263169566924735e-04 4.777064569470176555e-04 -5.275324785514606558e-04 -2.916096939464865568e-04 -7.196011786103786003e-04 0.000000000000000000e+00 -2.000946921488277531e-04 -3.491476670802805640e-04 5.798138065138035363e-04
1.353643309781805536e-03 -2.206373023100703234e-04 1.222703523392375344e-03 -3.362402561256031680e-04 -8.846849767856438534e-04 4.256853641697515658e-04 6.092279784723995126e-04 -2.169818236780152784e-03 -2.000946921488277531e-04 0.000000000000000000e+00 4.372276489640641753e-04 7.344008801391703825e-04
-3.249126120498824102e-04 -3.342618769212716309e-04 -7.367243749563124342e-04 2.064827809069743041e-04 1.061874321549960654e-04 4.150783606132086320e-05 -1.644887184880052986e-04 6.630340804347879889e-05 -3.491476670802805640e-04 4.372276489640641753e-04 0.000000000000000000e+00 -1.140810847791255271e-04
-3.142546547581839215e-03 -2.582886547451514517e-04 1.208421207326660935e-03 -1.361151546275593451e-03 -7.562072953047165036e-04 -4.668242365503381432e-04 -6.991942309210623699e-05 -1.210640426973864166e-04 5.798138065138035363e-04 7.344008801391703825e-04 -1.140810847791255271e-04 0.000000000000000000e+00
