0.000000000000000000e+00 -5.717226897034076525e-04 1.089339616828618714e-03 -9.865671011323941687e-04 5.336728622183928294e-04 1.070086829281744227e-03 -5.820844851366950502e-05 -1.198031400677224264e-03 -3.325332374332828694e-04 1.087985940993271882e-03 -6.345781685879344197e-04 -1.693611768903976328e-03
-5.717226897034076525e-04 0.000000000000000000e+00 2.622512385277935660e-04 7.514792694321306785e-05 2.218553026273697743e-04 4.518431542948079995e-05 4.663114889209791299e-04 -4.636132704951642799e-05 -2.811692180007204734e-05 1.901473849911990708e-04 -4.161044936100568399e-04 -6.184720857606154166e-04
1.089339616828618714e-03 2.622512385277935660e-04 0.000000000000000000e+00 -5.100668313032123485e-04 -6.174230719154501310e-04 -8.858589095305263077e-04 -5.539844614028890816e-04 1.066252602921388985e-03 -4.471320143873346270e-04 -5.311320931491963875e-04 4.643499055379005460e-04 -4.560135649618802969e-04
-9.865671011323941687e-04 7.514792694321306785e-05 -5.100668313032123485e-04 0.000000000000000000e+00 -7.711332687743491492e-04 -3.713604620768612527e-04 -3.608641676903257835e-04 1.307345566409521349e-04 2.436325667241697368e-04 4.113077147821964010e-04 7.647382344102434358e-04 -2.588413037540730527e-04
5.336728622183928294e-04 2.218553026273697743e-04 -6.174230719154501310e-04 -7.711332687743491492e-04 0.000000000000000000e+00 1.819360950206003571e-04 2.173756395517071780e-04 -2.376591157892597137e-05 8.029558109543709831e-05 -3.733426161337860582e-04 -4.169367053154254973e-04 -8.726895286700613475e-04
1.070086829281744227e-03 4.518431542948079995e-05 -8.858589095305263077e-04 -3.713604620768612527e-04 1.819360950206003571e-04 0.000000000000000000e+00 2.579195484909457044e-04 5.454498025616752541e-04 -3.225560985345562667e-04 -4.922018544356114014e-04 1.477100902384239180e-04 -5.556157596395065431e-04
-5.820844851366950502e-05 4.663114889209791299e-04 -5.539844614028890816e-04 -3.608641676903257835e-04 2.173756395517071780e-04 2.579195484909457044e-04 0.000000000000000000e+00 5.363014927289864103e-05 1.297663042952308763e-04 -4.284057989347453757e-04 2.355864791050189201e-05 5.677294114312181946e-04
-1.198031400677224264e-03 -4.636132704951642799e-05 1.066252602921388985e-03 1.307345566409521349e-04 -2.376591157892597137e-05 5.454498025616752541e-04 5.363014927289864103e-05 0.000000000000000000e+00 2.398401893732375850e-04 1.843471567970953644e-03 2.937268963616690930e-04 -1.915955514599809815e-03
-3.325332374332828694e-04 -2.811692180007204734e-05 -4.471320143873346270e-04 2.436325667241697368e-04 8.029558109543709831e-05 -3.225560985345562667e-04 1.297663042952308763e-04 2.398401893732375850e-04 0.000000000000000000e+00 4.457231600517240727e-04 8.098166279134896091e-05 1.123986257989785997e-03
1.087985940993271882e-03 1.901473849911990708e-04 -5.311320931491963875e-04 4.113077147821964010e-04 -3.733426161337860582e-04 -4.922018544356114014e-04 -4.284057989347453757e-04 1.843471567970953644e-03 4.457231600517240727e-04 0.000000000000000000e+00 2.971149309238963073e-04 3.353246506164039766e-03
-6.345781685879344197e-04 -4.161044936100568399e-04 4.643499055379005460e-04 7.647382344102434358e-04 -4.169367053154254973e-04 1.477100902384239180e-04 2.355864791050189201e-05 2.937268963616690930e-04 8.098166279134896091e-05 2.971149309238963073e-04 0.000000000000000000e+00 -5.094088701436685299e-04
-1.693611768903976328e-03 -6.184720857606154166e-04 -4.560135649618802969e-04 -2.588413037540730527e-04 -8.726895286700613475e-04 -5.556157596395065431e-04 5.677294114312181946e-04 -1.915955514599809815e-03 1.123986257989785997e-03 3.353246506164039766e-03 -5.094088701436685299e-04 0.000000000000000000e+00
