0.000000000000000000e+00 7.363233202562206219e-04 1.177273163624363789e-03 -3.058838116345616548e-04 5.174299453940731618e-04 -1.156547095509788620e-03 -5.942919016661656062e-04 1.754240617055005842e-03 -1.054419911116313867e-04 -5.727353228412771467e-04 -9.449742949539242497e-04 -9.720625609681356498e-04
7.363233202562206219e-04 0.000000000000000000e+00 1.673239759019486995e-04 -1.914300554432057195e-04 -7.841851583610221724e-04 6.952129975918052351e-04 1.128712795761518858e-04 1.142391936818851612e-04 1.003116015757492664e-04 -6.113250259429911558e-04 2.361481349001014413e-04 -6.217042980964575076e-04
1.177273163624363789e-03 1.673239759019486995e-04 0.000000000000000000e+00 1.165615040745268758e-03 3.992036373358105847e-04 -7.135903340095939935e-05 -1.215673740883941965e-04 -4.099731871157800099e-04 1.878305503862151419e-04 -4.453171633993088595e-05 -3.894557580462673088e-05 -4.328174573738041405e-04
-3.058838116345616548e-04 -1.914300554432057195e-04 1.165615040745268758e-03 0.000000000000000000e+00 -3.702516184447766619e-04 -5.286759625229103766e-04 6.251309379608021265e-04 1.428926349660659002e-03 2.585523180513640547e-04 6.133729324365650749e-04 7.007495646836804258e-04 -2.241032453374211010e-03
5.174299453940731618e-04 -7.841851583610221724e-04 3.992036373358105847e-04 -3.702516184447766619e-04 0.000000000000000000e+00 9.681315878044015387e-05 -3.806274246747858698e-04 -1.868516024630335068e-03 3.707134203372318041e-05 -1.164563439894618097e-03 -4.842071964737571931e-04 -1.525129711266724622e-03
-1.156547095509788620e-03 6.952129975918052351e-04 -7.135903340095939935e-05 -5.286759625229103766e-04 9.681315878044015387e-05 0.000000000000000000e+00 1.134555274421510210e-04 -1.629827204932542215e-03 3.087220287249777760e-05 3.206750271444529471e-04 -1.382966970315677375e-04 -8.541061421108530173e-04
-5.942919016661656062e-04 1.128712795761518858e-04 -1.215673740883941965e-04 6.251309379608021265e-04 -3.806274246747858698e-04 1.134555274421510210e-04 0.000000000000000000e+00 1.720446493210718994e-06 7.497068262818980949e-05 9.505216504354122248e-05 -2.351287841131265090e-04 3.126140340235486394e-04
1.754240617055005842e-03 1.142391936818851612e-04 -4.099731871157800099e-04 1.428926349660659002e-03 -1.868516024630335068e-03 -1.629827204932542215e-03 1.720446493210718994e-06 0.000000000000000000e+00 -8.774648313721673983e-04 1.433649178981020057e-03 -1.169271712137399770e-03 -1.123125523703774782e-03
-1.054419911116313867e-04 1.003116015757492664e-04 1.878305503862151419e-04 2.585523180513640547e-04 3.707134203372318041e-05 3.087220287249777760e-05 7.497068262818980949e-05 -8.774648313721673983e-04 0.000000000000000000e+00 3.806795609042969999e-04 8.734585848850872736e-05 -6.786774710748707693e-04
-5.727353228412771467e-04 -6.113250259429911558e-04 -4.453171633993088595e-05 6.133729324365650749e-04 -1.164563439894618097e-03 3.206750271444529471e-04 9.505216504354122248e-05 1.433649178981020057e-03 3.806795609042969999e-04 0.000000000000000000e+00 -8.012989223552186620e-04 1.123174352497676668e-03
-9.449742949539242497e-04 2.361481349001014413e-04 -3.894557580462673088e-05 7.007495646836804258e-04 -4.842071964737571931e-04 -1.382966970315677375e-04 -2.351287841131265090e-04 -1.169271712137399770e-03 8.734585848850872736e-05 -8.012989223552186620e-04 0.000000000000000000e+00 3.107320649677035690e-06
-9.720625609681356498e-04 -6.217042980964575076e-04 -4.328174573738041405e-04 -2.241032453374211010e-03 -1.525129711266724622e-03 -8.541061421108530173e-04 3.126140340235486394e-04 -1.123125523703774782e-03 -6.786774710748707693e-04 1.123174352497676668e-03 3.107320649677035690e-06 0.000000000000000000e+00
