0.000000000000000000e+00 1.201806970892639213e-03 -5.864563835681784371e-05 3.103097883837795242e-04 -2.809508392883314047e-04 -3.087532094822868534e-05 -4.775081600394392843e-05 3.244682940914446760e-04 -3.031009754919644899e-04 -6.067524905899664991e-05 7.787107709228282095e-05 -4.843359254678833892e-04
1.201806970892639213e-03 0.000000000000000000e+00 -3.936987865637256619e-03 -4.048816708732230784e-04 -7.367386658487673099e-04 -7.213098400920186842e-04 -1.164371166508742107e-03 -5.363292166296653720e-04 3.435765420572410036e-04 -1.164710967096437228e-03 9.430062233354791559e-04 -3.123735604471736000e-03
-5.864563835681784371e-05 -3.936987865637256619e-03 0.000000000000000000e+00 -2.253223272496544371e-03 -8.570337089089008660e-04 2.706286375460206133e-04 9.432462846407768924e-04 -2.030963326387547410e-03 -9.418279960586862761e-04 -4.750592790344201422e-04 -1.156976792972332644e-03 -1.514911914839121420e-03
3.103097883837795242e-04 -4.048816708732230784e-04 -2.253223272496544371e-03 0.000000000000000000e+00 6.998082314486590719e-04 -1.241885859922266233e-04 -1.318680710102014108e-03 1.444949832102766741e-03 -3.404407172183767706e-04 -5.851102944183083233e-04 -1.499286757136498202e-04 5.806924629615046931e-04
-2.809508392883314047e-04 -7.367386658487673099e-04 -8.570337089089008660e-04 6.998082314486590719e-04 0.000000000000000000e+00 2.334611219185891496e-04 9.152828580666206963e-04 2.565179036697743699e-04 3.469733642558404290e-04 -1.164853344400268777e-05 3.212488935468441531e-04 1.238809541924309468e-04
-3.087532094822868534e-05 -7.213098400920186842e-04 2.706286375460206133e-04 -1.241885859922266233e-04 2.334611219185891496e-04 0.000000000000000000e+00 -3.729209944160642639e-05 2.918298594517022577e-04 6.028543007162896501e-04 -8.528448411784010045e-05 -2.077065515114105080e-04 8.634259110047625340e-04
-4.775081600394392843e-05 -1.164371166508742107e-03 9.432462846407768924e-04 -1.318680710102014108e-03 9.152828580666206963e-04 -3.729209944160642639e-05 0.000000000000000000e+00 -1.965062542724008154e-04 2.532672942173868898e-04 -3.585179929504238522e-04 3.538312876836900559e-04 -4.011123122165194204e-04
3.244682940914446760e-04 -5.363292166296653720e-04 -2.030963326387547410e-03 1.444949832102766741e-03 2.565179036697743699e-04 2.918298594517022577e-04 -1.965062542724008154e-04 0.000000000000000000e+00 6.029204769305915442e-04 8.564426388837028965e-04 -6.344173475947467895e-04 -1.274823992628052469e-03
-3.031009754919644899e-04 3.435765420572410036e-04 -9.418279960586862761e-04 -3.404407172183767706e-04 3.469733642558404290e-04 6.028543007162896501e-04 2.532672942173868898e-04 6.029204769305915442e-04 0.000000000000000000e+00 2.513934450259989453e-04 -2.872562158813029638e-06 2.610938662746118875e-04
-6.067524905899664991e-05 -1.164710967096437228e-03 -4.750592790344201422e-04 -5.851102944183083233e-04 -1.164853344400268777e-05 -8.528448411784010045e-05 -3.585179929504238522e-04 8.564426388837028965e-04 2.513934450259989453e-04 0.000000000000000000e+00 8.838859300319306712e-05 7.461077053496641782e-04
7.787107709228282095e-05 9.430062233354791559e-04 -1.156976792972332644e-03 -1.499286757136498202e-04 3.212488935468441531e-04 -2.077065515114105080e-04 3.538312876836900559e-04 -6.344173475947467895e-04 -2.872562158813029638e-06 8.838859300319306712e-05 0.000000000000000000e+00 -4.430172033825353179e-05
-4.843359254678833892e-04 -3.123735604471736000e-03 -1.514911914839121420e-03 5.806924629615046931e-04 1.238809541924309468e-04 8.634259110047625340e-04 -4.011123122165194204e-04 -1.274823992628052469e-03 2.610938662746118875e-04 7.461077053496641782e-04 -4.430172033825353179e-05 0.000000000000000000e+00
