0.000000000000000000e+00 8.594934778335215218e-05 5.782310849787446769e-05 2.755514594951705013e-04 -3.397676558237348247e-04 -1.172622086041436463e-04 5.169325849925090815e-04 7.967210986383169331e-04 2.000309642220376299e-04 7.880103058929619535e-06 -3.277157651402144408e-04 -3.359606252586214105e-04
8.594934778335215218e-05 0.000000000000000000e+00 -2.146565275469979311e-03 6.139738260830009120e-04 -8.846634747540143640e-04 6.238381549179285689e-04 -1.606057062492590240e-03 3.852130728845054673e-03 9.348997757292258582e-04 9.020849662270965337e-04 -1.325459376766986719e-03 -1.958662977552082587e-03
5.782310849787446769e-05 -2.146565275469979311e-03 0.000000000000000000e+00 4.651966847080032095e-04 6.555794381801852708e-04 -7.945523565251417846e-04 5.593705575216124330e-04 3.182303699836315242e-03 -1.103499778459888321e-03 6.337102549792043111e-04 -5.541653146729943850e-04 1.867691748292354395e-03
2.755514594951705013e-04 6.139738260830009120e-04 4.651966847080032095e-04 0.000000000000000000e+00 -5.129753361034840612e-04 -6.140972843046068469e-04 -1.181127562157944757e-04 1.121571617545534267e-03 5.176842499065335357e-04 2.290810588269078202e-04 8.246704082130753796e-05 8.781086902473934789e-04
-3.397676558237348247e-04 -8.846634747540143640e-04 6.555794381801852708e-04 -5.129753361034840612e-04 0.000000000000000000e+00 -1.521037558307443232e-04 5.924514010334507204e-04 9.916629552862944383e-04 -5.660391229816991035e-04 -5.800861432619261552e-05 2.155065324891782458e-05 -1.136479676911847023e-03
-1.172622086041436463e-04 6.238381549179285689e-04 -7.945523565251417846e-04 -6.140972843046068469e-04 -1.521037558307443232e-04 0.000000000000000000e+00 -6.662792262523082383e-05 -6.895641592610806010e-04 -3.150826446443592724e-04 -1.306821572843821263e-04 -1.628677324704418821e-04 -6.161016974215348862e-04
5.169325849925090815e-04 -1.606057062492590240e-03 5.593705575216124330e-04 -1.181127562157944757e-04 5.924514010334507204e-04 -6.662792262523082383e-05 0.000000000000000000e+00 1.279115090697094956e-03 -3.898325738915857331e-04 2.432145331249155849e-04 -1.459443345741968088e-04 1.010180941023251355e-03
7.967210986383169331e-04 3.852130728845054673e-03 3.182303699836315242e-03 1.121571617545534267e-03 9.916629552862944383e-04 -6.895641592610806010e-04 1.279115090697094956e-03 0.000000000000000000e+00 4.482365433629958962e-04 4.208326631797569312e-04 -4.921054941077485914e-04 -4.369128395848946296e-04
2.000309642220376299e-04 9.348997757292258582e-04 -1.103499778459888321e-03 5.176842499065335357e-04 -5.660391229816991035e-04 -3.150826446443592724e-04 -3.898325738915857331e-04 4.482365433629958962e-04 0.000000000000000000e+00 -9.371805814621093867e-04 1.225499269810531784e-04 1.042129272155098516e-03
7.880103058929619535e-06 9.020849662270965337e-04 6.337102549792043111e-04 2.290810588269078202e-04 -5.800861432619261552e-05 -1.306821572843821263e-04 2.432145331249155849e-04 4.208326631797569312e-04 -9.371805814621093867e-04 0.000000000000000000e+00 2.605451940134265198e-04 -7.681678825322046976e-04
-3.277157651402144408e-04 -1.325459376766986719e-03 -5.541653146729943850e-04 8.246704082130753796e-05 2.155065324891782458e-05 -1.628677324704418821e-04 -1.459443345741968088e-04 -4.921054941077485914e-04 1.225499269810531784e-04 2.605451940134265198e-04 0.000000000000000000e+00 6.997676456614022834e-04
-3.359606252586214105e-04 -1.958662977552082587e-03 1.867691748292354395e-03 8.781086902473934789e-04 -1.136479676911847023e-03 -6.161016974215348862e-04 1.010180941023251355e-03 -4.369128395848946296e-04 1.042129272155098516e-03 -7.681678825322046976e-04 6.997676456614022834e-04 0.000000000000000000e+00
