0.000000000000000000e+00 1.267220441470394692e-04 4.239331019666827999e-04 2.254221482724776539e-04 1.296580311011808189e-04 -1.964088342865991902e-04 3.014540055761685865e-04 7.263822218913253538e-05 9.279094100681885076e-05 -5.445911636077683691e-05 2.215196881678259649e-04 -6.521719779083501095e-04
1.267220441470394692e-04 0.000000000000000000e+00 -1.734786493405243192e-03 1.795174390527607235e-04 1.278174878140044164e-03 -1.024337924774903954e-03 2.381735845729890475e-03 -5.358798651889302208e-04 1.693632953918865376e-03 -5.894869588633652952e-04 -6.391998775376726448e-04 1.560903665171582948e-03
4.239331019666827999e-04 -1.734786493405243192e-03 0.000000000000000000e+00 -1.153263237799873400e-03 -3.545349644301132894e-04 2.280615784296477911e-04 3.842583353689891503e-04 -5.607906611505346318e-04 1.398519009105177310e-03 8.525373811313743987e-04 2.484115097518075277e-04 -1.028819143043107758e-04
2.254221482724776539e-04 1.795174390527607235e-04 -1.153263237799873400e-03 0.000000000000000000e+00 -7.350112891543773494e-04 -6.611404399772806851e-04 -1.364374378093268457e-04 1.697146246081973880e-03 -3.247737662190049537e-04 4.655586862833860536e-04 4.244870573411313312e-04 1.031243715035635783e-03
1.296580311011808189e-04 1.278174878140044164e-03 -3.545349644301132894e-04 -7.350112891543773494e-04 0.000000000000000000e+00 1.621898426371998995e-04 6.690742110879655457e-04 3.068973756009808047e-04 -4.870058329342180073e-04 -2.087339124397197092e-04 8.067325344075903918e-05 -5.091035468429505953e-04
-1.964088342865991902e-04 -1.024337924774903954e-03 2.280615784296477911e-04 -6.611404399772806851e-04 1.621898426371998995e-04 0.000000000000000000e+00 3.474827389581762569e-04 6.861943441536805938e-04 2.625869947847631866e-05 -2.015927801070042534e-04 2.932763250835725036e-04 -5.748101833393013218e-05
3.014540055761685865e-04 2.381735845729890475e-03 3.842583353689891503e-04 -1.364374378093268457e-04 6.690742110879655457e-04 3.474827389581762569e-04 0.000000000000000000e+00 1.377972019562883742e-03 4.761175906510853556e-04 8.440863742746053830e-06 3.433556560686911629e-05 3.613625238112555473e-04
7.263822218913253538e-05 -5.358798651889302208e-04 -5.607906611505346318e-04 1.697146246081973880e-03 3.068973756009808047e-04 6.861943441536805938e-04 1.377972019562883742e-03 0.000000000000000000e+00 -1.353001194524318471e-03 5.918403447433628157e-04 6.584650112035837473e-04 -2.502361160862402105e-04
9.279094100681885076e-05 1.693632953918865376e-03 1.398519009105177310e-03 -3.247737662190049537e-04 -4.870058329342180073e-04 2.625869947847631866e-05 4.761175906510853556e-04 -1.353001194524318471e-03 0.000000000000000000e+00 -4.438542390955343151e-05 2.624221112288538209e-04 1.163632861375980257e-03
-5.445911636077683691e-05 -5.894869588633652952e-04 8.525373811313743987e-04 4.655586862833860536e-04 -2.087339124397197092e-04 -2.015927801070042534e-04 8.440863742746053830e-06 5.918403447433628157e-04 -4.438542390955343151e-05 0.000000000000000000e+00 -1.073648514698056843e-04 -3.865567817052144783e-04
2.215196881678259649e-04 -6.391998775376726448e-04 2.484115097518075277e-04 4.244870573411313312e-04 8.067325344075903918e-05 2.932763250835725036e-04 3.433556560686911629e-05 6.584650112035837473e-04 2.624221112288538209e-04 -1.073648514698056843e-04 0.000000000000000000e+00 4.727445533053844596e-04
-6.521719779083501095e-04 1.560903665171582948e-03 -1.028819143043107758e-04 1.031243715035635783e-03 -5.091035468429505953e-04 -5.748101833393013218e-05 3.613625238112555473e-04 -2.502361160862402105e-04 1.163632861375980257e-03 -3.865567817052144783e-04 4.727445533053844596e-04 0.000000000000000000e+00
