0.000000000000000000e+00 -8.785084984470960560e-04 -9.624676845074002507e-04 -2.923555463332046982e-04 -3.747365099020783766e-04 8.233783606080146301e-05 -4.628804258582854843e-05 9.275765819664225868e-04 -9.752260083785526431e-06 1.357416369461720348e-04 1.222349736788431551e-04 2.247487831876258740e-04
-8.785084984470960560e-04 0.000000000000000000e+00 2.032192957779262090e-03 2.565766656332817228e-03 8.214860833236113180e-04 7.106344132922604679e-04 -4.205522763812526090e-04 -5.633039667737261823e-06 2.979700720908903810e-04 -1.239915046101484897e-03 8.840271004535444743e-04 -1.819503786139566297e-03
-9.624676845074002507e-04 2.032192957779262090e-03 0.000000000000000000e+00 -1.399290525609535795e-03 4.076580950498298427e-05 8.936771356372534385e-04 -1.912970492492811238e-03 -3.093460496218668936e-04 1.078793598608152830e-03 8.120436480715218256e-04 -7.913867643378464213e-04 -1.613708410512210969e-03
-2.923555463332046982e-04 2.565766656332817228e-03 -1.399290525609535795e-03 0.000000000000000000e+00 -4.013572382497582192e-04 7.158875398873671379e-05 -4.203511552029763534e-04 -1.215759485200451932e-03 7.051910266482669040e-04 -3.081894778930192110e-04 6.786012351637506993e-04 1.506477833710183995e-03
-3.747365099020783766e-04 8.214860833236113180e-04 4.076580950498298427e-05 -4.013572382497582192e-04 0.000000000000000000e+00 -1.709137784367518477e-04 -3.000481120904448067e-04 8.040298415932665890e-04 1.798865712913491936e-04 2.857633610822609012e-04 1.375256522483274196e-04 -1.990486713691815238e-05
8.233783606080146301e-05 7.106344132922604679e-04 8.936771356372534385e-04 7.158875398873671379e-05 -1.709137784367518477e-04 0.000000000000000000e+00 -9.551571971982928408e-04 -4.025937700473004193e-04 2.270869816014954676e-04 -1.738915002574367588e-04 -1.069102772809280678e-04 5.033451877698251736e-04
-4.628804258582854843e-05 -4.205522763812526090e-04 -1.912970492492811238e-03 -4.203511552029763534e-04 -3.000481120904448067e-04 -9.551571971982928408e-04 0.000000000000000000e+00 -6.123555166585805841e-04 -9.353370240238037319e-04 -5.072747412746349315e-04 -3.698793000692281326e-04 8.549387877167243877e-04
9.275765819664225868e-04 -5.633039667737261823e-06 -3.093460496218668936e-04 -1.215759485200451932e-03 8.040298415932665890e-04 -4.025937700473004193e-04 -6.123555166585805841e-04 0.000000000000000000e+00 -3.603799188387361895e-04 1.293535845832710250e-04 -1.283451584909537072e-05 -1.713046071721748085e-03
-9.752260083785526431e-06 2.979700720908903810e-04 1.078793598608152830e-03 7.051910266482669040e-04 1.798865712913491936e-04 2.270869816014954676e-04 -9.353370240238037319e-04 -3.603799188387361895e-04 0.000000000000000000e+00 3.097708625247157775e-04 2.304466707410392440e-04 -4.733376097406935350e-04
1.357416369461720348e-04 -1.239915046101484897e-03 8.120436480715218256e-04 -3.081894778930192110e-04 2.857633610822609012e-04 -1.738915002574367588e-04 -5.072747412746349315e-04 1.293535845832710250e-04 3.097708625247157775e-04 0.000000000000000000e+00 -5.511075760639470535e-05 4.915991005623532653e-04
1.222349736788431551e-04 8.840271004535444743e-04 -7.913867643378464213e-04 6.786012351637506993e-04 1.375256522483274196e-04 -1.069102772809280678e-04 -3.698793000692281326e-04 -1.283451584909537072e-05 2.304466707410392440e-04 -5.511075760639470535e-05 0.000000000000000000e+00 2.592283299822412308e-05
2.247487831876258740e-04 -1.819503786139566297e-03 -1.613708410512210969e-03 1.506477833710183995e-03 -1.990486713691815238e-05 5.033451877698251736e-04 8.549387877167243877e-04 -1.713046071721748085e-03 -4.733376097406935350e-04 4.915991005623532653e-04 2.592283299822412308e-05 0.000000000000000000e+00
