0.000000000000000000e+00 -6.405057554795795917e-04 1.603312773676497291e-04 8.978640675145446899e-05 -5.094898201011431235e-05 -4.220759552349510348e-04 -2.216541537763536867e-04 -5.741340961948156922e-04 -9.804147867566210151e-05 6.432636297805525072e-04 5.358593029615119638e-04 -1.194837123013806741e-04
-6.405057554795795917e-04 0.000000000000000000e+00 2.751008202708678935e-03 2.541412794121333959e-04 -6.273978239579973415e-04 4.010100571556611559e-04 -1.197210103381464398e-03 -1.966047053493174580e-03 -1.121203054665794764e-03 -7.330768065331064003e-04 -1.261620929863184904e-03 2.600184786405346400e-04
1.603312773676497291e-04 2.751008202708678935e-03 0.000000000000000000e+00 -1.175309119102761323e-03 -7.563002215375034089e-04 1.298543680748872947e-04 -1.206721147089656002e-03 1.812132026293942653e-03 3.426503068915386107e-04 6.899782527779696169e-04 1.020823362479282613e-03 -1.042338444939611272e-03
8.978640675145446899e-05 2.541412794121333959e-04 -1.175309119102761323e-03 0.000000000000000000e+00 3.184882495618720805e-05 3.494941115288363489e-04 7.115300170283922997e-04 3.995470816521236898e-04 3.195319820690935959e-04 4.316162238756562496e-04 4.788305696876015848e-04 7.913028956896228606e-04
-5.094898201011431235e-05 -6.273978239579973415e-04 -7.563002215375034089e-04 3.184882495618720805e-05 0.000000000000000000e+00 -2.679885549586651593e-04 3.883260650032961843e-04 -7.576896052426626853e-05 1.144438463111312073e-06 5.881451358493827285e-04 -3.910947748338126505e-04 6.011455933465368121e-04
-4.220759552349510348e-04 4.010100571556611559e-04 1.298543680748872947e-04 3.494941115288363489e-04 -2.679885549586651593e-04 0.000000000000000000e+00 -8.021250950182341613e-04 -3.434080545201048640e-04 -3.091462251154065651e-04 1.561468049254900769e-04 8.316762967505540857e-05 5.995933366946045329e-04
-2.216541537763536867e-04 -1.197210103381464398e-03 -1.206721147089656002e-03 7.115300170283922997e-04 3.883260650032961843e-04 -8.021250950182341613e-04 0.000000000000000000e+00 -1.754747424414247097e-03 1.463320028958686248e-04 2.693246046576467994e-04 -4.311872883955399560e-04 -2.323005558482552633e-04
-5.741340961948156922e-04 -1.966047053493174580e-03 1.812132026293942653e-03 3.995470816521236898e-04 -7.576896052426626853e-05 -3.434080545201048640e-04 -1.754747424414247097e-03 0.000000000000000000e+00 3.871984618409163152e-04 -1.147420588575848150e-04 7.780565822095608956e-04 -3.826099371715052308e-04
-9.804147867566210151e-05 -1.121203054665794764e-03 3.426503068915386107e-04 3.195319820690935959e-04 1.144438463111312073e-06 -3.091462251154065651e-04 1.463320028958686248e-04 3.871984618409163152e-04 0.000000000000000000e+00 2.336415363632390961e-04 -4.061525934753395747e-04 -2.402332562794935733e-04
6.432636297805525072e-04 -7.330768065331064003e-04 6.899782527779696169e-04 4.316162238756562496e-04 5.881451358493827285e-04 1.561468049254900769e-04 2.693246046576467994e-04 -1.147420588575848150e-04 2.336415363632390961e-04 0.000000000000000000e+00 -6.056969428943542109e-05 -3.935127841436580963e-04
5.358593029615119638e-04 -1.261620929863184904e-03 1.020823362479282613e-03 4.788305696876015848e-04 -3.910947748338126505e-04 8.316762967505540857e-05 -4.311872883955399560e-04 7.780565822095608956e-04 -4.061525934753395747e-04 -6.056969428943542109e-05 0.000000000000000000e+00 -7.367635772113904262e-04
-1.194837123013806741e-04 2.600184786405346400e-04 -1.042338444939611272e-03 7.913028956896228606e-04 6.011455933465368121e-04 5.995933366946045329e-04 -2.323005558482552633e-04 -3.826099371715052308e-04 -2.402332562794935733e-04 -3.935127841436580963e-04 -7.367635772113904262e-04 0.000000000000000000e+00
