0.000000000000000000e+00 2.920464393310434571e-04 4.347164985651158714e-04 -8.424270925514324229e-04 8.270478457565493468e-04 8.056382456494706138e-04 1.359218922316152416e-03 -6.708807455358908357e-04 -3.349565136118113620e-04 1.619063452002694184e-03 -5.873231021140650886e-04 -2.084904936354537146e-03
2.920464393310434571e-04 0.000000000000000000e+00 -6.346323262927996284e-04 1.305966018975643632e-04 5.659499254406867011e-04 1.223670460919184112e-04 -1.876560211830695878e-04 -3.389951614726095103e-04 5.307470523580608724e-05 -1.054656926511592444e-03 5.389775750991029424e-04 -3.752348238811497238e-04
4.347164985651158714e-04 -6.346323262927996284e-04 0.000000000000000000e+00 -5.661221669813048125e-05 1.470046927651301504e-04 1.174907470038831362e-04 1.018039494146461693e-03 9.120516713103567902e-04 -2.879708753881514752e-04 -1.653152872668981095e-03 -1.362617854667722568e-05 -5.396981859070234134e-04
-8.424270925514324229e-04 1.305966018975643632e-04 -5.661221669813048125e-05 0.000000000000000000e+00 -1.156960042394880638e-03 1.354034042207860524e-04 2.186410186355196370e-04 1.632708670023318262e-04 -4.797488245874239514e-04 -1.569817978220694433e-04 3.995690337501433550e-05 -6.047453541840531370e-04
8.270478457565493468e-04 5.659499254406867011e-04 1.470046927651301504e-04 -1.156960042394880638e-03 0.000000000000000000e+00 7.606489696457767024e-04 -1.180242043204844616e-03 3.994961967200957777e-04 3.663776561793299805e-04 -8.695414485166829289e-04 2.815088812787798939e-05 2.008997770792863343e-03
8.056382456494706138e-04 1.223670460919184112e-04 1.174907470038831362e-04 1.354034042207860524e-04 7.606489696457767024e-04 0.000000000000000000e+00 -3.752121852135398023e-04 4.169881574242167689e-05 -3.474824658916671281e-04 -8.567628299819315518e-05 -1.355462705729724292e-06 1.677285195575547387e-04
1.359218922316152416e-03 -1.876560211830695878e-04 1.018039494146461693e-03 2.186410186355196370e-04 -1.180242043204844616e-03 -3.752121852135398023e-04 0.000000000000000000e+00 -7.548444915084829600e-04 3.274274203364395722e-04 -3.184025183671230618e-03 -1.071280557461455146e-04 -9.281342442403631241e-04
-6.708807455358908357e-04 -3.389951614726095103e-04 9.120516713103567902e-04 1.632708670023318262e-04 3.994961967200957777e-04 4.169881574242167689e-05 -7.548444915084829600e-04 0.000000000000000000e+00 8.331541114713060753e-05 6.232588897419973246e-04 1.173099514094960109e-04 -7.283905992735815885e-04
-3.349565136118113620e-04 5.307470523580608724e-05 -2.879708753881514752e-04 -4.797488245874239514e-04 3.663776561793299805e-04 -3.474824658916671281e-04 3.274274203364395722e-04 8.331541114713060753e-05 0.000000000000000000e+00 3.229479602328047517e-04 3.635557611682467029e-04 -4.623017863317295788e-04
1.619063452002694184e-03 -1.054656926511592444e-03 -1.653152872668981095e-03 -1.569817978220694433e-04 -8.695414485166829289e-04 -8.567628299819315518e-05 -3.184025183671230618e-03 6.232588897419973246e-04 3.229479602328047517e-04 0.000000000000000000e+00 -6.777444622733540171e-04 -2.950479113412369982e-03
-5.873231021140650886e-04 5.389775750991029424e-04 -1.362617854667722568e-05 3.995690337501433550e-05 2.815088812787798939e-05 -1.355462705729724292e-06 -1.071280557461455146e-04 1.173099514094960109e-04 3.635557611682467029e-04 -6.777444622733540171e-04 0.000000000000000000e+00 -8.235403456557867548e-04
-2.084904936354537146e-03 -3.752348238811497238e-04 -5.396981859070234134e-04 -6.047453541840531370e-04 2.008997770792863343e-03 1.677285195575547387e-04 -9.281342442403631241e-04 -7.283905992735815885e-04 -4.623017863317295788e-04 -2.950479113412369982e-03 -8.235403456557867548e-04 0.000000000000000000e+00
