0.000000000000000000e+00 6.588209605686354406e-04 4.780489012284398179e-04 8.831869640405813019e-04 2.011222598764358851e-03 -9.143412488257649439e-05 2.049226168995630336e-03 4.579934249944198825e-04 -1.405636242452361394e-04 1.294668537792163353e-03 7.235843676703765555e-04 -2.820458195756834867e-03
6.588209605686354406e-04 0.000000000000000000e+00 -1.575309932941089831e-04 2.475989594407824340e-04 -3.798623260332243063e-04 -4.059202865585875039e-04 1.243324848109590664e-04 -1.916690711838610762e-04 2.072494234886534676e-04 1.191344729305711522e-03 2.714672982621847068e-04 5.039705797337979288e-04
4.780489012284398179e-04 -1.575309932941089831e-04 0.000000000000000000e+00 7.847337072560309993e-04 3.941866364458859799e-05 -4.797220977011993162e-04 -3.000828331842009039e-04 -5.902658650931053063e-04 -4.282689558202965952e-04 -4.252453147705254391e-04 -2.857114466270689493e-04 7.260000954847831405e-04
8.831869640405813019e-04 2.475989594407824340e-04 7.847337072560309993e-04 0.000000000000000000e+00 9.473231961358115003e-04 -2.196161461766050333e-04 -6.316957145467061354e-04 -3.657087058311353088e-04 -1.883035956875949433e-04 -1.289962614813586076e-03 1.443786613882900747e-04 -2.959060037487903092e-04
2.011222598764358851e-03 -3.798623260332243063e-04 3.941866364458859799e-05 9.473231961358115003e-04 0.000000000000000000e+00 1.398857530495329618e-04 1.142108236877406764e-03 -1.525051699313143992e-03 5.000118840411272702e-04 1.792069853403917713e-03 -4.631173539677070649e-04 -9.075313677425505448e-04
-9.143412488257649439e-05 -4.059202865585875039e-04 -4.797220977011993162e-04 -2.196161461766050333e-04 1.398857530495329618e-04 0.000000000000000000e+00 4.201909211224786667e-04 -7.407882369350194654e-05 -3.318552436489084897e-04 -5.071128455239209444e-04 -1.368443205272071046e-04 3.521066430439970447e-04
2.049226168995630336e-03 1.243324848109590664e-04 -3.000828331842009039e-04 -6.316957145467061354e-04 1.142108236877406764e-03 4.201909211224786667e-04 0.000000000000000000e+00 5.068879908313963416e-04 3.947315346959841026e-04 -1.676518221813589737e-03 -6.896571520424112003e-04 7.167624406409640577e-04
4.579934249944198825e-04 -1.916690711838610762e-04 -5.902658650931053063e-04 -3.657087058311353088e-04 -1.525051699313143992e-03 -7.407882369350194654e-05 5.068879908313963416e-04 0.000000000000000000e+00 -1.945735969931370495e-04 8.840609047286081008e-04 1.793803593232843501e-04 7.600722319560537397e-04
-1.405636242452361394e-04 2.072494234886534676e-04 -4.282689558202965952e-04 -1.883035956875949433e-04 5.000118840411272702e-04 -3.318552436489084897e-04 3.947315346959841026e-04 -1.945735969931370495e-04 0.000000000000000000e+00 -8.000563274748890554e-04 1.948285005301367051e-04 -3.755782373408402333e-04
1.294668537792163353e-03 1.191344729305711522e-03 -4.252453147705254391e-04 -1.289962614813586076e-03 1.792069853403917713e-03 -5.071128455239209444e-04 -1.676518221813589737e-03 8.840609047286081008e-04 -8.000563274748890554e-04 0.000000000000000000e+00 -5.354909692805322587e-04 2.989276681377448733e-03
7.235843676703765555e-04 2.714672982621847068e-04 -2.857114466270689493e-04 1.443786613882900747e-04 -4.631173539677070649e-04 -1.368443205272071046e-04 -6.896571520424112003e-04 1.793803593232843501e-04 1.948285005301367051e-04 -5.354909692805322587e-04 0.000000000000000000e+00 5.731519255515289072e-04
-2.820458195756834867e-03 5.039705797337979288e-04 7.260000954847831405e-04 -2.959060037487903092e-04 -9.075313677425505448e-04 3.521066430439970447e-04 7.167624406409640577e-04 7.600722319560537397e-04 -3.755782373408402333e-04 2.989276681377448733e-03 5.731519255515289072e-04 0.000000000000000000e+00
