0.000000000000000000e+00 -1.521998095073360743e-03 7.538067833789789673e-04 -5.694354629448302287e-04 -2.496079390227837896e-03 1.878735075554153959e-05 -1.851137828087916529e-04 3.406962877649640821e-03 1.108760956255570472e-03 -3.556562355063027031e-04 -7.880829634928292020e-04 1.722036693942949359e-04
-1.521998095073360743e-03 0.000000000000000000e+00 6.921686982149254964e-04 8.179584796596823387e-04 -1.939433045386298625e-03 6.821513647181648302e-05 7.510824697173567829e-05 7.024111252648127717e-05 7.009626981770725402e-04 -9.343251177151933430e-04 3.208773813497692111e-04 6.339011400315129434e-04
7.538067833789789673e-04 6.921686982149254964e-04 0.000000000000000000e+00 -1.356600873385427960e-04 -5.362062371548911930e-05 2.137205738842773461e-04 -5.279768532059672908e-05 -1.181580485627435400e-03 8.172274414181410944e-04 -6.986568976959780727e-04 3.932830555783506463e-04 2.377399086328639858e-04
-5.694354629448302287e-04 8.179584796596823387e-04 -1.356600873385427960e-04 0.000000000000000000e+00 -9.810585764379025492e-04 -2.864641906978720445e-04 -4.260106874692299217e-04 1.831701462744857872e-03 -1.732076441457430218e-04 2.282410973608163616e-04 6.776789815430096569e-04 -3.092992599295969649e-04
-2.496079390227837896e-03 -1.939433045386298625e-03 -5.362062371548911930e-05 -9.810585764379025492e-04 0.000000000000000000e+00 -3.532226015748620687e-04 -5.627226958383217334e-04 -7.479323048156478549e-04 1.130578991341724777e-03 2.995826529548402677e-04 3.735807341598786535e-05 -6.592846090571749182e-04
1.878735075554153959e-05 6.821513647181648302e-05 2.137205738842773461e-04 -2.864641906978720445e-04 -3.532226015748620687e-04 0.000000000000000000e+00 1.355122125301247513e-04 -1.732113860129390803e-04 -2.582911497773280295e-04 4.926795853675446828e-04 6.752306154296013757e-05 -5.247104259439291712e-05
-1.851137828087916529e-04 7.510824697173567829e-05 -5.279768532059672908e-05 -4.260106874692299217e-04 -5.627226958383217334e-04 1.355122125301247513e-04 0.000000000000000000e+00 -1.570483244531368407e-05 3.682046627694209560e-04 -5.496238358826281483e-04 -7.395416276822613369e-05 -1.573752758390066552e-04
3.406962877649640821e-03 7.024111252648127717e-05 -1.181580485627435400e-03 1.831701462744857872e-03 -7.479323048156478549e-04 -1.732113860129390803e-04 -1.570483244531368407e-05 0.000000000000000000e+00 -9.352149791306315751e-04 1.312401970081597015e-03 -1.474446090179558832e-03 4.428476446959062084e-04
1.108760956255570472e-03 7.009626981770725402e-04 8.172274414181410944e-04 -1.732076441457430218e-04 1.130578991341724777e-03 -2.582911497773280295e-04 3.682046627694209560e-04 -9.352149791306315751e-04 0.000000000000000000e+00 -3.529835510346824743e-04 -1.672104697541143710e-04 -2.716703934455636242e-04
-3.556562355063027031e-04 -9.343251177151933430e-04 -6.986568976959780727e-04 2.282410973608163616e-04 2.995826529548402677e-04 4.926795853675446828e-04 -5.496238358826281483e-04 1.312401970081597015e-03 -3.529835510346824743e-04 0.000000000000000000e+00 -3.580567223221457155e-04 -3.906778698627148719e-04
-7.880829634928292020e-04 3.208773813497692111e-04 3.932830555783506463e-04 6.776789815430096569e-04 3.735807341598786535e-05 6.752306154296013757e-05 -7.395416276822613369e-05 -1.474446090179558832e-03 -1.672104697541143710e-04 -3.580567223221457155e-04 0.000000000000000000e+00 4.856937870143090692e-04
1.722036693942949359e-04 6.339011400315129434e-04 2.377399086328639858e-04 -3.092992599295969649e-04 -6.592846090571749182e-04 -5.247104259439291712e-05 -1.573752758390066552e-04 4.428476446959062084e-04 -2.716703934455636242e-04 -3.906778698627148719e-04 4.856937870143090692e-04 0.000000000000000000e+00
