0.000000000000000000e+00 -1.350102810970071421e-03 -5.879539488208993447e-04 -2.177260731933828956e-04 -1.404490493257870955e-03 2.646747936003600765e-04 8.828621546687943650e-04 1.505183838941024504e-03 1.098378936618008743e-03 -1.876062798725469183e-03 -1.018314035745805602e-03 -9.193189493304770995e-04
-1.350102810970071421e-03 0.000000000000000000e+00 1.914077640011976119e-04 3.011883519140734337e-04 -7.449912881181904620e-05 8.638839445764792853e-05 3.819992367210998751e-05 -6.039911839438753339e-04 -2.591800453170149741e-04 8.826363699913135309e-04 -5.210140557533643642e-04 -6.308483283651863211e-04
-5.879539488208993447e-04 1.914077640011976119e-04 0.000000000000000000e+00 -1.838772999602302535e-04 6.400656991969721219e-04 8.179005146536494353e-04 1.952193441208641578e-04 -1.729739331083621993e-03 -4.274143218148988778e-04 -3.914143141262615999e-04 -1.266077907498039769e-04 1.454275306224782230e-04
-2.177260731933828956e-04 3.011883519140734337e-04 -1.838772999602302535e-04 0.000000000000000000e+00 -1.428743613472828423e-03 1.518636221007289150e-04 -8.127333190063889580e-05 -4.876565408052730625e-04 -8.031469537594789442e-05 8.078935599948154503e-04 -7.632224068006267454e-04 -1.373410803495561459e-05
-1.404490493257870955e-03 -7.449912881181904620e-05 6.400656991969721219e-04 -1.428743613472828423e-03 0.000000000000000000e+00 -7.300263225875725870e-04 -6.939610262459561382e-04 -3.603271170483094560e-03 -8.784833787861638914e-04 7.149280436159891668e-04 5.063691572046341875e-04 7.814834135623456362e-04
2.646747936003600765e-04 8.638839445764792853e-05 8.179005146536494353e-04 1.518636221007289150e-04 -7.300263225875725870e-04 0.000000000000000000e+00 -2.110348053486409375e-04 4.074470834389937418e-04 -4.067279011605640961e-04 -3.699543411995804458e-04 -9.568233320354665962e-05 -4.161611697882995923e-04
8.828621546687943650e-04 3.819992367210998751e-05 1.952193441208641578e-04 -8.127333190063889580e-05 -6.939610262459561382e-04 -2.110348053486409375e-04 0.000000000000000000e+00 -1.197206552433208258e-03 -2.105368547576296032e-04 -6.526979180051522981e-04 7.292012758583538330e-05 -3.124070639173742747e-04
1.505183838941024504e-03 -6.039911839438753339e-04 -1.729739331083621993e-03 -4.876565408052730625e-04 -3.603271170483094560e-03 4.074470834389937418e-04 -1.197206552433208258e-03 0.000000000000000000e+00 -1.657689792064592250e-03 9.716483739159269533e-04 -1.148024727703155423e-03 -4.520404011511531639e-04
1.098378936618008743e-03 -2.591800453170149741e-04 -4.274143218148988778e-04 -8.031469537594789442e-05 -8.784833787861638914e-04 -4.067279011605640961e-04 -2.105368547576296032e-04 -1.657689792064592250e-03 0.000000000000000000e+00 4.372115592428828229e-05 -2.107589292091679339e-04 4.247794266022706733e-04
-1.876062798725469183e-03 8.826363699913135309e-04 -3.914143141262615999e-04 8.078935599948154503e-04 7.149280436159891668e-04 -3.699543411995804458e-04 -6.526979180051522981e-04 9.716483739159269533e-04 4.372115592428828229e-05 0.000000000000000000e+00 -2.470989220672768728e-04 -3.965366352740614503e-04
-1.018314035745805602e-03 -5.210140557533643642e-04 -1.266077907498039769e-04 -7.632224068006267454e-04 5.063691572046341875e-04 -9.568233320354665962e-05 7.292012758583538330e-05 -1.148024727703155423e-03 -2.107589292091679339e-04 -2.470989220672768728e-04 0.000000000000000000e+00 -2.229803804559522916e-06
-9.193189493304770995e-04 -6.308483283651863211e-04 1.454275306224782230e-04 -1.373410803495561459e-05 7.814834135623456362e-04 -4.161611697882995923e-04 -3.124070639173742747e-04 -4.520404011511531639e-04 4.247794266022706733e-04 -3.965366352740614503e-04 -2.229803804559522916e-06 0.000000000000000000e+00
