0.000000000000000000e+00 -1.371943809819543272e-03 -3.680208845407136140e-04 1.581018637631636381e-05 -1.112081407452311264e-03 -7.940920225211487229e-04 -8.651140744712497487e-04 -1.233196723739913908e-03 4.260501598775506263e-04 -7.968040906698098998e-04 -1.841371135936860793e-03 1.513710103873577633e-03
-1.371943809819543272e-03 0.000000000000000000e+00 -5.987443225111239390e-04 -1.098071438648070717e-03 1.115661417469769904e-03 4.867778206346281005e-04 -1.531651447187729368e-04 -1.057097105105510835e-04 4.242767571825158124e-04 1.214240572348865895e-03 5.416944665092274149e-04 -4.247004080589695586e-04
-3.680208845407136140e-04 -5.987443225111239390e-04 0.000000000000000000e+00 9.342148918495546536e-04 -1.455968804476882438e-03 -1.152998518495585518e-04 -7.037284671946594396e-06 9.706546108935903191e-04 3.541612233211498953e-06 1.842616124920439097e-05 6.022451191094055573e-04 7.441758988598240520e-04
1.581018637631636381e-05 -1.098071438648070717e-03 9.342148918495546536e-04 0.000000000000000000e+00 1.172498818617703905e-03 -1.811379808279661794e-04 -9.344509121141672623e-05 6.261070023142318013e-04 6.317934064191898201e-05 -9.464833260446300130e-04 7.726168467332960579e-04 -4.789009451139164758e-04
-1.112081407452311264e-03 1.115661417469769904e-03 -1.455968804476882438e-03 1.172498818617703905e-03 0.000000000000000000e+00 -6.012856499376227236e-04 -5.528205411566938744e-04 -3.251990626520572577e-03 1.067999896436917350e-03 -8.946564755161937705e-04 1.188279514083478029e-03 -1.576444349596120261e-03
-7.940920225211487229e-04 4.867778206346281005e-04 -1.152998518495585518e-04 -1.811379808279661794e-04 -6.012856499376227236e-04 0.000000000000000000e+00 -3.026794723865401291e-04 1.337070853162823474e-03 -2.680710741873390066e-05 1.471083711081194560e-04 4.879867374244665286e-04 4.283661162635035019e-04
-8.651140744712497487e-04 -1.531651447187729368e-04 -7.037284671946594396e-06 -9.344509121141672623e-05 -5.528205411566938744e-04 -3.026794723865401291e-04 0.000000000000000000e+00 6.282059676507928880e-04 -3.974490861566337165e-04 -1.351193192895994307e-04 -4.462365471361387921e-05 -5.433899580502932029e-04
-1.233196723739913908e-03 -1.057097105105510835e-04 9.706546108935903191e-04 6.261070023142318013e-04 -3.251990626520572577e-03 1.337070853162823474e-03 6.282059676507928880e-04 0.000000000000000000e+00 7.205976157781565595e-04 -1.762505662246621567e-04 4.020083287707797290e-04 -6.333256343359232104e-04
4.260501598775506263e-04 4.242767571825158124e-04 3.541612233211498953e-06 6.317934064191898201e-05 1.067999896436917350e-03 -2.680710741873390066e-05 -3.974490861566337165e-04 7.205976157781565595e-04 0.000000000000000000e+00 1.871632302766269601e-04 -3.822394330919179979e-04 2.145569785701913201e-04
-7.968040906698098998e-04 1.214240572348865895e-03 1.842616124920439097e-05 -9.464833260446300130e-04 -8.946564755161937705e-04 1.471083711081194560e-04 -1.351193192895994307e-04 -1.762505662246621567e-04 1.871632302766269601e-04 0.000000000000000000e+00 -1.089279253804258931e-03 4.283120286668024674e-04
-1.841371135936860793e-03 5.416944665092274149e-04 6.022451191094055573e-04 7.726168467332960579e-04 1.188279514083478029e-03 4.879867374244665286e-04 -4.462365471361387921e-05 4.020083287707797290e-04 -3.822394330919179979e-04 -1.089279253804258931e-03 0.000000000000000000e+00 6.961372234340155313e-04
1.513710103873577633e-03 -4.247004080589695586e-04 7.441758988598240520e-04 -4.789009451139164758e-04 -1.576444349596120261e-03 4.283661162635035019e-04 -5.433899580502932029e-04 -6.333256343359232104e-04 2.145569785701913201e-04 4.283120286668024674e-04 6.961372234340155313e-04 0.000000000000000000e+00
