0.000000000000000000e+00 4.101046174146811781e-04 -2.378165176598407891e-04 -1.220556118427676764e-03 8.496606347881584460e-05 -1.428023611637932683e-04 -1.932676335812996042e-03 7.320825459683733775e-04 2.142584237870058072e-04 -6.091592845886023176e-04 -1.655448313876545317e-03 4.631729028045349366e-04
4.101046174146811781e-04 0.000000000000000000e+00 -7.450088284188309496e-04 5.054917492424236937e-04 1.970916578352577980e-04 -2.189539701230247483e-04 -1.773955994305285750e-04 1.565072862392168562e-04 9.286696045781872046e-05 4.273437977358585495e-04 3.055563342416662046e-04 -4.513998199639759012e-04
-2.378165176598407891e-04 -7.450088284188309496e-04 0.000000000000000000e+00 5.308242384162890426e-04 5.607599496996868143e-04 7.440247147038722871e-04 1.389453912297275396e-03 2.051338240523003630e-03 2.722877743923416641e-04 8.399978593465841142e-04 2.396630233892532271e-05 4.936111456122251864e-05
-1.220556118427676764e-03 5.054917492424236937e-04 5.308242384162890426e-04 0.000000000000000000e+00 -2.423783458800857920e-04 4.170144175641327957e-04 -1.334131700820774796e-03 8.981021758465306025e-04 -9.405237399221412378e-05 -3.361309352028860747e-04 -4.551622855487635525e-05 1.931695383517795033e-04
8.496606347881584460e-05 1.970916578352577980e-04 5.607599496996868143e-04 -2.423783458800857920e-04 0.000000000000000000e+00 2.125813743805323700e-04 4.568250355520803814e-04 -3.176416975810911700e-06 -5.620208051839623541e-04 -1.573313277745424545e-04 3.279262869903547435e-04 -1.269958499181543553e-04
-1.428023611637932683e-04 -2.189539701230247483e-04 7.440247147038722871e-04 4.170144175641327957e-04 2.125813743805323700e-04 0.000000000000000000e+00 -7.703132907801574485e-04 -3.156063261928056360e-04 2.365290884623245948e-04 -1.092027951715234912e-04 -5.082897719790737496e-04 -2.922209006337224304e-04
-1.932676335812996042e-03 -1.773955994305285750e-04 1.389453912297275396e-03 -1.334131700820774796e-03 4.568250355520803814e-04 -7.703132907801574485e-04 0.000000000000000000e+00 1.793361707910658305e-03 -1.066102601783093279e-04 7.370408415171091467e-04 -6.873843378843425521e-04 -6.833458983076908444e-04
7.320825459683733775e-04 1.565072862392168562e-04 2.051338240523003630e-03 8.981021758465306025e-04 -3.176416975810911700e-06 -3.156063261928056360e-04 1.793361707910658305e-03 0.000000000000000000e+00 -3.018153932011593318e-04 -7.862546241995001500e-04 -6.124837296137041268e-05 -7.137637207735209087e-04
2.142584237870058072e-04 9.286696045781872046e-05 2.722877743923416641e-04 -9.405237399221412378e-05 -5.620208051839623541e-04 2.365290884623245948e-04 -1.066102601783093279e-04 -3.018153932011593318e-04 0.000000000000000000e+00 2.332200606496423923e-04 3.359157857879466452e-04 -1.982162458749209017e-04
-6.091592845886023176e-04 4.273437977358585495e-04 8.399978593465841142e-04 -3.361309352028860747e-04 -1.573313277745424545e-04 -1.092027951715234912e-04 7.370408415171091467e-04 -7.862546241995001500e-04 2.332200606496423923e-04 0.000000000000000000e+00 8.835860922991102019e-04 4.517876141095113879e-04
-1.655448313876545317e-03 3.055563342416662046e-04 2.396630233892532271e-05 -4.551622855487635525e-05 3.279262869903547435e-04 -5.082897719790737496e-04 -6.873843378843425521e-04 -6.124837296137041268e-05 3.359157857879466452e-04 8.835860922991102019e-04 0.000000000000000000e+00 -2.189506228989050458e-04
4.631729028045349366e-04 -4.513998199639759012e-04 4.936111456122251864e-05 1.931695383517795033e-04 -1.269958499181543553e-04 -2.922209006337224304e-04 -6.833458983076908444e-04 -7.137637207735209087e-04 -1.982162458749209017e-04 4.517876141095113879e-04 -2.189506228989050458e-04 0.000000000000000000e+00
