0.000000000000000000e+00 1.991386933528890846e-03 2.968790623188144440e-04 -4.003316420187148566e-04 1.966295826874781601e-03 -6.884512406336624904e-04 2.553555016096108708e-03 -1.539712791896110473e-03 1.572121403033325138e-03 -4.591562489754149982e-04 -5.510131264458157773e-04 -1.142800409009928596e-03
1.991386933528890846e-03 0.000000000000000000e+00 8.218639802955004158e-04 -4.051621693595039409e-05 3.631547661620479484e-04 -8.711712691458816930e-06 -1.975918820038256602e-03 -4.403497562941676271e-04 8.436896169370641579e-04 1.222568697053640985e-03 6.040393378753986745e-04 -9.747358247818266417e-05
2.968790623188144440e-04 8.218639802955004158e-04 0.000000000000000000e+00 -9.179701466764598724e-04 -2.399519368040769324e-04 -4.565795739070411196e-04 -2.049326392075990783e-04 -7.881070984789633957e-04 -1.630755864139962286e-03 6.243827821278446263e-04 3.842024095587681849e-04 -7.957685064025404268e-04
-4.003316420187148566e-04 -4.051621693595039409e-05 -9.179701466764598724e-04 0.000000000000000000e+00 2.194143175812579463e-04 1.392574564192588583e-04 9.208792786119916491e-04 1.101985490460573346e-04 2.326361417119139727e-04 5.151499907415788481e-04 4.463463478320319746e-04 -3.605383347356911472e-05
1.966295826874781601e-03 3.631547661620479484e-04 -2.399519368040769324e-04 2.194143175812579463e-04 0.000000000000000000e+00 2.561044833652155830e-04 8.690632097916654820e-04 -8.519989473764179528e-04 -4.195597996235812290e-04 1.539174761904966179e-04 -2.841411394178191023e-04 4.003615811573752728e-04
-6.884512406336624904e-04 -8.711712691458816930e-06 -4.565795739070411196e-04 1.392574564192588583e-04 2.561044833652155830e-04 0.000000000000000000e+00 2.248763517262113002e-04 1.512980255532519757e-05 -2.296841872395185863e-04 -8.095618302791682632e-05 -5.382214498088261275e-05 -1.624674402611585045e-05
2.553555016096108708e-03 -1.975918820038256602e-03 -2.049326392075990783e-04 9.208792786119916491e-04 8.690632097916654820e-04 2.248763517262113002e-04 0.000000000000000000e+00 2.178950418998806869e-04 -1.430390243349070195e-03 -2.005373095796707716e-04 -4.837735664925617404e-04 -8.045994176131715005e-04
-1.539712791896110473e-03 -4.403497562941676271e-04 -7.881070984789633957e-04 1.101985490460573346e-04 -8.519989473764179528e-04 1.512980255532519757e-05 2.178950418998806869e-04 0.000000000000000000e+00 6.234599846834882123e-04 1.361081046387178483e-03 -7.207407737326595272e-04 -7.649232430806747647e-04
1.572121403033325138e-03 8.436896169370641579e-04 -1.630755864139962286e-03 2.326361417119139727e-04 -4.195597996235812290e-04 -2.296841872395185863e-04 -1.430390243349070195e-03 6.234599846834882123e-04 0.000000000000000000e+00 -4.745802710211147299e-04 -2.443498095769339076e-04 -4.435061256594819302e-04
-4.591562489754149982e-04 1.222568697053640985e-03 6.243827821278446263e-04 5.151499907415788481e-04 1.539174761904966179e-04 -8.095618302791682632e-05 -2.005373095796707716e-04 1.361081046387178483e-03 -4.745802710211147299e-04 0.000000000000000000e+00 3.859485506627178967e-04 -2.536141339634761507e-04
-5.510131264458157773e-04 6.040393378753986745e-04 3.842024095587681849e-04 4.463463478320319746e-04 -2.841411394178191023e-04 -5.382214498088261275e-05 -4.837735664925617404e-04 -7.207407737326595272e-04 -2.443498095769339076e-04 3.859485506627178967e-04 0.000000000000000000e+00 2.158253858823074457e-04
-1.142800409009928596e-03 -9.747358247818266417e-05 -7.957685064025404268e-04 -3.605383347356911472e-05 4.003615811573752728e-04 -1.624674402611585045e-05 -8.045994176131715005e-04 -7.649232430806747647e-04 -4.435061256594819302e-04 -2.536141339634761507e-04 2.158253858823074457e-04 0.000000000000000000e+00
