0.000000000000000000e+00 1.051187247228142557e-03 -3.662062206072598438e-03 -1.127167843750551297e-03 2.040582729517536643e-04 3.086035761434959349e-04 1.083898934269802387e-03 7.801428009759334191e-04 1.445308201538804491e-03 -4.867444505072344367e-04 7.971345819921154315e-04 1.511075501763253738e-03
1.051187247228142557e-03 0.000000000000000000e+00 -2.609646237069762880e-04 -4.537187213253477953e-04 -5.603147357982445065e-05 5.692427612152196241e-04 1.057124295995696918e-03 -3.717535351338247885e-04 -3.478523955497286077e-04 -5.361653076959148768e-04 -5.472600662156872726e-04 4.027230795456253083e-04
-3.662062206072598438e-03 -2.609646237069762880e-04 0.000000000000000000e+00 3.470316691551832817e-04 -1.216785634488786122e-03 1.015299293684416519e-03 -2.249698134126639978e-03 -8.418839570495370355e-04 -3.545243077915492423e-04 9.455625395020241615e-04 -4.249777903433476595e-05 1.265720691294308815e-03
-1.127167843750551297e-03 -4.537187213253477953e-04 3.470316691551832817e-04 0.000000000000000000e+00 1.739421910643793067e-04 -1.311742663995568616e-04 1.655712018720398272e-04 -2.711670503461502640e-04 -3.077134182153710659e-04 -7.554776096507256856e-04 2.047065283087418346e-04 3.251108997353828597e-04
2.040582729517536643e-04 -5.603147357982445065e-05 -1.216785634488786122e-03 1.739421910643793067e-04 0.000000000000000000e+00 1.674343267529105868e-04 2.637749210098699177e-04 -3.117123281011978625e-04 -5.664339742534746369e-04 7.539828029371729596e-04 -1.327690488392273423e-04 -4.136650915515807333e-04
3.086035761434959349e-04 5.692427612152196241e-04 1.015299293684416519e-03 -1.311742663995568616e-04 1.674343267529105868e-04 0.000000000000000000e+00 -6.369682874457131914e-04 3.489868415206952182e-04 -5.782776319359736895e-04 4.203769740944434817e-04 -7.855527312642694780e-05 8.438524552557824781e-05
1.083898934269802387e-03 1.057124295995696918e-03 -2.249698134126639978e-03 1.655712018720398272e-04 2.637749210098699177e-04 -6.369682874457131914e-04 0.000000000000000000e+00 -2.721680647223919183e-03 -8.920648798278396283e-04 -2.269885808619376017e-03 5.537693683881152228e-04 -5.452110077491213128e-04
7.801428009759334191e-04 -3.717535351338247885e-04 -8.418839570495370355e-04 -2.711670503461502640e-04 -3.117123281011978625e-04 3.489868415206952182e-04 -2.721680647223919183e-03 0.000000000000000000e+00 6.394655137048173765e-04 6.712256158619265450e-05 -3.780422559610283973e-05 5.371114828471084887e-04
1.445308201538804491e-03 -3.478523955497286077e-04 -3.545243077915492423e-04 -3.077134182153710659e-04 -5.664339742534746369e-04 -5.782776319359736895e-04 -8.920648798278396283e-04 6.394655137048173765e-04 0.000000000000000000e+00 -4.272361033197289934e-05 -1.940951094136078982e-04 5.288263773037595603e-04
-4.867444505072344367e-04 -5.361653076959148768e-04 9.455625395020241615e-04 -7.554776096507256856e-04 7.539828029371729596e-04 4.203769740944434817e-04 -2.269885808619376017e-03 6.712256158619265450e-05 -4.272361033197289934e-05 0.000000000000000000e+00 -6.219888958010855130e-04 -1.127519474542761860e-03
7.971345819921154315e-04 -5.472600662156872726e-04 -4.249777903433476595e-05 2.047065283087418346e-04 -1.327690488392273423e-04 -7.855527312642694780e-05 5.537693683881152228e-04 -3.780422559610283973e-05 -1.940951094136078982e-04 -6.219888958010855130e-04 0.000000000000000000e+00 -2.849971426266853058e-04
1.511075501763253738e-03 4.027230795456253083e-04 1.265720691294308815e-03 3.251108997353828597e-04 -4.136650915515807333e-04 8.438524552557824781e-05 -5.452110077491213128e-04 5.371114828471084887e-04 5.288263773037595603e-04 -1.127519474542761860e-03 -2.849971426266853058e-04 0.000000000000000000e+00
