0.000000000000000000e+00 -9.031894638007077888e-04 4.799641121447211227e-04 1.011406428316661936e-03 -6.529925105554861518e-04 -1.194823549834739176e-03 -1.556276063818833998e-03 2.490688635672650385e-03 -1.003100379442284276e-03 -1.769812648946226131e-04 8.189872920830702655e-04 7.656516452484530893e-04
-9.031894638007077888e-04 0.000000000000000000e+00 -2.390293869405529881e-05 -4.039304565499161350e-04 -7.748330239352595357e-04 2.240639813332762900e-04 -1.563015653115713648e-04 5.738506698358513802e-04 2.058937237034308572e-04 -8.564383178614466382e-04 -5.766192039135263668e-04 -5.640079049000053463e-04
4.799641121447211227e-04 -2.390293869405529881e-05 0.000000000000000000e+00 5.908055154150606940e-04 7.341629892379670499e-04 -5.175123620095151665e-04 -2.347383309979057808e-03 -1.757646271775767117e-03 -2.841424023731900831e-04 -1.210994453655337647e-03 9.483226905872246988e-04 7.525974184406727409e-05
1.011406428316661936e-03 -4.039304565499161350e-04 5.908055154150606940e-04 0.000000000000000000e+00 2.699766425649470771e-05 -3.995527997059881292e-04 3.923618201742706552e-04 3.154959997182087161e-04 5.135371927035490674e-05 -2.915023896182803082e-04 2.470861816611236291e-04 -2.938558746350353342e-04
-6.529925105554861518e-04 -7.748330239352595357e-04 7.341629892379670499e-04 2.699766425649470771e-05 0.000000000000000000e+00 2.914545921922446960e-04 -1.451985889763170298e-03 3.704664358193898136e-04 2.452141423117838856e-04 2.131044719500973952e-05 1.112246344425916501e-03 -4.933536982517539200e-04
-1.194823549834739176e-03 2.240639813332762900e-04 -5.175123620095151665e-04 -3.995527997059881292e-04 2.914545921922446960e-04 0.000000000000000000e+00 -6.985162213157792253e-04 4.220562008274184149e-04 -4.317661778395364314e-04 3.815033396575507794e-04 1.142538558344982326e-04 2.207082463595148620e-04
-1.556276063818833998e-03 -1.563015653115713648e-04 -2.347383309979057808e-03 3.923618201742706552e-04 -1.451985889763170298e-03 -6.985162213157792253e-04 0.000000000000000000e+00 -2.056155133938742524e-03 -2.589453922821657235e-05 1.385393110829087181e-03 1.095725207351152825e-03 -2.534823438342760703e-04
2.490688635672650385e-03 5.738506698358513802e-04 -1.757646271775767117e-03 3.154959997182087161e-04 3.704664358193898136e-04 4.220562008274184149e-04 -2.056155133938742524e-03 0.000000000000000000e+00 7.777336158276570597e-04 1.066726865412711374e-03 2.091226991792017665e-04 -2.149979787264077004e-04
-1.003100379442284276e-03 2.058937237034308572e-04 -2.841424023731900831e-04 5.135371927035490674e-05 2.452141423117838856e-04 -4.317661778395364314e-04 -2.589453922821657235e-05 7.777336158276570597e-04 0.000000000000000000e+00 -3.530700027855779538e-04 1.033030949485166700e-04 -8.589997307641694793e-06
-1.769812648946226131e-04 -8.564383178614466382e-04 -1.210994453655337647e-03 -2.915023896182803082e-04 2.131044719500973952e-05 3.815033396575507794e-04 1.385393110829087181e-03 1.066726865412711374e-03 -3.530700027855779538e-04 0.000000000000000000e+00 1.002746821362477270e-03 -1.820025835017060085e-05
8.189872920830702655e-04 -5.766192039135263668e-04 9.483226905872246988e-04 2.470861816611236291e-04 1.112246344425916501e-03 1.142538558344982326e-04 1.095725207351152825e-03 2.091226991792017665e-04 1.033030949485166700e-04 1.002746821362477270e-03 0.000000000000000000e+00 -2.920397352973167003e-04
7.656516452484530893e-04 -5.640079049000053463e-04 7.525974184406727409e-05 -2.938558746350353342e-04 -4.933536982517539200e-04 2.207082463595148620e-04 -2.534823438342760703e-04 -2.149979787264077004e-04 -8.589997307641694793e-06 -1.820025835017060085e-05 -2.920397352973167003e-04 0.000000000000000000e+00
