0.000000000000000000e+00 1.581076513098037472e-04 3.979728672130820026e-05 -3.275894532421240457e-04 3.105250156543186337e-04 -7.245006926500701858e-05 -2.802512802380957640e-06 -4.851631865813617328e-04 1.121844677716879159e-04 3.840146538986681361e-04 -3.372868400019488132e-04 1.778716701040669265e-04
1.581076513098037472e-04 0.000000000000000000e+00 8.820380581659227354e-04 6.073109394318287804e-04 -1.446936727268381489e-04 4.826102191647850775e-04 -1.589182756591384519e-05 -1.592279307988928678e-03 -1.521450881724627268e-04 8.417754867375735420e-04 4.678950166362886654e-04 -5.145643685438562554e-04
3.979728672130820026e-05 8.820380581659227354e-04 0.000000000000000000e+00 3.970267856869529738e-04 6.776569448029069222e-04 6.167932382583351549e-05 1.887654614750462723e-04 1.150967492521815785e-03 -2.014620774110096127e-04 -8.793279282453325468e-04 1.136602524833692739e-04 -2.991503239165087757e-04
-3.275894532421240457e-04 6.073109394318287804e-04 3.970267856869529738e-04 0.000000000000000000e+00 -1.733795726805729097e-03 -1.892457759524569870e-04 -1.333988008461241563e-04 2.787598459003956010e-03 2.009681438828837070e-04 1.246749265669593433e-03 -9.410895175922250088e-05 -9.507262249181413398e-04
3.105250156543186337e-04 -1.446936727268381489e-04 6.776569448029069222e-04 -1.733795726805729097e-03 0.000000000000000000e+00 1.071907485647353666e-04 -4.378881591118864735e-04 -1.630596072975946682e-03 6.915144991836367615e-04 -2.871218492374043481e-03 -4.514605925874930095e-04 -8.908702013314627726e-04
-7.245006926500701858e-05 4.826102191647850775e-04 6.167932382583351549e-05 -1.892457759524569870e-04 1.071907485647353666e-04 0.000000000000000000e+00 1.833537724214354928e-04 9.360289373394225685e-05 3.728922616591527801e-04 -5.241476263896592525e-05 3.579203725022743758e-04 7.239715443755103926e-04
-2.802512802380957640e-06 -1.589182756591384519e-05 1.887654614750462723e-04 -1.333988008461241563e-04 -4.378881591118864735e-04 1.833537724214354928e-04 0.000000000000000000e+00 4.977576025682774316e-04 2.331042316419866349e-04 3.096956065706216068e-04 2.416710333981168433e-04 3.131909640362663715e-04
-4.851631865813617328e-04 -1.592279307988928678e-03 1.150967492521815785e-03 2.787598459003956010e-03 -1.630596072975946682e-03 9.360289373394225685e-05 4.977576025682774316e-04 0.000000000000000000e+00 -2.474657667422130048e-04 -1.660047887994218953e-03 -5.127531368876989994e-04 2.327287219675157988e-04
1.121844677716879159e-04 -1.521450881724627268e-04 -2.014620774110096127e-04 2.009681438828837070e-04 6.915144991836367615e-04 3.728922616591527801e-04 2.331042316419866349e-04 -2.474657667422130048e-04 0.000000000000000000e+00 6.011099448130898735e-05 -2.145922231171177935e-04 -2.845822091946533742e-04
3.840146538986681361e-04 8.417754867375735420e-04 -8.793279282453325468e-04 1.246749265669593433e-03 -2.871218492374043481e-03 -5.241476263896592525e-05 3.096956065706216068e-04 -1.660047887994218953e-03 6.011099448130898735e-05 0.000000000000000000e+00 -1.328221703156850001e-04 -6.829732099049323248e-04
-3.372868400019488132e-04 4.678950166362886654e-04 1.136602524833692739e-04 -9.410895175922250088e-05 -4.514605925874930095e-04 3.579203725022743758e-04 2.416710333981168433e-04 -5.127531368876989994e-04 -2.145922231171177935e-04 -1.328221703156850001e-04 0.000000000000000000e+00 4.101338948345225862e-04
1.778716701040669265e-04 -5.145643685438562554e-04 -2.991503239165087757e-04 -9.507262249181413398e-04 -8.908702013314627726e-04 7.239715443755103926e-04 3.131909640362663715e-04 2.327287219675157988e-04 -2.845822091946533742e-04 -6.829732099049323248e-04 4.101338948345225862e-04 0.000000000000000000e+00
