0.000000000000000000e+00 5.994966039845263817e-04 -1.410935841947839574e-05 -2.393984207905770116e-04 5.546711395764779414e-04 -1.838545313943320528e-04 -7.610301594263108537e-05 6.170023604426146243e-04 2.911284696216967093e-04 -2.963551971780646111e-04 -3.732252627267067827e-05 3.528728055344549004e-04
5.994966039845263817e-04 0.000000000000000000e+00 3.949746104284523364e-04 1.574221411117912063e-03 7.830774826107954811e-04 4.109496058252477954e-04 6.664823169006528882e-04 -1.362298396466113479e-03 2.019219430653869385e-04 2.036689075082465366e-03 -8.259017251793623936e-04 -3.331993980311022787e-04
-1.410935841947839574e-05 3.949746104284523364e-04 0.000000000000000000e+00 2.743151900705263400e-04 -5.685033676243593818e-04 1.954172408825009875e-04 -4.450365701039035786e-05 -1.788702644742650252e-04 1.450715101257643645e-04 1.936604159807837943e-04 -1.260920735542674792e-04 4.411573981668788264e-04
-2.393984207905770116e-04 1.574221411117912063e-03 2.743151900705263400e-04 0.000000000000000000e+00 -1.112037788040871021e-03 2.146408841837707006e-03 -9.782686618894894173e-04 4.022475423593414108e-04 1.561507945696780187e-05 -1.033570293059679754e-03 1.083430976990178455e-03 -6.897474335918691636e-05
5.546711395764779414e-04 7.830774826107954811e-04 -5.685033676243593818e-04 -1.112037788040871021e-03 0.000000000000000000e+00 1.485055686120031332e-03 9.395520257913127357e-04 3.702709772612310275e-03 -3.447920299920697153e-04 1.851895630681586323e-04 -1.632845929393935466e-03 5.782731067313760407e-04
-1.838545313943320528e-04 4.109496058252477954e-04 1.954172408825009875e-04 2.146408841837707006e-03 1.485055686120031332e-03 0.000000000000000000e+00 3.806172134261158425e-04 -1.935750301856442590e-03 6.680482403334513260e-05 -1.269687287121061764e-03 -8.352109633826257026e-04 -6.079168461432499877e-04
-7.610301594263108537e-05 6.664823169006528882e-04 -4.450365701039035786e-05 -9.782686618894894173e-04 9.395520257913127357e-04 3.806172134261158425e-04 0.000000000000000000e+00 -8.765044150858446658e-04 2.217128790004375082e-04 9.278005723169714843e-04 -3.900134797710738156e-04 5.212137573597105077e-04
6.170023604426146243e-04 -1.362298396466113479e-03 -1.788702644742650252e-04 4.022475423593414108e-04 3.702709772612310275e-03 -1.935750301856442590e-03 -8.765044150858446658e-04 0.000000000000000000e+00 -9.358710003194616999e-04 6.057078443221275465e-04 9.992243263090159946e-04 -6.078262985934679622e-05
2.911284696216967093e-04 2.019219430653869385e-04 1.450715101257643645e-04 1.561507945696780187e-05 -3.447920299920697153e-04 6.680482403334513260e-05 2.217128790004375082e-04 -9.358710003194616999e-04 0.000000000000000000e+00 2.513268224032619313e-06 6.347747243889856491e-05 1.283390734379987299e-04
-2.963551971780646111e-04 2.036689075082465366e-03 1.936604159807837943e-04 -1.033570293059679754e-03 1.851895630681586323e-04 -1.269687287121061764e-03 9.278005723169714843e-04 6.057078443221275465e-04 2.513268224032619313e-06 0.000000000000000000e+00 -5.710097941233260518e-04 -5.385423960116800810e-04
-3.732252627267067827e-05 -8.259017251793623936e-04 -1.260920735542674792e-04 1.083430976990178455e-03 -1.632845929393935466e-03 -8.352109633826257026e-04 -3.900134797710738156e-04 9.992243263090159946e-04 6.347747243889856491e-05 -5.710097941233260518e-04 0.000000000000000000e+00 -4.667804254331105879e-04
3.528728055344549004e-04 -3.331993980311022787e-04 4.411573981668788264e-04 -6.897474335918691636e-05 5.782731067313760407e-04 -6.079168461432499877e-04 5.212137573597105077e-04 -6.078262985934679622e-05 1.283390734379987299e-04 -5.385423960116800810e-04 -4.667804254331105879e-04 0.000000000000000000e+00
