0.000000000000000000e+00 6.910922416193896194e-05 -1.875560153904552588e-04 -3.156576519548955637e-04 -1.494078539504864152e-04 -6.227434491705136467e-04 -4.809979723867617574e-04 -4.082799099079103015e-04 -8.872561665174223049e-05 -7.156600341628436852e-04 -8.071486612752427523e-05 -2.675952879787333910e-04
6.910922416193896194e-05 0.000000000000000000e+00 -6.060921376153607541e-04 -1.477099219416574266e-03 -1.359452719825618742e-03 4.317062681398350595e-04 -4.951138368638332643e-04 -2.809384106281871056e-04 2.106837162729121595e-04 -4.010274224621723760e-05 -1.456181843033448032e-04 3.880856498394387520e-04
-1.875560153904552588e-04 -6.060921376153607541e-04 0.000000000000000000e+00 6.164085278721318948e-04 -7.046945242669372216e-04 -4.712953576219259893e-04 -8.224565847577294082e-05 -1.966484769148123073e-04 -2.179595504556237006e-04 8.497822750469909234e-05 -2.391196892554059634e-04 -2.912994527597871988e-04
-3.156576519548955637e-04 -1.477099219416574266e-03 6.164085278721318948e-04 0.000000000000000000e+00 -5.378027800699966467e-04 1.807905668760569550e-03 1.539578458365516546e-03 2.441555607537288040e-03 -1.817292590650338509e-04 -1.298180353574837067e-03 -7.137102960588201416e-04 5.313046935845378059e-04
-1.494078539504864152e-04 -1.359452719825618742e-03 -7.046945242669372216e-04 -5.378027800699966467e-04 0.000000000000000000e+00 1.293671971335537321e-03 1.256590404579718823e-03 -3.004970054972504016e-03 3.564804142044001646e-04 5.856299193810588595e-04 7.608313345018808457e-04 -6.077851697481468632e-04
-6.227434491705136467e-04 4.317062681398350595e-04 -4.712953576219259893e-04 1.807905668760569550e-03 1.293671971335537321e-03 0.000000000000000000e+00 -2.706040162587795939e-05 -1.073227513871069560e-03 -1.955722548815997709e-04 -9.692222519314121990e-04 7.559534886207573169e-04 -9.903002722853247687e-05
-4.809979723867617574e-04 -4.951138368638332643e-04 -8.224565847577294082e-05 1.539578458365516546e-03 1.256590404579718823e-03 -2.706040162587795939e-05 0.000000000000000000e+00 2.217049328572774473e-03 2.598654302922993702e-04 2.712972038176669960e-04 1.477310191246184595e-04 2.672870195437064469e-04
-4.082799099079103015e-04 -2.809384106281871056e-04 -1.966484769148123073e-04 2.441555607537288040e-03 -3.004970054972504016e-03 -1.073227513871069560e-03 2.217049328572774473e-03 0.000000000000000000e+00 -1.846494735574755143e-05 -5.480233030835570795e-05 -1.265521229016985418e-03 3.137151460328757341e-04
-8.872561665174223049e-05 2.106837162729121595e-04 -2.179595504556237006e-04 -1.817292590650338509e-04 3.564804142044001646e-04 -1.955722548815997709e-04 2.598654302922993702e-04 -1.846494735574755143e-05 0.000000000000000000e+00 -3.593024214041733665e-04 3.544048119439230154e-04 -3.257198364368003320e-04
-7.156600341628436852e-04 -4.010274224621723760e-05 8.497822750469909234e-05 -1.298180353574837067e-03 5.856299193810588595e-04 -9.692222519314121990e-04 2.712972038176669960e-04 -5.480233030835570795e-05 -3.593024214041733665e-04 0.000000000000000000e+00 4.119858019787118672e-04 7.548909986660202456e-04
-8.071486612752427523e-05 -1.456181843033448032e-04 -2.391196892554059634e-04 -7.137102960588201416e-04 7.608313345018808457e-04 7.559534886207573169e-04 1.477310191246184595e-04 -1.265521229016985418e-03 3.544048119439230154e-04 4.119858019787118672e-04 0.000000000000000000e+00 -5.785159414588942825e-04
-2.675952879787333910e-04 3.880856498394387520e-04 -2.912994527597871988e-04 5.313046935845378059e-04 -6.077851697481468632e-04 -9.903002722853247687e-05 2.672870195437064469e-04 3.137151460328757341e-04 -3.257198364368003320e-04 7.548909986660202456e-04 -5.785159414588942825e-04 0.000000000000000000e+00
