0.000000000000000000e+00 -1.727520276914284439e-03 -2.939797925844026081e-04 -1.992607328221304111e-04 -1.233448948421693231e-03 5.469376090171644425e-04 -1.602806495119729960e-03 -8.656785156731857268e-04 -5.223415339047691964e-04 -6.377230647754098414e-04 -2.080939357122284401e-03 2.633141399889795623e-03
-1.727520276914284439e-03 0.000000000000000000e+00 5.400591581581807394e-04 -5.418232158871831095e-04 -1.128336495188668410e-04 6.572335617700653760e-04 1.775674772636026374e-04 -3.931093246214625706e-04 -7.134097086849560147e-04 -3.366638982689006262e-04 1.564487716800457354e-03 1.811410441593555619e-03
-2.939797925844026081e-04 5.400591581581807394e-04 0.000000000000000000e+00 5.480315348055172934e-04 4.384990275811263518e-05 1.389539218362079631e-04 3.196811165551670928e-04 1.894809097180319589e-05 -6.456941658159117163e-04 4.697173834870223318e-04 1.553363393630864111e-04 -4.771522442955268973e-04
-1.992607328221304111e-04 -5.418232158871831095e-04 5.480315348055172934e-04 0.000000000000000000e+00 2.283248074545693982e-04 -5.661174147600977818e-04 1.231844443730928905e-03 -1.743582567982503888e-04 4.220678256315564861e-04 1.244622718384749498e-04 -1.737740604937011496e-03 6.691274273911672083e-04
-1.233448948421693231e-03 -1.128336495188668410e-04 4.384990275811263518e-05 2.283248074545693982e-04 0.000000000000000000e+00 -1.311432157577164224e-04 -1.792669354734388338e-03 -4.476873606691362108e-04 4.460707695085219289e-05 1.836356102383839126e-04 1.552218993708760417e-03 7.015201591035702356e-04
5.469376090171644425e-04 6.572335617700653760e-04 1.389539218362079631e-04 -5.661174147600977818e-04 -1.311432157577164224e-04 0.000000000000000000e+00 1.647426943838643755e-04 -3.309495507754680720e-04 -1.753336478501455831e-04 -9.113621392746197028e-05 2.572379562319365189e-04 -4.978605966746638134e-04
-1.602806495119729960e-03 1.775674772636026374e-04 3.196811165551670928e-04 1.231844443730928905e-03 -1.792669354734388338e-03 1.647426943838643755e-04 0.000000000000000000e+00 -2.601645235173995273e-04 -2.657192250387963354e-04 -3.969547584987741327e-04 -3.320731167857004715e-04 -1.532685949658640348e-03
-8.656785156731857268e-04 -3.931093246214625706e-04 1.894809097180319589e-05 -1.743582567982503888e-04 -4.476873606691362108e-04 -3.309495507754680720e-04 -2.601645235173995273e-04 0.000000000000000000e+00 -1.809776900427905117e-04 -4.705251019434697371e-04 1.614798550225871726e-04 8.554520516067285558e-05
-5.223415339047691964e-04 -7.134097086849560147e-04 -6.456941658159117163e-04 4.220678256315564861e-04 4.460707695085219289e-05 -1.753336478501455831e-04 -2.657192250387963354e-04 -1.809776900427905117e-04 0.000000000000000000e+00 5.490110405015597534e-04 -1.878522336294465077e-04 -5.349703300464415208e-04
-6.377230647754098414e-04 -3.366638982689006262e-04 4.697173834870223318e-04 1.244622718384749498e-04 1.836356102383839126e-04 -9.113621392746197028e-05 -3.969547584987741327e-04 -4.705251019434697371e-04 5.490110405015597534e-04 0.000000000000000000e+00 1.578506670080839869e-05 1.965368656004110135e-04
-2.080939357122284401e-03 1.564487716800457354e-03 1.553363393630864111e-04 -1.737740604937011496e-03 1.552218993708760417e-03 2.572379562319365189e-04 -3.320731167857004715e-04 1.614798550225871726e-04 -1.878522336294465077e-04 1.578506670080839869e-05 0.000000000000000000e+00 6.672652261827630594e-04
2.633141399889795623e-03 1.811410441593555619e-03 -4.771522442955268973e-04 6.691274273911672083e-04 7.015201591035702356e-04 -4.978605966746638134e-04 -1.532685949658640348e-03 8.554520516067285558e-05 -5.349703300464415208e-04 1.965368656004110135e-04 6.672652261827630594e-04 0.000000000000000000e+00
