0.000000000000000000e+00 -2.119708244922345088e-03 -1.041806232506951131e-03 3.938684495627103725e-04 1.463392326194982692e-03 -1.374494526248668858e-04 -2.064853016690185433e-03 5.189306249476902978e-04 1.861332486313224113e-03 3.209747406944796753e-04 1.523630719997347326e-03 -2.448203874033763692e-03
-2.119708244922345088e-03 0.000000000000000000e+00 -5.522722308232494307e-04 8.923889612627855517e-04 -5.290314294028596211e-05 -3.926477272072737652e-04 8.828908048444111681e-04 3.106171642174295421e-04 -6.918636019103834326e-04 6.487075344774827236e-06 -8.553887172458353189e-04 -6.051854939494228681e-04
-1.041806232506951131e-03 -5.522722308232494307e-04 0.000000000000000000e+00 5.645636586922647086e-04 3.266466436607036645e-04 4.071636607035811922e-04 -9.235013251259624684e-04 -1.995935300577195842e-04 -2.573351074208507809e-04 1.611296449632156286e-04 5.611347203545750603e-04 1.277098545408387673e-03
3.938684495627103725e-04 8.923889612627855517e-04 5.645636586922647086e-04 0.000000000000000000e+00 -7.961537188002981106e-04 5.960788694912841930e-06 -4.649656232389463091e-04 2.171543442300483844e-04 3.960205203063893020e-04 -1.057625452181819845e-04 6.147805638761035711e-04 -4.297178264451322516e-04
1.463392326194982692e-03 -5.290314294028596211e-05 3.266466436607036645e-04 -7.961537188002981106e-04 0.000000000000000000e+00 6.158173407315536247e-05 -4.727549838293517202e-05 1.487677409157425301e-04 -3.760816672015293289e-04 2.593384739355112951e-04 -1.001303393264961331e-04 -1.010670188974154655e-04
-1.374494526248668858e-04 -3.926477272072737652e-04 4.071636607035811922e-04 5.960788694912841930e-06 6.158173407315536247e-05 0.000000000000000000e+00 -9.680815932037249412e-04 2.724827868266897378e-04 -2.562309095483331122e-04 -1.959060890459201915e-04 -1.076471684236154566e-03 -5.732641092884780938e-04
-2.064853016690185433e-03 8.828908048444111681e-04 -9.235013251259624684e-04 -4.649656232389463091e-04 -4.727549838293517202e-05 -9.680815932037249412e-04 0.000000000000000000e+00 7.276564008568851209e-05 8.698472788281684347e-04 7.755492883340749566e-05 3.979180153312942658e-04 2.064523418979819121e-03
5.189306249476902978e-04 3.106171642174295421e-04 -1.995935300577195842e-04 2.171543442300483844e-04 1.487677409157425301e-04 2.724827868266897378e-04 7.276564008568851209e-05 0.000000000000000000e+00 -8.797460453830372292e-06 2.702047289728974641e-05 -3.003681946457123844e-04 -1.133835152089764830e-04
1.861332486313224113e-03 -6.918636019103834326e-04 -2.573351074208507809e-04 3.960205203063893020e-04 -3.760816672015293289e-04 -2.562309095483331122e-04 8.698472788281684347e-04 -8.797460453830372292e-06 0.000000000000000000e+00 -3.751229329527564762e-04 8.046166775148065956e-04 -1.384786371117706328e-04
3.209747406944796753e-04 6.487075344774827236e-06 1.611296449632156286e-04 -1.057625452181819845e-04 2.593384739355112951e-04 -1.959060890459201915e-04 7.755492883340749566e-05 2.702047289728974641e-05 -3.751229329527564762e-04 0.000000000000000000e+00 7.258854433455394321e-04 -9.488737843684494572e-05
1.523630719997347326e-03 -8.553887172458353189e-04 5.611347203545750603e-04 6.147805638761035711e-04 -1.001303393264961331e-04 -1.076471684236154566e-03 3.979180153312942658e-04 -3.003681946457123844e-04 8.046166775148065956e-04 7.258854433455394321e-04 0.000000000000000000e+00 2.607771454062589875e-04
-2.448203874033763692e-03 -6.051854939494228681e-04 1.277098545408387673e-03 -4.297178264451322516e-04 -1.010670188974154655e-04 -5.732641092884780938e-04 2.064523418979819121e-03 -1.133835152089764830e-04 -1.384786371117706328e-04 -9.488737843684494572e-05 2.607771454062589875e-04 0.000000000000000000e+00
