0.000000000000000000e+00 -2.018035734383887957e-03 1.368427424531073891e-03 -2.468741694752945269e-03 1.311308239309013539e-03 5.561931256850983617e-05 1.432880001288948748e-04 2.414384473706389486e-04 1.060598357613778053e-03 5.482851320354899900e-04 9.141452821239674136e-04 1.822129092124443296e-03
-2.018035734383887957e-03 0.000000000000000000e+00 -9.168495899197986283e-04 -1.072589611284807589e-03 1.119685125806040563e-04 2.368467539339915470e-04 -8.776728091196074101e-05 -5.133830266233317544e-04 -4.036341316395825269e-04 -2.184332658648771520e-04 8.079228539503822840e-04 -1.521942659240446607e-03
1.368427424531073891e-03 -9.168495899197986283e-04 0.000000000000000000e+00 1.999524591531178560e-04 -1.622881297947699453e-04 -1.857379542699717453e-04 3.945170439490621535e-04 -4.819415942754624979e-04 -1.442662337471599106e-04 -5.263574970848397873e-06 -3.941411663674134093e-05 3.056623603378704921e-04
-2.468741694752945269e-03 -1.072589611284807589e-03 1.999524591531178560e-04 0.000000000000000000e+00 -3.157642079077295060e-04 -5.273590489004147407e-05 1.035706669584907438e-03 4.277041992523381904e-05 -3.023236551753651991e-04 1.176587665797016304e-04 -9.520651580448733441e-05 -3.150269718615433248e-04
1.311308239309013539e-03 1.119685125806040563e-04 -1.622881297947699453e-04 -3.157642079077295060e-04 0.000000000000000000e+00 5.423134936241261222e-05 -7.240360876913874135e-04 -8.004891885948886609e-05 4.190296932600453064e-04 -2.875636977695898949e-04 1.020819956604458473e-03 2.100133347026101986e-03
5.561931256850983617e-05 2.368467539339915470e-04 -1.857379542699717453e-04 -5.273590489004147407e-05 5.423134936241261222e-05 0.000000000000000000e+00 1.226115036073436887e-04 3.860565287060654916e-04 7.588136867056598928e-04 -3.137557731805544459e-04 1.191538594083481860e-03 -3.643582349455874096e-04
1.432880001288948748e-04 -8.776728091196074101e-05 3.945170439490621535e-04 1.035706669584907438e-03 -7.240360876913874135e-04 1.226115036073436887e-04 0.000000000000000000e+00 -4.783630552210374194e-04 -5.699536968459969176e-04 -5.387121740236910754e-04 2.649365265618871504e-05 -1.133960337408636450e-03
2.414384473706389486e-04 -5.133830266233317544e-04 -4.819415942754624979e-04 4.277041992523381904e-05 -8.004891885948886609e-05 3.860565287060654916e-04 -4.783630552210374194e-04 0.000000000000000000e+00 -1.890529181101302037e-04 -5.649031115833151199e-05 1.482626861431735803e-04 8.591880908940994447e-05
1.060598357613778053e-03 -4.036341316395825269e-04 -1.442662337471599106e-04 -3.023236551753651991e-04 4.190296932600453064e-04 7.588136867056598928e-04 -5.699536968459969176e-04 -1.890529181101302037e-04 0.000000000000000000e+00 4.279919170380076668e-04 1.543263324787892774e-04 4.979482930995684977e-04
5.482851320354899900e-04 -2.184332658648771520e-04 -5.263574970848397873e-06 1.176587665797016304e-04 -2.875636977695898949e-04 -3.137557731805544459e-04 -5.387121740236910754e-04 -5.649031115833151199e-05 4.279919170380076668e-04 0.000000000000000000e+00 4.053271468041827193e-04 -3.388424053594965178e-04
9.141452821239674136e-04 8.079228539503822840e-04 -3.941411663674134093e-05 -9.520651580448733441e-05 1.020819956604458473e-03 1.191538594083481860e-03 2.649365265618871504e-05 1.482626861431735803e-04 1.543263324787892774e-04 4.053271468041827193e-04 0.000000000000000000e+00 -2.095087118485348520e-03
1.822129092124443296e-03 -1.521942659240446607e-03 3.056623603378704921e-04 -3.150269718615433248e-04 2.100133347026101986e-03 -3.643582349455874096e-04 -1.133960337408636450e-03 8.591880908940994447e-05 4.979482930995684977e-04 -3.388424053594965178e-04 -2.095087118485348520e-03 0.000000000000000000e+00
