0.000000000000000000e+00 -6.621384348575677561e-04 -3.063021348802495432e-04 -6.946938554095307772e-04 6.829378771539675128e-04 4.588306370725345608e-04 -2.619975961448079761e-04 1.478777564461368401e-03 1.023817860451904605e-03 -3.696789518464309456e-05 -1.792408451232449301e-04 -1.357870499773382734e-04
-6.621384348575677561e-04 0.000000000000000000e+00 7.259501081479605850e-04 7.831849412319563360e-04 3.930874137386269353e-04 5.467741116042408025e-04 6.025620338867648763e-04 -1.211958447871864771e-03 5.256699811501089510e-04 6.308592160426704600e-05 1.317642736975161561e-04 7.808007721024653016e-04
-3.063021348802495432e-04 7.259501081479605850e-04 0.000000000000000000e+00 -1.644827885081149394e-03 -3.625146140280359149e-04 -2.731717921556644189e-04 -6.401574072767418763e-05 -1.111713465171570167e-03 8.361387382148318705e-04 -2.173032407122356966e-04 -3.504854013299565072e-04 -7.036981417229282035e-04
-6.946938554095307772e-04 7.831849412319563360e-04 -1.644827885081149394e-03 0.000000000000000000e+00 -2.266727717768261992e-03 -2.172869915651672609e-04 -5.121366668723421959e-05 1.363464336781337134e-04 1.338559166313081162e-03 -5.847370893050150929e-04 1.688633552754490060e-04 7.239057402842697048e-04
6.829378771539675128e-04 3.930874137386269353e-04 -3.625146140280359149e-04 -2.266727717768261992e-03 0.000000000000000000e+00 -5.834836875152554303e-04 -1.302356591768218368e-03 -3.053597153426034373e-03 5.844333705165874427e-04 3.529948996599513835e-04 -5.144553302647530794e-04 5.376631945668251811e-04
4.588306370725345608e-04 5.467741116042408025e-04 -2.731717921556644189e-04 -2.172869915651672609e-04 -5.834836875152554303e-04 0.000000000000000000e+00 1.844472815320985417e-04 8.137949173416854235e-04 1.159051023712519740e-04 2.646234865604690804e-06 -1.116439249384945849e-04 4.848053090044741257e-04
-2.619975961448079761e-04 6.025620338867648763e-04 -6.401574072767418763e-05 -5.121366668723421959e-05 -1.302356591768218368e-03 1.844472815320985417e-04 0.000000000000000000e+00 1.377028222965912636e-03 -1.153747808477039978e-04 -2.518208903412310642e-04 3.129787207013987852e-04 -2.331443514685997101e-04
1.478777564461368401e-03 -1.211958447871864771e-03 -1.111713465171570167e-03 1.363464336781337134e-04 -3.053597153426034373e-03 8.137949173416854235e-04 1.377028222965912636e-03 0.000000000000000000e+00 -1.053416564506238140e-03 9.034672699698695136e-04 -1.136934341709384564e-03 -1.834489510104060899e-03
1.023817860451904605e-03 5.256699811501089510e-04 8.361387382148318705e-04 1.338559166313081162e-03 5.844333705165874427e-04 1.159051023712519740e-04 -1.153747808477039978e-04 -1.053416564506238140e-03 0.000000000000000000e+00 8.926731577406836298e-05 3.247661385151171692e-04 -5.280187938148091318e-04
-3.696789518464309456e-05 6.308592160426704600e-05 -2.173032407122356966e-04 -5.847370893050150929e-04 3.529948996599513835e-04 2.646234865604690804e-06 -2.518208903412310642e-04 9.034672699698695136e-04 8.926731577406836298e-05 0.000000000000000000e+00 -2.636170296619895397e-05 -2.258446698681011483e-04
-1.792408451232449301e-04 1.317642736975161561e-04 -3.504854013299565072e-04 1.688633552754490060e-04 -5.144553302647530794e-04 -1.116439249384945849e-04 3.129787207013987852e-04 -1.136934341709384564e-03 3.247661385151171692e-04 -2.636170296619895397e-05 0.000000000000000000e+00 6.575204583974056253e-04
-1.357870499773382734e-04 7.808007721024653016e-04 -7.036981417229282035e-04 7.239057402842697048e-04 5.376631945668251811e-04 4.848053090044741257e-04 -2.331443514685997101e-04 -1.834489510104060899e-03 -5.280187938148091318e-04 -2.258446698681011483e-04 6.575204583974056253e-04 0.000000000000000000e+00
