0.000000000000000000e+00 4.887614145666283050e-04 -7.340333899434713224e-04 -2.966360847551195593e-04 1.912491288652648925e-04 3.081963779760848944e-04 -3.141432761529289381e-04 9.790569794692772360e-04 2.359088896321911890e-04 -2.918490275205471514e-04 -4.577373035811057819e-04 -1.641953045233424785e-04
4.887614145666283050e-04 0.000000000000000000e+00 -5.144875864083434287e-05 -1.256966872399615642e-03 -9.908464068355729137e-04 -2.479278654700268624e-04 1.549902596843959267e-04 -1.496410100960423933e-03 1.126166958833444451e-04 -3.680067230622635329e-04 7.421502714687912543e-04 1.232571415820666975e-04
-7.340333899434713224e-04 -5.144875864083434287e-05 0.000000000000000000e+00 -2.335643123167474577e-03 -1.963034239494433619e-03 -5.649272161070996705e-04 -8.403705493924719513e-04 1.376487396422495331e-03 -7.353951797248155578e-04 3.019173846153407862e-06 -3.545113809635554690e-04 -8.183988928257742703e-05
-2.966360847551195593e-04 -1.256966872399615642e-03 -2.335643123167474577e-03 0.000000000000000000e+00 7.307314024208896690e-04 -8.383356399931125988e-04 6.353350260970928040e-04 -1.733744918251439900e-03 -1.598643069150284526e-03 2.183416892992638759e-05 -7.424831881183048413e-04 -4.462263832553526178e-04
1.912491288652648925e-04 -9.908464068355729137e-04 -1.963034239494433619e-03 7.307314024208896690e-04 0.000000000000000000e+00 -4.009673221221284078e-04 -7.744644107882793591e-04 2.639953138367693176e-03 -4.705244740759974764e-04 -1.569817351767980403e-04 1.428519272590831474e-03 3.319335625116855058e-06
3.081963779760848944e-04 -2.479278654700268624e-04 -5.649272161070996705e-04 -8.383356399931125988e-04 -4.009673221221284078e-04 0.000000000000000000e+00 3.982865650349352101e-04 1.194540804246139098e-03 6.253036501690274621e-04 -2.477275135383367956e-04 -5.682238056055793950e-04 3.163930845845449257e-04
-3.141432761529289381e-04 1.549902596843959267e-04 -8.403705493924719513e-04 6.353350260970928040e-04 -7.744644107882793591e-04 3.982865650349352101e-04 0.000000000000000000e+00 -8.417682494059430635e-04 1.981892705977777829e-04 -5.119072615783676122e-04 8.056335154918511530e-05 -9.269930416595282912e-05
9.790569794692772360e-04 -1.496410100960423933e-03 1.376487396422495331e-03 -1.733744918251439900e-03 2.639953138367693176e-03 1.194540804246139098e-03 -8.417682494059430635e-04 0.000000000000000000e+00 -1.912515137683696740e-04 -1.829311377280823468e-03 -1.647105822284967316e-05 -6.361269099358306646e-04
2.359088896321911890e-04 1.126166958833444451e-04 -7.353951797248155578e-04 -1.598643069150284526e-03 -4.705244740759974764e-04 6.253036501690274621e-04 1.981892705977777829e-04 -1.912515137683696740e-04 0.000000000000000000e+00 3.820416124581554364e-04 7.308769545569912714e-04 -1.162688313931767753e-04
-2.918490275205471514e-04 -3.680067230622635329e-04 3.019173846153407862e-06 2.183416892992638759e-05 -1.569817351767980403e-04 -2.477275135383367956e-04 -5.119072615783676122e-04 -1.829311377280823468e-03 3.820416124581554364e-04 0.000000000000000000e+00 -4.011434800745118461e-04 2.664747179732151658e-04
-4.577373035811057819e-04 7.421502714687912543e-04 -3.545113809635554690e-04 -7.424831881183048413e-04 1.428519272590831474e-03 -5.682238056055793950e-04 8.056335154918511530e-05 -1.647105822284967316e-05 7.308769545569912714e-04 -4.011434800745118461e-04 0.000000000000000000e+00 -8.175946778110461063e-05
-1.641953045233424785e-04 1.232571415820666975e-04 -8.183988928257742703e-05 -4.462263832553526178e-04 3.319335625116855058e-06 3.163930845845449257e-04 -9.269930416595282912e-05 -6.361269099358306646e-04 -1.162688313931767753e-04 2.664747179732151658e-04 -8.175946778110461063e-05 0.000000000000000000e+00
