0.000000000000000000e+00 -6.690023294788020186e-04 -2.125203614522675356e-04 8.428518565252624299e-04 -9.098890414968003422e-04 -4.827383748085519642e-05 -2.814150990841702052e-04 -1.433610305933749347e-03 -2.454244144909967554e-04 4.179468226187584706e-05 -2.192711439645848230e-04 2.884493227266344542e-04
-6.690023294788020186e-04 0.000000000000000000e+00 4.539316058332562034e-04 -2.402476045242812116e-04 -6.515389803356156051e-06 8.334601148707899152e-04 1.901816005789817160e-04 9.841225530240009772e-04 -5.269910488835648221e-04 -2.127247083208858502e-04 6.022933809769500215e-04 8.730397430089601178e-05
-2.125203614522675356e-04 4.539316058332562034e-04 0.000000000000000000e+00 7.463485994233052395e-04 2.014370224039024881e-03 3.777601533810331230e-04 -7.432980504140097562e-04 6.618227046825426313e-04 -3.243486896986751979e-04 5.215204501986219062e-04 5.149015076495594965e-05 4.512427728884545988e-05
8.428518565252624299e-04 -2.402476045242812116e-04 7.463485994233052395e-04 0.000000000000000000e+00 2.294603750118559809e-03 2.753273714148922382e-04 1.170900543540292745e-03 -4.582846822358110223e-03 1.435143681269330715e-03 6.038517474590314937e-04 -1.020202728387646857e-03 -8.774271024393650014e-05
-9.098890414968003422e-04 -6.515389803356156051e-06 2.014370224039024881e-03 2.294603750118559809e-03 0.000000000000000000e+00 2.774265891420425541e-05 5.136341662471905021e-04 -8.969673376443778766e-04 -1.647974290558154109e-03 4.696990113737085242e-04 -2.988983543091615694e-04 -4.989913508443526548e-04
-4.827383748085519642e-05 8.334601148707899152e-04 3.777601533810331230e-04 2.753273714148922382e-04 2.774265891420425541e-05 0.000000000000000000e+00 -9.892121624657014025e-05 8.456102686394157287e-04 6.950317663557332472e-04 1.131083072383190301e-04 -4.429603487708403883e-04 -2.403748823468267735e-04
-2.814150990841702052e-04 1.901816005789817160e-04 -7.432980504140097562e-04 1.170900543540292745e-03 5.136341662471905021e-04 -9.892121624657014025e-05 0.000000000000000000e+00 1.091532597527320033e-03 -1.651267200760707962e-05 5.108653125862833502e-04 1.426405762687821266e-04 1.164940584957922754e-04
-1.433610305933749347e-03 9.841225530240009772e-04 6.618227046825426313e-04 -4.582846822358110223e-03 -8.969673376443778766e-04 8.456102686394157287e-04 1.091532597527320033e-03 0.000000000000000000e+00 -1.114600898285416416e-03 6.807072941324270867e-04 1.027347166438576315e-03 4.317519366784360068e-04
-2.454244144909967554e-04 -5.269910488835648221e-04 -3.243486896986751979e-04 1.435143681269330715e-03 -1.647974290558154109e-03 6.950317663557332472e-04 -1.651267200760707962e-05 -1.114600898285416416e-03 0.000000000000000000e+00 5.996638124781183748e-04 -4.088631256719953036e-04 5.312936859028107419e-04
4.179468226187584706e-05 -2.127247083208858502e-04 5.215204501986219062e-04 6.038517474590314937e-04 4.696990113737085242e-04 1.131083072383190301e-04 5.108653125862833502e-04 6.807072941324270867e-04 5.996638124781183748e-04 0.000000000000000000e+00 -9.730511356591425886e-05 4.222695249560916362e-04
-2.192711439645848230e-04 6.022933809769500215e-04 5.149015076495594965e-05 -1.020202728387646857e-03 -2.988983543091615694e-04 -4.429603487708403883e-04 1.426405762687821266e-04 1.027347166438576315e-03 -4.088631256719953036e-04 -9.730511356591425886e-05 0.000000000000000000e+00 3.335794291955649651e-04
2.884493227266344542e-04 8.730397430089601178e-05 4.512427728884545988e-05 -8.774271024393650014e-05 -4.989913508443526548e-04 -2.403748823468267735e-04 1.164940584957922754e-04 4.317519366784360068e-04 5.312936859028107419e-04 4.222695249560916362e-04 3.335794291955649651e-04 0.000000000000000000e+00
