0.000000000000000000e+00 -3.767128098578323252e-03 -2.131284706346242997e-03 1.585158084135607041e-03 5.877025946807473049e-04 3.633250475034933893e-04 -1.689706521841970914e-03 7.174483226254197397e-04 -6.513945437725438296e-04 -2.363949360469093982e-03 -2.323045441323045527e-03 5.277308509076454688e-04
-3.767128098578323252e-03 0.000000000000000000e+00 1.755018892625358077e-03 2.055955235810766248e-03 5.131706094466321252e-04 4.267702119599633970e-04 -1.661012724127432292e-04 7.574642574205522243e-04 -3.683315491747839437e-04 -1.519820530658482502e-03 -2.171117119075684394e-03 -8.794741375026958507e-04
-2.131284706346242997e-03 1.755018892625358077e-03 0.000000000000000000e+00 8.411390008023355994e-04 -1.689599874426021787e-04 2.136677481327921930e-04 1.515672527535800226e-03 -1.067557344586538649e-04 2.021852147484168739e-04 5.916041860966921159e-04 2.695016190538870437e-04 2.466106035678326748e-04
1.585158084135607041e-03 2.055955235810766248e-03 8.411390008023355994e-04 0.000000000000000000e+00 2.683637536907810964e-04 6.310023326536210939e-04 5.177642689608584524e-04 5.108279780275669672e-04 -1.529751473014462327e-04 -4.993082564012591221e-04 3.263921301757570568e-04 -2.051370104701654362e-04
5.877025946807473049e-04 5.131706094466321252e-04 -1.689599874426021787e-04 2.683637536907810964e-04 0.000000000000000000e+00 -4.241673911603501294e-04 -6.281315332987419528e-04 -1.894524573228587423e-05 3.081323330262209360e-04 5.788971087711794385e-04 4.946979696626804422e-04 -3.508936571928334270e-04
3.633250475034933893e-04 4.267702119599633970e-04 2.136677481327921930e-04 6.310023326536210939e-04 -4.241673911603501294e-04 0.000000000000000000e+00 -6.028468645492649500e-04 -4.784406106679893272e-04 3.202361358476666948e-05 -3.022379837496721772e-04 1.026894551601813539e-05 4.326279672314692240e-04
-1.689706521841970914e-03 -1.661012724127432292e-04 1.515672527535800226e-03 5.177642689608584524e-04 -6.281315332987419528e-04 -6.028468645492649500e-04 0.000000000000000000e+00 5.248036479178174981e-04 2.830435700275267747e-04 1.071773131360056336e-03 -1.547307499766241564e-03 3.133018212451510812e-04
7.174483226254197397e-04 7.574642574205522243e-04 -1.067557344586538649e-04 5.108279780275669672e-04 -1.894524573228587423e-05 -4.784406106679893272e-04 5.248036479178174981e-04 0.000000000000000000e+00 -4.963052769490769250e-05 -3.878622058931463848e-04 -5.048695655094706525e-04 5.530449375838884834e-05
-6.513945437725438296e-04 -3.683315491747839437e-04 2.021852147484168739e-04 -1.529751473014462327e-04 3.081323330262209360e-04 3.202361358476666948e-05 2.830435700275267747e-04 -4.963052769490769250e-05 0.000000000000000000e+00 -2.179946837732986973e-04 4.011265193510788201e-04 4.534974410190592423e-04
-2.363949360469093982e-03 -1.519820530658482502e-03 5.916041860966921159e-04 -4.993082564012591221e-04 5.788971087711794385e-04 -3.022379837496721772e-04 1.071773131360056336e-03 -3.878622058931463848e-04 -2.179946837732986973e-04 0.000000000000000000e+00 1.273709524199905527e-03 -9.948751586514736702e-06
-2.323045441323045527e-03 -2.171117119075684394e-03 2.695016190538870437e-04 3.263921301757570568e-04 4.946979696626804422e-04 1.026894551601813539e-05 -1.547307499766241564e-03 -5.048695655094706525e-04 4.011265193510788201e-04 1.273709524199905527e-03 0.000000000000000000e+00 -1.897642846984969902e-04
5.277308509076454688e-04 -8.794741375026958507e-04 2.466106035678326748e-04 -2.051370104701654362e-04 -3.508936571928334270e-04 4.326279672314692240e-04 3.133018212451510812e-04 5.530449375838884834e-05 4.534974410190592423e-04 -9.948751586514736702e-06 -1.897642846984969902e-04 0.000000000000000000e+00
