0.000000000000000000e+00 5.512818203434179066e-04 1.504627422552756591e-03 -1.415012209163989945e-03 3.374750705340754373e-04 1.119134684624977947e-03 -3.120647498917126193e-03 -5.409644778090695518e-04 7.668207506907744964e-04 7.567174424842455999e-04 -6.446398384259998705e-04 9.008241438257128886e-04
5.512818203434179066e-04 0.000000000000000000e+00 -6.542302049200618246e-04 3.692762307573168798e-04 -5.357196467796990647e-04 -1.094698978980378169e-03 1.556193006366759536e-03 3.784420043947204609e-05 5.612128313158624548e-04 -8.282878146898050176e-04 7.009722188448598871e-04 -1.549568876627260231e-03
1.504627422552756591e-03 -6.542302049200618246e-04 0.000000000000000000e+00 -9.308595134299004013e-04 1.617815127029408409e-04 -2.026763041648982063e-04 -8.375398461352580965e-04 -2.999869677232104006e-04 4.910869604177259869e-04 4.666017119694479431e-04 1.031081213554411232e-03 3.710002832672135240e-04
-1.415012209163989945e-03 3.692762307573168798e-04 -9.308595134299004013e-04 0.000000000000000000e+00 -5.408428880640103465e-05 3.098156500241082303e-04 -1.382818808626514340e-03 -4.014314657658370851e-04 -1.321656494241858206e-04 2.690598639601556822e-04 -8.010964665506977627e-04 1.111285153918591519e-04
3.374750705340754373e-04 -5.357196467796990647e-04 1.617815127029408409e-04 -5.408428880640103465e-05 0.000000000000000000e+00 6.549155091870658297e-04 -2.443136345861366939e-04 -6.439179094541943075e-05 3.465727499649100133e-04 2.225082361660356257e-04 4.092472912356936087e-04 -1.475299659435930731e-04
1.119134684624977947e-03 -1.094698978980378169e-03 -2.026763041648982063e-04 3.098156500241082303e-04 6.549155091870658297e-04 0.000000000000000000e+00 2.860827374140352737e-04 2.279196550525769166e-04 1.015705356895936680e-04 -7.361289747539797451e-04 -9.404981017130113925e-04 2.866200574627824336e-04
-3.120647498917126193e-03 1.556193006366759536e-03 -8.375398461352580965e-04 -1.382818808626514340e-03 -2.443136345861366939e-04 2.860827374140352737e-04 0.000000000000000000e+00 2.160903676370115584e-05 -4.524055232371421609e-04 7.344537159010777142e-04 -1.212173344495894685e-03 5.078442657439385987e-04
-5.409644778090695518e-04 3.784420043947204609e-05 -2.999869677232104006e-04 -4.014314657658370851e-04 -6.439179094541943075e-05 2.279196550525769166e-04 2.160903676370115584e-05 0.000000000000000000e+00 -1.125944997657540896e-04 3.351831623210928387e-04 3.139672115080136428e-04 4.192606069097443242e-04
7.668207506907744964e-04 5.612128313158624548e-04 4.910869604177259869e-04 -1.321656494241858206e-04 3.465727499649100133e-04 1.015705356895936680e-04 -4.524055232371421609e-04 -1.125944997657540896e-04 0.000000000000000000e+00 4.252192334843969733e-04 -5.110582231697589841e-05 -3.211718465710385094e-04
7.567174424842455999e-04 -8.282878146898050176e-04 4.666017119694479431e-04 2.690598639601556822e-04 2.225082361660356257e-04 -7.361289747539797451e-04 7.344537159010777142e-04 3.351831623210928387e-04 4.252192334843969733e-04 0.000000000000000000e+00 -1.199577573657616700e-03 5.348504902472879866e-04
-6.446398384259998705e-04 7.009722188448598871e-04 1.031081213554411232e-03 -8.010964665506977627e-04 4.092472912356936087e-04 -9.404981017130113925e-04 -1.212173344495894685e-03 3.139672115080136428e-04 -5.110582231697589841e-05 -1.199577573657616700e-03 0.000000000000000000e+00 -1.420856476761136068e-04
9.008241438257128886e-04 -1.549568876627260231e-03 3.710002832672135240e-04 1.111285153918591519e-04 -1.475299659435930731e-04 2.866200574627824336e-04 5.078442657439385987e-04 4.192606069097443242e-04 -3.211718465710385094e-04 5.348504902472879866e-04 -1.420856476761136068e-04 0.000000000000000000e+00
