0.000000000000000000e+00 2.993586048079561936e-03 -1.723393724141592486e-04 -7.155028077371135449e-04 -6.982321907621027481e-04 -2.351945286972005004e-03 -6.423959267828126892e-05 1.337832832903402885e-03 -1.440043437178615366e-03 -5.851142400910285153e-04 -9.199725778468490585e-04 -5.179574961560756306e-04
2.993586048079561936e-03 0.000000000000000000e+00 -8.204387301120942577e-05 4.073468404571167702e-04 1.420145712618048599e-03 -7.269497481115016839e-05 2.117719960202078550e-03 4.223064632303205894e-04 2.994256287009930406e-04 -1.040397872536379933e-03 -9.594867634191126026e-04 1.690963059119621388e-04
-1.723393724141592486e-04 -8.204387301120942577e-05 0.000000000000000000e+00 3.480175402949394836e-04 -4.632643896141254826e-04 9.549479243165324288e-04 9.931060023732236897e-04 5.035615084122832194e-04 1.587852118234950424e-04 3.775795439751198973e-04 -2.643977942556150363e-04 -5.381483740927036578e-04
-7.155028077371135449e-04 4.073468404571167702e-04 3.480175402949394836e-04 0.000000000000000000e+00 5.418117315184345925e-04 -8.719698461147215801e-04 -1.081792202096971793e-03 2.876655648130616548e-04 3.921865063939320383e-04 -1.757329772537103048e-04 3.098183885975913958e-04 2.064667980962172180e-04
-6.982321907621027481e-04 1.420145712618048599e-03 -4.632643896141254826e-04 5.418117315184345925e-04 0.000000000000000000e+00 3.242644908492248157e-04 5.546516046509488568e-04 -1.641511637128302060e-04 -2.808910388990246379e-05 8.846500072298857798e-05 6.727998162602957582e-04 6.972587146535837318e-05
-2.351945286972005004e-03 -7.269497481115016839e-05 9.549479243165324288e-04 -8.719698461147215801e-04 3.242644908492248157e-04 0.000000000000000000e+00 1.551736588453567081e-03 -1.502983179750823166e-04 8.383021541354351803e-05 -2.007306483916621227e-04 4.385207044797786264e-04 1.895494364952907422e-04
-6.423959267828126892e-05 2.117719960202078550e-03 9.931060023732236897e-04 -1.081792202096971793e-03 5.546516046509488568e-04 1.551736588453567081e-03 0.000000000000000000e+00 -2.297655685648222236e-04 -1.171846478305194891e-04 3.064316675742023190e-04 -9.817279852306977535e-04 2.515758919659561495e-04
1.337832832903402885e-03 4.223064632303205894e-04 5.035615084122832194e-04 2.876655648130616548e-04 -1.641511637128302060e-04 -1.502983179750823166e-04 -2.297655685648222236e-04 0.000000000000000000e+00 4.579768706428141039e-04 3.175407422047478011e-04 4.114133804304967424e-04 -3.590366966891473137e-04
-1.440043437178615366e-03 2.994256287009930406e-04 1.587852118234950424e-04 3.921865063939320383e-04 -2.808910388990246379e-05 8.383021541354351803e-05 -1.171846478305194891e-04 4.579768706428141039e-04 0.000000000000000000e+00 1.920424413683773817e-04 -3.442852432123819843e-04 3.843313095147693953e-05
-5.851142400910285153e-04 -1.040397872536379933e-03 3.775795439751198973e-04 -1.757329772537103048e-04 8.846500072298857798e-05 -2.007306483916621227e-04 3.064316675742023190e-04 3.175407422047478011e-04 1.920424413683773817e-04 0.000000000000000000e+00 -3.757685435736036729e-06 1.186180473634724868e-04
-9.199725778468490585e-04 -9.594867634191126026e-04 -2.643977942556150363e-04 3.098183885975913958e-04 6.727998162602957582e-04 4.385207044797786264e-04 -9.817279852306977535e-04 4.114133804304967424e-04 -3.442852432123819843e-04 -3.757685435736036729e-06 0.000000000000000000e+00 -8.970493600361608474e-04
-5.179574961560756306e-04 1.690963059119621388e-04 -5.381483740927036578e-04 2.064667980962172180e-04 6.972587146535837318e-05 1.895494364952907422e-04 2.515758919659561495e-04 -3.590366966891473137e-04 3.843313095147693953e-05 1.186180473634724868e-04 -8.970493600361608474e-04 0.000000000000000000e+00
