0.000000000000000000e+00 2.242337685801801912e-04 2.240586290252131497e-03 1.631550265834253973e-03 1.765941820662134207e-03 -6.532655891040106775e-04 1.035290535153917210e-05 -8.494593933080439021e-04 -7.692097984911744129e-04 4.686971195271226985e-04 -1.412337081423936224e-03 -6.604762740340840632e-04
2.242337685801801912e-04 0.000000000000000000e+00 1.303006658463288017e-03 6.148068834228465626e-04 -8.938946093207314611e-04 -7.004229288418744237e-04 2.409021490415303758e-03 -6.817090001222641388e-04 2.512780812848234516e-04 5.151877063574150086e-04 3.899950411712388041e-04 1.962281378158430532e-04
2.240586290252131497e-03 1.303006658463288017e-03 0.000000000000000000e+00 -7.466478634317963523e-04 -5.739642108666300608e-05 -4.247054221862694989e-04 1.774693790261038830e-03 -3.193507013626815114e-04 2.052316240375469251e-04 1.334460210814416420e-04 9.194728537493996625e-05 5.069107415551878711e-04
1.631550265834253973e-03 6.148068834228465626e-04 -7.466478634317963523e-04 0.000000000000000000e+00 -3.742184544268968289e-04 -5.271856876741602390e-04 -4.496568634821320343e-04 5.648602570151363151e-04 -3.722549059783121641e-05 8.397334038282732891e-05 4.724409075190050635e-04 4.807595918046030808e-04
1.765941820662134207e-03 -8.938946093207314611e-04 -5.739642108666300608e-05 -3.742184544268968289e-04 0.000000000000000000e+00 9.925467211823881344e-05 -3.223952190695671257e-04 -2.183618783559975872e-04 -4.706932706269104766e-04 6.754316771539399002e-04 7.406567773396725753e-04 -3.763125365250223923e-04
-6.532655891040106775e-04 -7.004229288418744237e-04 -4.247054221862694989e-04 -5.271856876741602390e-04 9.925467211823881344e-05 0.000000000000000000e+00 7.356370222881776283e-04 2.608964689923576894e-04 -4.374590164339851005e-04 -8.607614810829973399e-05 -4.231958810722645341e-04 -4.144508850608206844e-05
1.035290535153917210e-05 2.409021490415303758e-03 1.774693790261038830e-03 -4.496568634821320343e-04 -3.223952190695671257e-04 7.356370222881776283e-04 0.000000000000000000e+00 4.213294286768818242e-04 -1.132735954930040373e-03 -2.452591699383672563e-04 3.036160454228285181e-04 -4.090900521107864720e-04
-8.494593933080439021e-04 -6.817090001222641388e-04 -3.193507013626815114e-04 5.648602570151363151e-04 -2.183618783559975872e-04 2.608964689923576894e-04 4.213294286768818242e-04 0.000000000000000000e+00 8.769570402505469137e-05 1.143764719759689724e-04 -6.287995339916385403e-04 -7.666169520594239126e-05
-7.692097984911744129e-04 2.512780812848234516e-04 2.052316240375469251e-04 -3.722549059783121641e-05 -4.706932706269104766e-04 -4.374590164339851005e-04 -1.132735954930040373e-03 8.769570402505469137e-05 0.000000000000000000e+00 -3.567068060456414025e-04 -6.511818424840576673e-05 -7.616878483346969106e-05
4.686971195271226985e-04 5.151877063574150086e-04 1.334460210814416420e-04 8.397334038282732891e-05 6.754316771539399002e-04 -8.607614810829973399e-05 -2.452591699383672563e-04 1.143764719759689724e-04 -3.567068060456414025e-04 0.000000000000000000e+00 1.500383603302209721e-04 -8.601816869159826281e-05
-1.412337081423936224e-03 3.899950411712388041e-04 9.194728537493996625e-05 4.724409075190050635e-04 7.406567773396725753e-04 -4.231958810722645341e-04 3.036160454228285181e-04 -6.287995339916385403e-04 -6.511818424840576673e-05 1.500383603302209721e-04 0.000000000000000000e+00 1.445565678352974793e-05
-6.604762740340840632e-04 1.962281378158430532e-04 5.069107415551878711e-04 4.807595918046030808e-04 -3.763125365250223923e-04 -4.144508850608206844e-05 -4.090900521107864720e-04 -7.666169520594239126e-05 -7.616878483346969106e-05 -8.601816869159826281e-05 1.445565678352974793e-05 0.000000000000000000e+00
