0.000000000000000000e+00 8.860106921202743371e-06 1.687737681116741105e-04 -1.905207374322752498e-04 7.883843390396922009e-04 6.972160903116070025e-04 5.919540787625229838e-04 6.812681931508203807e-05 -3.386420006672668614e-04 -5.232123702235241510e-04 -4.243956879306469551e-05 -3.005938279861573251e-04
8.860106921202743371e-06 0.000000000000000000e+00 -2.591390519547424561e-04 9.930511654851626856e-04 -1.694792321100761735e-03 -1.464615340006969468e-03 1.232636855276861331e-03 -6.630053582236803593e-04 -1.316699999824181080e-03 -3.829594611487054752e-04 1.958600954701536316e-04 -2.567103778579127651e-04
1.687737681116741105e-04 -2.591390519547424561e-04 0.000000000000000000e+00 3.224633692193322378e-04 -8.030235173061446834e-04 9.975385240964478701e-05 7.889993603830265613e-04 -1.231818282565576978e-04 2.791155482635329079e-04 -3.296031757123127370e-04 -2.461945733699682116e-05 -2.878957515646194385e-04
-1.905207374322752498e-04 9.930511654851626856e-04 3.224633692193322378e-04 0.000000000000000000e+00 5.241107542795931252e-05 -9.004997203342861691e-04 1.086981920329925001e-03 -3.582053909574149913e-04 -5.954072469446519559e-04 -1.722663476684378964e-04 -2.655896328446602419e-04 2.095690811591427189e-04
7.883843390396922009e-04 -1.694792321100761735e-03 -8.030235173061446834e-04 5.241107542795931252e-05 0.000000000000000000e+00 1.408718365596474311e-03 -4.969801110967251917e-04 -8.051238649901807558e-04 -1.719886380610027550e-03 1.610434769260352410e-04 1.365569315681993421e-03 5.616688446070414002e-04
6.972160903116070025e-04 -1.464615340006969468e-03 9.975385240964478701e-05 -9.004997203342861691e-04 1.408718365596474311e-03 0.000000000000000000e+00 3.416515027706165664e-03 -3.611085624587058712e-04 3.386935928643976213e-05 1.087516728666251646e-03 2.058904997499280134e-04 1.469570487702148752e-03
5.919540787625229838e-04 1.232636855276861331e-03 7.889993603830265613e-04 1.086981920329925001e-03 -4.969801110967251917e-04 3.416515027706165664e-03 0.000000000000000000e+00 3.674606714877163508e-04 -8.192246716143587607e-04 4.650871763035585994e-04 -9.573214348919438727e-04 -1.773395003576559931e-03
6.812681931508203807e-05 -6.630053582236803593e-04 -1.231818282565576978e-04 -3.582053909574149913e-04 -8.051238649901807558e-04 -3.611085624587058712e-04 3.674606714877163508e-04 0.000000000000000000e+00 2.024875972958567374e-04 -5.704160089627036888e-05 2.878336273072582560e-04 -9.581956079774301294e-04
-3.386420006672668614e-04 -1.316699999824181080e-03 2.791155482635329079e-04 -5.954072469446519559e-04 -1.719886380610027550e-03 3.386935928643976213e-05 -8.192246716143587607e-04 2.024875972958567374e-04 0.000000000000000000e+00 -2.943468495107643226e-04 -7.327426230026256020e-04 7.275412935867242191e-04
-5.232123702235241510e-04 -3.829594611487054752e-04 -3.296031757123127370e-04 -1.722663476684378964e-04 1.610434769260352410e-04 1.087516728666251646e-03 4.650871763035585994e-04 -5.704160089627036888e-05 -2.943468495107643226e-04 0.000000000000000000e+00 1.334847669679976141e-04 -8.988397012099021187e-04
-4.243956879306469551e-05 1.958600954701536316e-04 -2.461945733699682116e-05 -2.655896328446602419e-04 1.365569315681993421e-03 2.058904997499280134e-04 -9.573214348919438727e-04 2.878336273072582560e-04 -7.327426230026256020e-04 1.334847669679976141e-04 0.000000000000000000e+00 8.535495397853055336e-05
-3.005938279861573251e-04 -2.567103778579127651e-04 -2.878957515646194385e-04 2.095690811591427189e-04 5.616688446070414002e-04 1.469570487702148752e-03 -1.773395003576559931e-03 -9.581956079774301294e-04 7.275412935867242191e-04 -8.988397012099021187e-04 8.535495397853055336e-05 0.000000000000000000e+00
