0.000000000000000000e+00 3.479925528867774693e-04 4.277113046456423157e-04 1.904131081024973936e-04 -2.433117525030578199e-04 -3.202159461822570523e-04 2.297611431667774355e-04 -5.965172618489742742e-05 1.053834638632740082e-04 3.191980089362133710e-05 1.879968789218743888e-04 -1.147537309264354835e-04
3.479925528867774693e-04 0.000000000000000000e+00 -1.275376566504495056e-04 -7.725013457919191690e-04 -9.167662276290392724e-04 8.485394250593007335e-04 1.850860614250314420e-03 -8.743212003996981988e-04 1.767698676356256322e-04 -4.152766694516551484e-04 -1.489741061790038627e-04 6.485119849887946821e-04
4.277113046456423157e-04 -1.275376566504495056e-04 0.000000000000000000e+00 -2.588235875537263603e-04 3.520339637311269880e-04 -6.591795948152283748e-05 -7.718463556897691650e-04 3.531593758043204134e-04 1.666945962849400713e-04 -5.343567199432431962e-04 7.853701872967240529e-05 -6.124869427094049813e-04
1.904131081024973936e-04 -7.725013457919191690e-04 -2.588235875537263603e-04 0.000000000000000000e+00 9.286493551252017389e-04 -1.236976528701384413e-03 -2.577666342200861556e-04 3.063993163295965281e-04 -2.426178197909332557e-04 -3.759859077363882931e-04 4.828861626479737817e-04 1.220143298293954726e-04
-2.433117525030578199e-04 -9.167662276290392724e-04 3.520339637311269880e-04 9.286493551252017389e-04 0.000000000000000000e+00 -1.546086743167333780e-03 -3.038289845960361665e-03 -8.059945232378958090e-04 -8.627789673119049723e-05 -9.725711623382847244e-04 -8.539498153585287467e-04 -1.938706377821762051e-05
-3.202159461822570523e-04 8.485394250593007335e-04 -6.591795948152283748e-05 -1.236976528701384413e-03 -1.546086743167333780e-03 0.000000000000000000e+00 3.189134944610680627e-03 7.815046694358257062e-04 1.010393725001849409e-03 -1.916731772409240378e-04 -1.794401704459688655e-04 2.562645834324543377e-04
2.297611431667774355e-04 1.850860614250314420e-03 -7.718463556897691650e-04 -2.577666342200861556e-04 -3.038289845960361665e-03 3.189134944610680627e-03 0.000000000000000000e+00 1.302359441924800252e-03 -1.346682406737092661e-03 -3.147327036607958312e-04 1.695722189886339438e-04 -2.004980117451299511e-03
-5.965172618489742742e-05 -8.743212003996981988e-04 3.531593758043204134e-04 3.063993163295965281e-04 -8.059945232378958090e-04 7.815046694358257062e-04 1.302359441924800252e-03 0.000000000000000000e+00 -7.990357850971484483e-04 1.698559550456792112e-04 -4.989416675502292113e-04 2.100773072897882344e-04
1.053834638632740082e-04 1.767698676356256322e-04 1.666945962849400713e-04 -2.426178197909332557e-04 -8.627789673119049723e-05 1.010393725001849409e-03 -1.346682406737092661e-03 -7.990357850971484483e-04 0.000000000000000000e+00 -2.456564787966212951e-04 3.602313274241679387e-04 4.634646172567727330e-04
3.191980089362133710e-05 -4.152766694516551484e-04 -5.343567199432431962e-04 -3.759859077363882931e-04 -9.725711623382847244e-04 -1.916731772409240378e-04 -3.147327036607958312e-04 1.698559550456792112e-04 -2.456564787966212951e-04 0.000000000000000000e+00 4.904326762085672864e-04 4.215123397182515483e-04
1.879968789218743888e-04 -1.489741061790038627e-04 7.853701872967240529e-05 4.828861626479737817e-04 -8.539498153585287467e-04 -1.794401704459688655e-04 1.695722189886339438e-04 -4.989416675502292113e-04 3.602313274241679387e-04 4.904326762085672864e-04 0.000000000000000000e+00 9.386362242716466808e-04
-1.147537309264354835e-04 6.485119849887946821e-04 -6.124869427094049813e-04 1.220143298293954726e-04 -1.938706377821762051e-05 2.562645834324543377e-04 -2.004980117451299511e-03 2.100773072897882344e-04 4.634646172567727330e-04 4.215123397182515483e-04 9.386362242716466808e-04 0.000000000000000000e+00
