0.000000000000000000e+00 -2.048249387241347366e-04 -1.899029373210695145e-04 2.676347110329926763e-04 1.812856919560631476e-03 9.884669870989450276e-05 2.240863162271093754e-03 1.939397513004951384e-04 -4.897483767186705007e-04 -6.157082423767037439e-04 -2.613546196110653010e-04 5.008687017962860314e-04
-2.048249387241347366e-04 0.000000000000000000e+00 -4.286882232723637450e-04 -6.581695669043888903e-04 -8.007874353313884121e-04 -1.106836050195410476e-03 -6.812597195181446406e-04 3.056950394326123197e-04 6.011021758027549006e-04 -3.669660789488574169e-04 -7.768172746939715212e-04 1.256903196806020886e-03
-1.899029373210695145e-04 -4.286882232723637450e-04 0.000000000000000000e+00 -1.710007683796463775e-04 9.716723039386405622e-04 -8.447193432683029572e-04 5.938000160929426388e-04 -3.561727094682511606e-04 6.499585983327407616e-05 -2.871943314128178179e-04 4.235308967634118793e-04 -4.023439230226586241e-05
2.676347110329926763e-04 -6.581695669043888903e-04 -1.710007683796463775e-04 0.000000000000000000e+00 7.677693781231618650e-04 1.625084098437539534e-03 -6.809630359421618229e-04 -4.750550170761358047e-04 3.592164278475340239e-04 -4.056879516375888335e-04 5.192322518857592174e-04 -7.343562344410395262e-04
1.812856919560631476e-03 -8.007874353313884121e-04 9.716723039386405622e-04 7.677693781231618650e-04 0.000000000000000000e+00 -2.626161840982042372e-03 1.819407213754192830e-03 1.251429904465209192e-03 4.096681316525544944e-04 -4.318496514954428176e-04 -6.562589448624503831e-04 -7.591639835441006375e-04
9.884669870989450276e-05 -1.106836050195410476e-03 -8.447193432683029572e-04 1.625084098437539534e-03 -2.626161840982042372e-03 0.000000000000000000e+00 1.686485967734609832e-03 -9.142670140176659003e-04 5.796588434609646319e-04 -7.155530388069732172e-04 3.876276139841999964e-04 9.966817293361844576e-04
2.240863162271093754e-03 -6.812597195181446406e-04 5.938000160929426388e-04 -6.809630359421618229e-04 1.819407213754192830e-03 1.686485967734609832e-03 0.000000000000000000e+00 7.863828958632306789e-04 1.218435739714524360e-03 8.928702918618271677e-04 -7.540636621574213624e-04 -1.479633974292648025e-03
1.939397513004951384e-04 3.056950394326123197e-04 -3.561727094682511606e-04 -4.750550170761358047e-04 1.251429904465209192e-03 -9.142670140176659003e-04 7.863828958632306789e-04 0.000000000000000000e+00 -3.042260216148446770e-04 3.437274272005200193e-04 -1.055935380976852150e-04 2.044130152001845044e-04
-4.897483767186705007e-04 6.011021758027549006e-04 6.499585983327407616e-05 3.592164278475340239e-04 4.096681316525544944e-04 5.796588434609646319e-04 1.218435739714524360e-03 -3.042260216148446770e-04 0.000000000000000000e+00 -2.062794761853191166e-04 -6.165880428668693146e-05 -2.147821237599309037e-05
-6.157082423767037439e-04 -3.669660789488574169e-04 -2.871943314128178179e-04 -4.056879516375888335e-04 -4.318496514954428176e-04 -7.155530388069732172e-04 8.928702918618271677e-04 3.437274272005200193e-04 -2.062794761853191166e-04 0.000000000000000000e+00 -4.175914077939262383e-05 -5.977325345179696154e-04
-2.613546196110653010e-04 -7.768172746939715212e-04 4.235308967634118793e-04 5.192322518857592174e-04 -6.562589448624503831e-04 3.876276139841999964e-04 -7.540636621574213624e-04 -1.055935380976852150e-04 -6.165880428668693146e-05 -4.175914077939262383e-05 0.000000000000000000e+00 9.740950893361885292e-04
5.008687017962860314e-04 1.256903196806020886e-03 -4.023439230226586241e-05 -7.343562344410395262e-04 -7.591639835441006375e-04 9.966817293361844576e-04 -1.479633974292648025e-03 2.044130152001845044e-04 -2.147821237599309037e-05 -5.977325345179696154e-04 9.740950893361885292e-04 0.000000000000000000e+00
