0.000000000000000000e+00 -2.038568315163479991e-04 -1.916371813848045101e-04 5.416717196343366842e-04 1.858649336086733834e-04 2.212995737989547664e-03 7.073356730697818377e-05 3.181603921346655623e-04 5.786586378476407146e-04 -6.280342418470276182e-04 1.988355124648662946e-04 1.242591725185687680e-03
-2.038568315163479991e-04 0.000000000000000000e+00 -4.306800417376238448e-04 8.432028190097853198e-05 1.091490481450570031e-03 1.215862948701411763e-03 -2.998652576326912389e-04 8.267408717862409235e-04 2.016029893821818934e-04 1.644914977268694387e-04 -7.309129731215386564e-04 -6.909751453582712406e-04
-1.916371813848045101e-04 -4.306800417376238448e-04 0.000000000000000000e+00 -2.771464392655839551e-04 -6.027266008481001582e-04 4.128250364117050505e-04 -5.323854426291132862e-04 -3.006478926795531849e-04 -1.222750831370633185e-04 5.892767721999345436e-04 -3.403697249758598151e-04 -1.115284792731089048e-04
5.416717196343366842e-04 8.432028190097853198e-05 -2.771464392655839551e-04 0.000000000000000000e+00 1.394120620446987185e-03 -2.992007242007080369e-04 4.291726288908900649e-04 4.686452987529077306e-04 -8.171434113495314156e-05 -9.910186638565875714e-05 -6.796527868243821757e-06 -8.434239700641538336e-04
1.858649336086733834e-04 1.091490481450570031e-03 -6.027266008481001582e-04 1.394120620446987185e-03 0.000000000000000000e+00 -3.355319293867465354e-03 -3.928047688902766912e-03 7.428074540389844205e-04 3.058123783095342851e-05 -1.432935728035533533e-04 6.599778568495972024e-04 -2.166452982705496539e-03
2.212995737989547664e-03 1.215862948701411763e-03 4.128250364117050505e-04 -2.992007242007080369e-04 -3.355319293867465354e-03 0.000000000000000000e+00 1.203823381398550461e-03 1.075634661984573503e-03 7.691777785017764020e-04 -1.372938519511839723e-04 6.022690771133794871e-04 -9.222384120987347231e-04
7.073356730697818377e-05 -2.998652576326912389e-04 -5.323854426291132862e-04 4.291726288908900649e-04 -3.928047688902766912e-03 1.203823381398550461e-03 0.000000000000000000e+00 8.006081363812790619e-04 -1.002119948005724152e-03 4.963035708771652236e-04 4.025481008374076197e-04 -4.025401923080800014e-04
3.181603921346655623e-04 8.267408717862409235e-04 -3.006478926795531849e-04 4.686452987529077306e-04 7.428074540389844205e-04 1.075634661984573503e-03 8.006081363812790619e-04 0.000000000000000000e+00 5.074414382679094540e-04 4.439963498498282479e-04 2.108113850965339373e-04 -1.257924702949192669e-03
5.786586378476407146e-04 2.016029893821818934e-04 -1.222750831370633185e-04 -8.171434113495314156e-05 3.058123783095342851e-05 7.691777785017764020e-04 -1.002119948005724152e-03 5.074414382679094540e-04 0.000000000000000000e+00 -1.317003595268257125e-04 -3.871666635432491409e-04 -3.545317621375516882e-04
-6.280342418470276182e-04 1.644914977268694387e-04 5.892767721999345436e-04 -9.910186638565875714e-05 -1.432935728035533533e-04 -1.372938519511839723e-04 4.963035708771652236e-04 4.439963498498282479e-04 -1.317003595268257125e-04 0.000000000000000000e+00 -8.659208872589129233e-06 2.714881493768265684e-04
1.988355124648662946e-04 -7.309129731215386564e-04 -3.403697249758598151e-04 -6.796527868243821757e-06 6.599778568495972024e-04 6.022690771133794871e-04 4.025481008374076197e-04 2.108113850965339373e-04 -3.871666635432491409e-04 -8.659208872589129233e-06 0.000000000000000000e+00 4.399747839289461573e-04
1.242591725185687680e-03 -6.909751453582712406e-04 -1.115284792731089048e-04 -8.434239700641538336e-04 -2.166452982705496539e-03 -9.222384120987347231e-04 -4.025401923080800014e-04 -1.257924702949192669e-03 -3.545317621375516882e-04 2.714881493768265684e-04 4.399747839289461573e-04 0.000000000000000000e+00
