0.000000000000000000e+00 3.102917176106089034e-05 3.047309165014988434e-04 4.478693246459537194e-04 -1.742261337682761142e-04 5.108367683707292113e-04 -8.357059119658170472e-06 -2.573883396431448766e-04 -1.639014727105593235e-04 1.207889431083730908e-04 -1.188929743937251158e-04 4.636406389227043208e-04
3.102917176106089034e-05 0.000000000000000000e+00 9.906252584550016052e-06 -8.435438491480567579e-04 1.670369674905149019e-03 -1.726160517809711796e-03 -1.196131288345180649e-03 -5.578378539795855523e-04 3.806506178477977271e-04 3.629150386854997946e-04 5.698935290770669069e-04 1.715652340528465633e-04
3.047309165014988434e-04 9.906252584550016052e-06 0.000000000000000000e+00 2.259621384969947590e-05 1.013030614200370952e-03 5.577805689596270682e-05 8.211073621329290691e-04 3.591561961919975590e-04 -1.998596062262782819e-04 -6.968525366865236714e-06 -1.589133977309686920e-05 -6.990718148560215277e-04
4.478693246459537194e-04 -8.435438491480567579e-04 2.259621384969947590e-05 0.000000000000000000e+00 -9.365892566775844475e-05 -5.329110687340264533e-04 9.389681208061413350e-04 2.591837391633471360e-04 2.723371171390874838e-04 -2.468651125425288533e-05 8.338431703883348624e-05 9.948822572204113045e-04
-1.742261337682761142e-04 1.670369674905149019e-03 1.013030614200370952e-03 -9.365892566775844475e-05 0.000000000000000000e+00 -4.747460205972137246e-04 -1.293316634348240903e-03 1.062718875020990383e-03 3.359666830124736071e-04 3.539644291863195823e-04 -1.072904904967948844e-03 1.615342019134720147e-03
5.108367683707292113e-04 -1.726160517809711796e-03 5.577805689596270682e-05 -5.329110687340264533e-04 -4.747460205972137246e-04 0.000000000000000000e+00 -1.299028479752658638e-03 -7.561034732799429541e-04 -5.980907381735821706e-04 -1.185167782602554909e-04 -1.321723398956237963e-03 -2.048972371445399211e-03
-8.357059119658170472e-06 -1.196131288345180649e-03 8.211073621329290691e-04 9.389681208061413350e-04 -1.293316634348240903e-03 -1.299028479752658638e-03 0.000000000000000000e+00 8.620412775166409833e-04 8.286670647253671011e-05 6.512724106812439436e-04 1.748676374991162477e-03 -2.300951905568882332e-03
-2.573883396431448766e-04 -5.578378539795855523e-04 3.591561961919975590e-04 2.591837391633471360e-04 1.062718875020990383e-03 -7.561034732799429541e-04 8.620412775166409833e-04 0.000000000000000000e+00 -5.684889699698940325e-04 -1.398371682698639948e-04 -6.377999027059770088e-05 4.966906180588824375e-04
-1.639014727105593235e-04 3.806506178477977271e-04 -1.998596062262782819e-04 2.723371171390874838e-04 3.359666830124736071e-04 -5.980907381735821706e-04 8.286670647253671011e-05 -5.684889699698940325e-04 0.000000000000000000e+00 -1.858617268098722032e-05 -3.956368096065149037e-04 -3.262477240208134588e-05
1.207889431083730908e-04 3.629150386854997946e-04 -6.968525366865236714e-06 -2.468651125425288533e-05 3.539644291863195823e-04 -1.185167782602554909e-04 6.512724106812439436e-04 -1.398371682698639948e-04 -1.858617268098722032e-05 0.000000000000000000e+00 1.757414110218170151e-04 -4.465222656266083063e-04
-1.188929743937251158e-04 5.698935290770669069e-04 -1.589133977309686920e-05 8.338431703883348624e-05 -1.072904904967948844e-03 -1.321723398956237963e-03 1.748676374991162477e-03 -6.377999027059770088e-05 -3.956368096065149037e-04 1.757414110218170151e-04 0.000000000000000000e+00 -9.532604643971871728e-05
4.636406389227043208e-04 1.715652340528465633e-04 -6.990718148560215277e-04 9.948822572204113045e-04 1.615342019134720147e-03 -2.048972371445399211e-03 -2.300951905568882332e-03 4.966906180588824375e-04 -3.262477240208134588e-05 -4.465222656266083063e-04 -9.532604643971871728e-05 0.000000000000000000e+00
