0.000000000000000000e+00 -4.254586918224632268e-04 -4.939294211315191363e-04 3.700616948349013465e-04 2.690433827599765515e-04 -7.560379857228396007e-04 -2.485302444094749253e-04 -2.720377937698569568e-04 -5.035198468993760555e-04 -1.963919463292942481e-04 -2.005588479658153558e-05 -3.627793584797924312e-04
-4.254586918224632268e-04 0.000000000000000000e+00 9.009423919693749887e-04 5.242063695936688634e-05 1.661212338844498052e-03 5.497206236432418272e-04 -1.108815376129697105e-04 4.094256911106881999e-04 -4.799354795112668664e-04 -1.236179901555523606e-03 -1.008496934110057549e-05 -2.473944973389049053e-05
-4.939294211315191363e-04 9.009423919693749887e-04 0.000000000000000000e+00 -1.290303389093158540e-03 -2.582225408569510314e-03 -2.563730825857293318e-03 1.917089348792680903e-04 1.018168248448286534e-03 -1.089033657993194890e-04 -1.709511872429124316e-03 7.775593297913120303e-04 -5.589620496011154030e-04
3.700616948349013465e-04 5.242063695936688634e-05 -1.290303389093158540e-03 0.000000000000000000e+00 2.943134804156780906e-04 3.094920146859541374e-04 4.263460279390910096e-04 1.704776628516988641e-04 9.203947159994455484e-04 9.962885634146683399e-04 7.243266225601332098e-05 -3.573966831378659961e-04
2.690433827599765515e-04 1.661212338844498052e-03 -2.582225408569510314e-03 2.943134804156780906e-04 0.000000000000000000e+00 -5.546799158142719450e-04 4.136884797978053279e-04 4.250663550973849672e-04 6.866344442307541641e-04 6.862814636587392892e-04 -4.807672098045872775e-04 -1.564420102716525512e-04
-7.560379857228396007e-04 5.497206236432418272e-04 -2.563730825857293318e-03 3.094920146859541374e-04 -5.546799158142719450e-04 0.000000000000000000e+00 -6.875761759517320980e-04 -5.872391335119415533e-04 -7.901983756861664064e-04 1.019261455076570839e-04 -1.826709881015278834e-05 -3.392699259687958959e-04
-2.485302444094749253e-04 -1.108815376129697105e-04 1.917089348792680903e-04 4.263460279390910096e-04 4.136884797978053279e-04 -6.875761759517320980e-04 0.000000000000000000e+00 -3.275170198091438426e-04 2.109227176150360226e-04 7.199295033894525294e-04 -1.839320046268088781e-04 1.466233945668581583e-04
-2.720377937698569568e-04 4.094256911106881999e-04 1.018168248448286534e-03 1.704776628516988641e-04 4.250663550973849672e-04 -5.872391335119415533e-04 -3.275170198091438426e-04 0.000000000000000000e+00 5.645173788683602442e-04 -2.147643027027734566e-04 -3.148737490963069764e-04 -3.104167738822297194e-04
-5.035198468993760555e-04 -4.799354795112668664e-04 -1.089033657993194890e-04 9.203947159994455484e-04 6.866344442307541641e-04 -7.901983756861664064e-04 2.109227176150360226e-04 5.645173788683602442e-04 0.000000000000000000e+00 3.648097310042706346e-04 3.458011063346585990e-04 -4.572168772841216712e-05
-1.963919463292942481e-04 -1.236179901555523606e-03 -1.709511872429124316e-03 9.962885634146683399e-04 6.862814636587392892e-04 1.019261455076570839e-04 7.199295033894525294e-04 -2.147643027027734566e-04 3.648097310042706346e-04 0.000000000000000000e+00 5.938732444384854821e-04 -7.142656693205783514e-05
-2.005588479658153558e-05 -1.008496934110057549e-05 7.775593297913120303e-04 7.243266225601332098e-05 -4.807672098045872775e-04 -1.826709881015278834e-05 -1.839320046268088781e-04 -3.148737490963069764e-04 3.458011063346585990e-04 5.938732444384854821e-04 0.000000000000000000e+00 1.768960635942541659e-04
-3.627793584797924312e-04 -2.473944973389049053e-05 -5.589620496011154030e-04 -3.573966831378659961e-04 -1.564420102716525512e-04 -3.392699259687958959e-04 1.466233945668581583e-04 -3.104167738822297194e-04 -4.572168772841216712e-05 -7.142656693205783514e-05 1.768960635942541659e-04 0.000000000000000000e+00
