0.000000000000000000e+00 -8.235139413507886071e-05 1.874151590657287627e-04 -1.835516821757706568e-04 -2.395941591720604166e-04 -6.857419802148678441e-04 3.674060326246763968e-05 -6.402562753586848185e-04 2.350372765544524406e-04 -5.534534590342651090e-04 1.610824337481605716e-04 -6.594442841121278640e-05
-8.235139413507886071e-05 0.000000000000000000e+00 3.017331172474027514e-04 4.054944638940626125e-05 -5.451059733295085503e-05 8.569175804085882786e-04 8.716946661226075731e-06 2.371969087212878443e-04 1.124467492119785630e-04 4.829224930359025730e-04 2.443524866500985091e-04 -1.830493631358749555e-04
1.874151590657287627e-04 3.017331172474027514e-04 0.000000000000000000e+00 -1.091469759488485850e-03 2.988936887922541679e-03 -6.254652444992749548e-04 -3.567386564705991251e-04 8.870459847240456204e-04 1.596294141412745067e-03 2.468630450611646390e-03 -6.353990049853476443e-05 9.472017378560224294e-04
-1.835516821757706568e-04 4.054944638940626125e-05 -1.091469759488485850e-03 0.000000000000000000e+00 -1.386782401440141794e-03 1.384917045457241969e-04 -2.936303878268855345e-04 2.411666115023319468e-05 -6.956328347741884237e-04 7.236626687011476480e-04 1.465735506799641064e-04 8.721245414967707089e-05
-2.395941591720604166e-04 -5.451059733295085503e-05 2.988936887922541679e-03 -1.386782401440141794e-03 0.000000000000000000e+00 1.312519727673083954e-03 -9.163918710119161454e-04 2.706851881225834843e-04 -5.973543269974853232e-04 9.507471072998563335e-04 -7.154855641840194604e-04 6.840494737177021597e-04
-6.857419802148678441e-04 8.569175804085882786e-04 -6.254652444992749548e-04 1.384917045457241969e-04 1.312519727673083954e-03 0.000000000000000000e+00 -1.976455402557458026e-04 -7.273388101732305945e-04 3.329234254195047966e-04 -2.351470906923936160e-03 6.416035736528561502e-04 5.719031361322126153e-04
3.674060326246763968e-05 8.716946661226075731e-06 -3.567386564705991251e-04 -2.936303878268855345e-04 -9.163918710119161454e-04 -1.976455402557458026e-04 0.000000000000000000e+00 -5.141927236903489793e-04 3.545623154701086385e-04 -5.372089744143063606e-04 9.758343374152758903e-05 -4.013445473315517564e-04
-6.402562753586848185e-04 2.371969087212878443e-04 8.870459847240456204e-04 2.411666115023319468e-05 2.706851881225834843e-04 -7.273388101732305945e-04 -5.141927236903489793e-04 0.000000000000000000e+00 -1.194766748914634184e-03 1.119012069889971589e-03 1.196558157047295976e-04 -4.351046460625729740e-04
2.350372765544524406e-04 1.124467492119785630e-04 1.596294141412745067e-03 -6.956328347741884237e-04 -5.973543269974853232e-04 3.329234254195047966e-04 3.545623154701086385e-04 -1.194766748914634184e-03 0.000000000000000000e+00 -7.671142269185004571e-05 -2.351443003719709860e-04 -5.742832734283295423e-05
-5.534534590342651090e-04 4.829224930359025730e-04 2.468630450611646390e-03 7.236626687011476480e-04 9.507471072998563335e-04 -2.351470906923936160e-03 -5.372089744143063606e-04 1.119012069889971589e-03 -7.671142269185004571e-05 0.000000000000000000e+00 -8.534330568223013800e-05 -1.966180752959234882e-04
1.610824337481605716e-04 2.443524866500985091e-04 -6.353990049853476443e-05 1.465735506799641064e-04 -7.154855641840194604e-04 6.416035736528561502e-04 9.758343374152758903e-05 1.196558157047295976e-04 -2.351443003719709860e-04 -8.534330568223013800e-05 0.000000000000000000e+00 -1.953958419123701779e-04
-6.594442841121278640e-05 -1.830493631358749555e-04 9.472017378560224294e-04 8.721245414967707089e-05 6.840494737177021597e-04 5.719031361322126153e-04 -4.013445473315517564e-04 -4.351046460625729740e-04 -5.742832734283295423e-05 -1.966180752959234882e-04 -1.953958419123701779e-04 0.000000000000000000e+00
