0.000000000000000000e+00 6.434296033613016172e-04 -1.317851507022840688e-03 -8.893250333144475553e-05 6.271761378858710292e-04 -3.950775153818709002e-05 -3.013363087226415024e-04 5.268074441501370379e-04 -2.951787497977475432e-04 -1.351944568763210897e-03 4.695399316490372595e-04 -3.387694559076822543e-06
6.434296033613016172e-04 0.000000000000000000e+00 6.979778388774053816e-04 1.509544086971996912e-04 -4.103708878998230721e-04 6.127442955338146787e-04 -1.829804825616286091e-04 -3.593410734728057481e-04 -9.150161534975158545e-05 3.237797967173623899e-04 1.161829423602328093e-04 -2.922964383563770707e-04
-1.317851507022840688e-03 6.979778388774053816e-04 0.000000000000000000e+00 -1.347692550740637717e-03 8.146199365192079286e-04 8.790108212856184266e-05 -1.047482786782889244e-03 9.837788543993924214e-04 -5.021194382724451181e-04 3.180799139381094987e-03 -7.947565942784703789e-04 -1.938490366557535155e-03
-8.893250333144475553e-05 1.509544086971996912e-04 -1.347692550740637717e-03 0.000000000000000000e+00 -1.372748626154207717e-03 3.994692405690578690e-06 -4.899072479183136288e-04 -7.260842803994112596e-04 -1.263823815089375570e-04 -1.220922888969584079e-04 -3.591412858408441541e-04 2.911854994022004860e-04
6.271761378858710292e-04 -4.103708878998230721e-04 8.146199365192079286e-04 -1.372748626154207717e-03 0.000000000000000000e+00 3.400332085938130686e-04 3.308502875244284116e-04 -6.723342579448821597e-04 1.201612382504370152e-04 -1.018005413878904667e-03 9.740785292588847045e-05 -1.086875250289277969e-03
-3.950775153818709002e-05 6.127442955338146787e-04 8.790108212856184266e-05 3.994692405690578690e-06 3.400332085938130686e-04 0.000000000000000000e+00 2.632236767964665097e-04 -1.774345268912841302e-03 3.243252901274404462e-04 1.382257714899803001e-03 2.650081813073321114e-04 -8.445164727376579012e-05
-3.013363087226415024e-04 -1.829804825616286091e-04 -1.047482786782889244e-03 -4.899072479183136288e-04 3.308502875244284116e-04 2.632236767964665097e-04 0.000000000000000000e+00 -4.528338580429190846e-04 4.319521947198316628e-04 -8.902120543432303626e-04 -4.180154038010174461e-05 2.645532358198855369e-04
5.268074441501370379e-04 -3.593410734728057481e-04 9.837788543993924214e-04 -7.260842803994112596e-04 -6.723342579448821597e-04 -1.774345268912841302e-03 -4.528338580429190846e-04 0.000000000000000000e+00 1.748996993527999891e-04 6.621068405908384514e-04 3.575770842000902954e-04 8.956521245792247940e-04
-2.951787497977475432e-04 -9.150161534975158545e-05 -5.021194382724451181e-04 -1.263823815089375570e-04 1.201612382504370152e-04 3.243252901274404462e-04 4.319521947198316628e-04 1.748996993527999891e-04 0.000000000000000000e+00 -4.999157378350730280e-05 1.312222117758612093e-04 2.478663296834877731e-04
-1.351944568763210897e-03 3.237797967173623899e-04 3.180799139381094987e-03 -1.220922888969584079e-04 -1.018005413878904667e-03 1.382257714899803001e-03 -8.902120543432303626e-04 6.621068405908384514e-04 -4.999157378350730280e-05 0.000000000000000000e+00 6.507248254295202932e-04 1.330985271402499023e-03
4.695399316490372595e-04 1.161829423602328093e-04 -7.947565942784703789e-04 -3.591412858408441541e-04 9.740785292588847045e-05 2.650081813073321114e-04 -4.180154038010174461e-05 3.575770842000902954e-04 1.312222117758612093e-04 6.507248254295202932e-04 0.000000000000000000e+00 3.722335912283651735e-04
-3.387694559076822543e-06 -2.922964383563770707e-04 -1.938490366557535155e-03 2.911854994022004860e-04 -1.086875250289277969e-03 -8.445164727376579012e-05 2.645532358198855369e-04 8.956521245792247940e-04 2.478663296834877731e-04 1.330985271402499023e-03 3.722335912283651735e-04 0.000000000000000000e+00
