0.000000000000000000e+00 1.945752528614234228e-04 5.996313205164791266e-04 -5.515389693774861227e-04 6.567400920721852206e-04 -5.405034140662108013e-04 2.878499834150561633e-04 -5.596306513838473400e-04 -3.997296347755740446e-04 -2.032095514755817111e-04 2.329404654582320321e-05 -1.669260894348314421e-04
1.945752528614234228e-04 0.000000000000000000e+00 6.846701984836990563e-04 1.588162984995459821e-04 -2.595713664470061948e-05 2.755693865072542386e-04 -9.739680657131700634e-05 5.139730345299356939e-04 -7.111756274387527892e-05 1.010051010756786828e-03 -1.207645197256747939e-04 4.442830633948372464e-04
5.996313205164791266e-04 6.846701984836990563e-04 0.000000000000000000e+00 1.700521037171429974e-03 1.304576863587879375e-03 -3.061616218609432283e-03 5.549000751971269437e-04 -2.363676605913645531e-03 1.866642945597411524e-03 2.526640871440960761e-03 -1.258587863190462660e-04 -5.737790894489918974e-04
-5.515389693774861227e-04 1.588162984995459821e-04 1.700521037171429974e-03 0.000000000000000000e+00 -1.114646540248929963e-03 3.126694453792481956e-04 -3.462649567440842296e-04 -1.656902100163147986e-03 1.955693773930089984e-04 1.300772475375936701e-03 -3.366384190728863627e-04 -2.116973966287392949e-04
6.567400920721852206e-04 -2.595713664470061948e-05 1.304576863587879375e-03 -1.114646540248929963e-03 0.000000000000000000e+00 -1.383118435943075713e-03 3.727606385143694993e-04 9.441318138525432637e-04 -1.001264994260522411e-03 -3.408988330529870675e-04 5.515985085826781821e-04 -9.490542758723539973e-04
-5.405034140662108013e-04 2.755693865072542386e-04 -3.061616218609432283e-03 3.126694453792481956e-04 -1.383118435943075713e-03 0.000000000000000000e+00 -2.264218701269956626e-04 -2.857501479174542116e-05 -8.930920938246465724e-04 1.531334095187902346e-03 -5.422492004226153175e-04 -2.707086907122027491e-04
2.878499834150561633e-04 -9.739680657131700634e-05 5.549000751971269437e-04 -3.462649567440842296e-04 3.727606385143694993e-04 -2.264218701269956626e-04 0.000000000000000000e+00 -7.753018579488919662e-05 5.804447138053326054e-04 6.503494503792453356e-04 -3.064673227070890157e-04 2.805709664497776337e-04
-5.596306513838473400e-04 5.139730345299356939e-04 -2.363676605913645531e-03 -1.656902100163147986e-03 9.441318138525432637e-04 -2.857501479174542116e-05 -7.753018579488919662e-05 0.000000000000000000e+00 1.413104925278870905e-05 1.632632817882410199e-03 -5.960258170211658098e-04 -8.638761112746151400e-04
-3.997296347755740446e-04 -7.111756274387527892e-05 1.866642945597411524e-03 1.955693773930089984e-04 -1.001264994260522411e-03 -8.930920938246465724e-04 5.804447138053326054e-04 1.413104925278870905e-05 0.000000000000000000e+00 -1.376985556396167045e-03 -5.854630753016244618e-04 7.450388980165187629e-05
-2.032095514755817111e-04 1.010051010756786828e-03 2.526640871440960761e-03 1.300772475375936701e-03 -3.408988330529870675e-04 1.531334095187902346e-03 6.503494503792453356e-04 1.632632817882410199e-03 -1.376985556396167045e-03 0.000000000000000000e+00 -7.652676538194651788e-04 4.309113998624841289e-04
2.329404654582320321e-05 -1.207645197256747939e-04 -1.258587863190462660e-04 -3.366384190728863627e-04 5.515985085826781821e-04 -5.422492004226153175e-04 -3.064673227070890157e-04 -5.960258170211658098e-04 -5.854630753016244618e-04 -7.652676538194651788e-04 0.000000000000000000e+00 3.405034058003917458e-04
-1.669260894348314421e-04 4.442830633948372464e-04 -5.737790894489918974e-04 -2.116973966287392949e-04 -9.490542758723539973e-04 -2.707086907122027491e-04 2.805709664497776337e-04 -8.638761112746151400e-04 7.450388980165187629e-05 4.309113998624841289e-04 3.405034058003917458e-04 0.000000000000000000e+00
