0.000000000000000000e+00 -7.775371665468999889e-04 -4.401333550518221941e-04 3.941390707698927149e-04 3.472208346410040692e-04 -2.816493505078401051e-05 1.245218903288388887e-04 -8.450441591478840891e-04 -4.357351241784224562e-04 -6.115093815929716471e-05 -3.343486707828572020e-04 -1.481732872455852879e-04
-7.775371665468999889e-04 0.000000000000000000e+00 8.271656626669812240e-04 1.040804264904002805e-03 -6.431855014451750988e-05 3.825767228880810238e-04 -7.519983574860785325e-04 3.696936234380562652e-04 -1.902172085720737083e-03 -4.677778613376605966e-04 1.819307173672799491e-03 1.757519729727358756e-03
-4.401333550518221941e-04 8.271656626669812240e-04 0.000000000000000000e+00 2.592570627677114807e-04 1.217706318169489872e-04 2.870444966081571827e-04 7.253172312248771982e-04 -6.304078587933571037e-04 -9.648049217268599717e-04 1.389583563876615221e-04 -6.718647673590271135e-04 1.216239443282744314e-03
3.941390707698927149e-04 1.040804264904002805e-03 2.592570627677114807e-04 0.000000000000000000e+00 1.291766721707761768e-04 5.298687648413804045e-04 1.074790806273550448e-04 -3.637475162306932013e-05 1.263786754170396955e-04 3.255515762968683949e-05 3.429832028770156893e-04 2.470135761925896004e-04
3.472208346410040692e-04 -6.431855014451750988e-05 1.217706318169489872e-04 1.291766721707761768e-04 0.000000000000000000e+00 7.222428333100446940e-05 1.014535484263817417e-03 3.464627735353789434e-04 -5.267927832554899744e-04 -1.320212913723109514e-04 -2.603750847602322800e-04 -2.966495395429788288e-04
-2.816493505078401051e-05 3.825767228880810238e-04 2.870444966081571827e-04 5.298687648413804045e-04 7.222428333100446940e-05 0.000000000000000000e+00 9.618330347193134074e-04 7.425564022275225667e-04 1.347220311036088913e-03 -1.961800934749672774e-04 2.267099818955128280e-04 1.365952430243688905e-03
1.245218903288388887e-04 -7.519983574860785325e-04 7.253172312248771982e-04 1.074790806273550448e-04 1.014535484263817417e-03 9.618330347193134074e-04 0.000000000000000000e+00 -3.218843807642241699e-04 -2.825416865959113309e-03 -4.216702045702313260e-04 -6.781969568954393198e-05 2.304070891062717612e-03
-8.450441591478840891e-04 3.696936234380562652e-04 -6.304078587933571037e-04 -3.637475162306932013e-05 3.464627735353789434e-04 7.425564022275225667e-04 -3.218843807642241699e-04 0.000000000000000000e+00 3.081229790705516686e-03 4.123159619995692094e-04 5.774003411080050633e-04 6.516260239082639167e-04
-4.357351241784224562e-04 -1.902172085720737083e-03 -9.648049217268599717e-04 1.263786754170396955e-04 -5.267927832554899744e-04 1.347220311036088913e-03 -2.825416865959113309e-03 3.081229790705516686e-03 0.000000000000000000e+00 -8.578593383200565272e-04 3.383083934971111979e-04 9.258706774097501171e-04
-6.115093815929716471e-05 -4.677778613376605966e-04 1.389583563876615221e-04 3.255515762968683949e-05 -1.320212913723109514e-04 -1.961800934749672774e-04 -4.216702045702313260e-04 4.123159619995692094e-04 -8.578593383200565272e-04 0.000000000000000000e+00 -1.966965345477979818e-04 2.894542736632410048e-05
-3.343486707828572020e-04 1.819307173672799491e-03 -6.718647673590271135e-04 3.429832028770156893e-04 -2.603750847602322800e-04 2.267099818955128280e-04 -6.781969568954393198e-05 5.774003411080050633e-04 3.383083934971111979e-04 -1.966965345477979818e-04 0.000000000000000000e+00 -4.961398161953471360e-04
-1.481732872455852879e-04 1.757519729727358756e-03 1.216239443282744314e-03 2.470135761925896004e-04 -2.966495395429788288e-04 1.365952430243688905e-03 2.304070891062717612e-03 6.516260239082639167e-04 9.258706774097501171e-04 2.894542736632410048e-05 -4.961398161953471360e-04 0.000000000000000000e+00
