0.000000000000000000e+00 -2.367609242807394861e-04 -5.069218460526401853e-04 -6.731280222733387420e-05 1.864099902469145342e-04 -1.902743040564702564e-04 -4.468346394454984077e-04 -1.196604680195117391e-04 7.226998765376321235e-04 -8.875451182433008121e-05 -2.050476759722211543e-04 -8.951548726598793375e-05
-2.367609242807394861e-04 0.000000000000000000e+00 8.099793857377541890e-04 -4.355745392138804018e-04 2.130099639528367211e-04 -1.231960937585337102e-03 -2.839629960612241426e-03 -8.560665104714731966e-04 4.138047470120568942e-03 2.703969076588040241e-04 -1.284541155838596739e-03 2.224695907114263103e-03
-5.069218460526401853e-04 8.099793857377541890e-04 0.000000000000000000e+00 -4.613670502646895623e-04 -1.445426091318931456e-04 4.557851025645536934e-04 1.319161024778785479e-03 -7.439690376414473914e-04 -2.071498759957456190e-04 -5.088941010734795658e-05 4.116236331544709227e-04 2.366606087010763063e-04
-6.731280222733387420e-05 -4.355745392138804018e-04 -4.613670502646895623e-04 0.000000000000000000e+00 3.392917965095252480e-04 1.424550092974371325e-04 -8.146230397431926742e-04 -8.540944266956347836e-04 6.703267731295038364e-04 -2.781560260260794557e-04 8.317377167565085652e-04 -5.740178295835596332e-04
1.864099902469145342e-04 2.130099639528367211e-04 -1.445426091318931456e-04 3.392917965095252480e-04 0.000000000000000000e+00 3.361011998120083015e-04 2.357852461089509472e-04 -8.170711448237285684e-06 -4.890543188864610979e-05 4.149854422575583596e-04 -4.830966251085053615e-05 -1.071174052492950295e-04
-1.902743040564702564e-04 -1.231960937585337102e-03 4.557851025645536934e-04 1.424550092974371325e-04 3.361011998120083015e-04 0.000000000000000000e+00 -6.533458526033958976e-05 -2.705886431625284896e-04 -1.307849479226653837e-03 -4.187134620807664190e-04 -6.699853945909753491e-04 -1.218670029587332407e-03
-4.468346394454984077e-04 -2.839629960612241426e-03 1.319161024778785479e-03 -8.146230397431926742e-04 2.357852461089509472e-04 -6.533458526033958976e-05 0.000000000000000000e+00 1.890123914457784190e-04 -1.266926874284588769e-03 -5.592826255833983733e-04 6.685268720518454649e-04 -3.255465063235910116e-06
-1.196604680195117391e-04 -8.560665104714731966e-04 -7.439690376414473914e-04 -8.540944266956347836e-04 -8.170711448237285684e-06 -2.705886431625284896e-04 1.890123914457784190e-04 0.000000000000000000e+00 -1.021397205496548440e-03 1.106508071458639188e-04 -1.236986041802970405e-04 -8.891252731418708248e-04
7.226998765376321235e-04 4.138047470120568942e-03 -2.071498759957456190e-04 6.703267731295038364e-04 -4.890543188864610979e-05 -1.307849479226653837e-03 -1.266926874284588769e-03 -1.021397205496548440e-03 0.000000000000000000e+00 -6.708672135832842096e-04 1.586505391402352142e-03 -2.596844934003465560e-04
-8.875451182433008121e-05 2.703969076588040241e-04 -5.088941010734795658e-05 -2.781560260260794557e-04 4.149854422575583596e-04 -4.187134620807664190e-04 -5.592826255833983733e-04 1.106508071458639188e-04 -6.708672135832842096e-04 0.000000000000000000e+00 -7.529170386432341489e-05 3.818324440051774861e-04
-2.050476759722211543e-04 -1.284541155838596739e-03 4.116236331544709227e-04 8.317377167565085652e-04 -4.830966251085053615e-05 -6.699853945909753491e-04 6.685268720518454649e-04 -1.236986041802970405e-04 1.586505391402352142e-03 -7.529170386432341489e-05 0.000000000000000000e+00 -1.100826627942659520e-03
-8.951548726598793375e-05 2.224695907114263103e-03 2.366606087010763063e-04 -5.740178295835596332e-04 -1.071174052492950295e-04 -1.218670029587332407e-03 -3.255465063235910116e-06 -8.891252731418708248e-04 -2.596844934003465560e-04 3.818324440051774861e-04 -1.100826627942659520e-03 0.000000000000000000e+00
