0.000000000000000000e+00 -3.874867781126658086e-04 -5.196624467795590407e-04 -1.728148043804887874e-04 9.565391030944811511e-05 1.159923824746177833e-04 9.422883793635946845e-04 1.243699275840360718e-04 -3.491092923004958544e-05 -5.667043382660952701e-04 6.758246692387484024e-05 -8.035483080380051088e-04
-3.874867781126658086e-04 0.000000000000000000e+00 6.713657002209508229e-04 9.088664329045982723e-04 8.786818612599767197e-04 9.967359318012933549e-04 -3.432438634084158339e-03 -2.051900284205346921e-03 -1.184002827596842373e-03 2.911807681703960406e-04 3.858335755863118795e-04 -2.012626777213642835e-03
-5.196624467795590407e-04 6.713657002209508229e-04 0.000000000000000000e+00 -5.187500721902749357e-05 1.709595830543597986e-04 -4.746299117788725219e-04 1.388787576824585164e-04 3.322773498164729522e-04 -6.446811003690718078e-04 -4.464886790948552038e-04 4.341241687095368255e-04 -5.853645733031419946e-05
-1.728148043804887874e-04 9.088664329045982723e-04 -5.187500721902749357e-05 0.000000000000000000e+00 -9.733953677321751958e-05 -9.049669160055691614e-05 2.170645816359872786e-04 -3.081326232956830484e-04 -9.411440990784371188e-05 6.327373491849776416e-05 4.936942678062441201e-04 9.746987826200508487e-05
9.565391030944811511e-05 8.786818612599767197e-04 1.709595830543597986e-04 -9.733953677321751958e-05 0.000000000000000000e+00 5.397235237717619471e-04 -3.175712925929856465e-05 -4.061036589534685709e-05 -1.001228441415455027e-03 -1.340904112126575787e-04 -5.703487513127630153e-04 -5.944033360626180219e-04
1.159923824746177833e-04 9.967359318012933549e-04 -4.746299117788725219e-04 -9.049669160055691614e-05 5.397235237717619471e-04 0.000000000000000000e+00 -9.567562910007715608e-04 -7.938067860406286189e-04 -1.358512339035500066e-03 -5.988632277975915966e-04 3.595646713594810714e-04 1.137626646566117792e-03
9.422883793635946845e-04 -3.432438634084158339e-03 1.388787576824585164e-04 2.170645816359872786e-04 -3.175712925929856465e-05 -9.567562910007715608e-04 0.000000000000000000e+00 2.336295601547564316e-03 8.071422249601011706e-04 -4.254978039341454328e-04 -7.550063438533641995e-04 -1.094907829691391110e-03
1.243699275840360718e-04 -2.051900284205346921e-03 3.322773498164729522e-04 -3.081326232956830484e-04 -4.061036589534685709e-05 -7.938067860406286189e-04 2.336295601547564316e-03 0.000000000000000000e+00 -3.471576797184830606e-04 5.222099398566191130e-04 -4.209600100957390316e-04 2.550423060924893832e-04
-3.491092923004958544e-05 -1.184002827596842373e-03 -6.446811003690718078e-04 -9.411440990784371188e-05 -1.001228441415455027e-03 -1.358512339035500066e-03 8.071422249601011706e-04 -3.471576797184830606e-04 0.000000000000000000e+00 -8.984978612040741457e-04 -2.509783646702998318e-05 1.356116019942241960e-03
-5.667043382660952701e-04 2.911807681703960406e-04 -4.464886790948552038e-04 6.327373491849776416e-05 -1.340904112126575787e-04 -5.988632277975915966e-04 -4.254978039341454328e-04 5.222099398566191130e-04 -8.984978612040741457e-04 0.000000000000000000e+00 8.595077556049702443e-05 -3.992884956575788670e-04
6.758246692387484024e-05 3.858335755863118795e-04 4.341241687095368255e-04 4.936942678062441201e-04 -5.703487513127630153e-04 3.595646713594810714e-04 -7.550063438533641995e-04 -4.209600100957390316e-04 -2.509783646702998318e-05 8.595077556049702443e-05 0.000000000000000000e+00 -3.993380819098292923e-04
-8.035483080380051088e-04 -2.012626777213642835e-03 -5.853645733031419946e-05 9.746987826200508487e-05 -5.944033360626180219e-04 1.137626646566117792e-03 -1.094907829691391110e-03 2.550423060924893832e-04 1.356116019942241960e-03 -3.992884956575788670e-04 -3.993380819098292923e-04 0.000000000000000000e+00
