0.000000000000000000e+00 -1.329235526952296043e-03 -1.390368581897859061e-04 3.161934183770159063e-04 -1.521283053456388198e-04 -3.443010858598746934e-04 1.937810138802813578e-04 3.061198073807365819e-04 4.618827947249087048e-04 3.845206558179473772e-04 -1.856907799505253947e-05 -6.068607342871763918e-04
-1.329235526952296043e-03 0.000000000000000000e+00 -1.352588063659326020e-04 -4.964128809173042479e-05 -8.925253780529157112e-04 1.548593704702595341e-03 1.348369058561457202e-03 -2.391211597824724044e-03 1.080798541079876300e-05 1.057495009624949368e-03 9.134922868724895369e-04 -2.970182821062182900e-04
-1.390368581897859061e-04 -1.352588063659326020e-04 0.000000000000000000e+00 2.509723169519926687e-04 1.872316363524716089e-04 -4.097304728711106177e-04 2.851919286207245540e-05 1.506691686385491736e-04 1.485846786189864977e-04 -4.515767773033778061e-05 -1.687145427768831020e-04 -6.757049628838773748e-05
3.161934183770159063e-04 -4.964128809173042479e-05 2.509723169519926687e-04 0.000000000000000000e+00 -4.081405436584236644e-05 -6.311948712849231851e-05 -4.391474502279295116e-04 -2.196838283023596478e-04 1.046664615176808060e-04 -2.648915470152187748e-04 -1.480065917025062385e-05 -8.855276935685304010e-04
-1.521283053456388198e-04 -8.925253780529157112e-04 1.872316363524716089e-04 -4.081405436584236644e-05 0.000000000000000000e+00 3.862118554385198985e-04 -2.444969494705244179e-04 -2.680486169275987478e-04 -6.179044195974343380e-04 -5.017925984596179989e-05 -6.666893948471585731e-06 -9.520357483137446841e-04
-3.443010858598746934e-04 1.548593704702595341e-03 -4.097304728711106177e-04 -6.311948712849231851e-05 3.862118554385198985e-04 0.000000000000000000e+00 6.757542858211534019e-04 9.519949242723599889e-04 -5.647648076742569452e-04 4.000566805645144452e-04 -7.197612387365839642e-04 -5.245004612177099753e-04
1.937810138802813578e-04 1.348369058561457202e-03 2.851919286207245540e-05 -4.391474502279295116e-04 -2.444969494705244179e-04 6.757542858211534019e-04 0.000000000000000000e+00 1.884942136807888063e-03 9.475184251153885876e-04 -6.826903967299967390e-04 1.246073310942575176e-03 -2.235884886041128537e-03
3.061198073807365819e-04 -2.391211597824724044e-03 1.506691686385491736e-04 -2.196838283023596478e-04 -2.680486169275987478e-04 9.519949242723599889e-04 1.884942136807888063e-03 0.000000000000000000e+00 -1.671298303576272508e-03 1.273173653921267669e-04 9.659364650698052876e-04 1.430734360510561637e-03
4.618827947249087048e-04 1.080798541079876300e-05 1.485846786189864977e-04 1.046664615176808060e-04 -6.179044195974343380e-04 -5.647648076742569452e-04 9.475184251153885876e-04 -1.671298303576272508e-03 0.000000000000000000e+00 -9.524276397797535286e-04 -2.488904223109839747e-03 -4.963111981078006029e-04
3.845206558179473772e-04 1.057495009624949368e-03 -4.515767773033778061e-05 -2.648915470152187748e-04 -5.017925984596179989e-05 4.000566805645144452e-04 -6.826903967299967390e-04 1.273173653921267669e-04 -9.524276397797535286e-04 0.000000000000000000e+00 2.731073329543261914e-04 2.315798450185832232e-04
-1.856907799505253947e-05 9.134922868724895369e-04 -1.687145427768831020e-04 -1.480065917025062385e-05 -6.666893948471585731e-06 -7.197612387365839642e-04 1.246073310942575176e-03 9.659364650698052876e-04 -2.488904223109839747e-03 2.731073329543261914e-04 0.000000000000000000e+00 -6.448543548833906213e-04
-6.068607342871763918e-04 -2.970182821062182900e-04 -6.757049628838773748e-05 -8.855276935685304010e-04 -9.520357483137446841e-04 -5.245004612177099753e-04 -2.235884886041128537e-03 1.430734360510561637e-03 -4.963111981078006029e-04 2.315798450185832232e-04 -6.448543548833906213e-04 0.000000000000000000e+00
