0.000000000000000000e+00 -4.466023983540053175e-04 2.150717691788004067e-04 3.791830056193090052e-04 -4.267849181200701354e-04 1.260135481275647057e-03 -7.415569382102966565e-05 -2.741910808055751940e-04 -1.434117269692200373e-04 -1.014755535815880594e-03 -1.801101206244369612e-04 -2.472540880951913265e-04
-4.466023983540053175e-04 0.000000000000000000e+00 8.555577055117212634e-04 4.453361091163824943e-04 1.252995824309382979e-04 9.900198118054043348e-04 -5.917957015691476062e-04 9.136372659646689836e-05 -8.793106303541668766e-04 1.363674486748538009e-03 4.015917934459517068e-04 5.222580108706620632e-04
2.150717691788004067e-04 8.555577055117212634e-04 0.000000000000000000e+00 4.827707409039457670e-04 -2.782056285330657196e-04 -2.195459910987513806e-04 -2.335819158589181493e-04 -2.427144024797006302e-04 1.212311809742945209e-03 -3.578406556585017780e-04 -6.090251558923742226e-04 -1.314569212957613427e-04
3.791830056193090052e-04 4.453361091163824943e-04 4.827707409039457670e-04 0.000000000000000000e+00 3.949767084760387481e-04 6.801907555953799972e-04 -8.218836663632876063e-04 -3.182671112854911920e-04 5.337656397929267096e-04 2.666875072826213893e-04 -8.675161445911386293e-05 -8.506693599095464711e-04
-4.267849181200701354e-04 1.252995824309382979e-04 -2.782056285330657196e-04 3.949767084760387481e-04 0.000000000000000000e+00 -8.989895979907591185e-04 -4.040677067935904846e-04 2.572113682586691383e-04 -5.909234705592374430e-04 -1.192823825894488189e-03 -8.147359131977824191e-05 -2.670066096287270277e-04
1.260135481275647057e-03 9.900198118054043348e-04 -2.195459910987513806e-04 6.801907555953799972e-04 -8.989895979907591185e-04 0.000000000000000000e+00 6.802330099614965027e-04 3.646260157585738096e-04 -2.129433277006776478e-03 -1.329954020483506980e-03 -9.071601198689137942e-04 2.104558111774675261e-04
-7.415569382102966565e-05 -5.917957015691476062e-04 -2.335819158589181493e-04 -8.218836663632876063e-04 -4.040677067935904846e-04 6.802330099614965027e-04 0.000000000000000000e+00 1.266914835606835848e-04 -9.269275288120381283e-04 1.321659511047569265e-03 -7.026802416208639292e-05 -5.748743094588096639e-04
-2.741910808055751940e-04 9.136372659646689836e-05 -2.427144024797006302e-04 -3.182671112854911920e-04 2.572113682586691383e-04 3.646260157585738096e-04 1.266914835606835848e-04 0.000000000000000000e+00 8.966023530661991394e-04 8.730679024973096811e-04 -6.317832718364084369e-04 -3.008250046365930510e-05
-1.434117269692200373e-04 -8.793106303541668766e-04 1.212311809742945209e-03 5.337656397929267096e-04 -5.909234705592374430e-04 -2.129433277006776478e-03 -9.269275288120381283e-04 8.966023530661991394e-04 0.000000000000000000e+00 1.616288465508232668e-03 -1.123577203023679635e-03 -5.627464959312198462e-04
-1.014755535815880594e-03 1.363674486748538009e-03 -3.578406556585017780e-04 2.666875072826213893e-04 -1.192823825894488189e-03 -1.329954020483506980e-03 1.321659511047569265e-03 8.730679024973096811e-04 1.616288465508232668e-03 0.000000000000000000e+00 1.521893840533001998e-03 -1.522868129125417528e-03
-1.801101206244369612e-04 4.015917934459517068e-04 -6.090251558923742226e-04 -8.675161445911386293e-05 -8.147359131977824191e-05 -9.071601198689137942e-04 -7.026802416208639292e-05 -6.317832718364084369e-04 -1.123577203023679635e-03 1.521893840533001998e-03 0.000000000000000000e+00 3.908712974360924847e-05
-2.472540880951913265e-04 5.222580108706620632e-04 -1.314569212957613427e-04 -8.506693599095464711e-04 -2.670066096287270277e-04 2.104558111774675261e-04 -5.748743094588096639e-04 -3.008250046365930510e-05 -5.627464959312198462e-04 -1.522868129125417528e-03 3.908712974360924847e-05 0.000000000000000000e+00
