0.000000000000000000e+00 -8.243532430564655790e-04 -5.141152969261580247e-04 2.141050551215762190e-04 6.532678202993543945e-04 6.158876923693506209e-04 -2.943456813953339437e-05 4.463865789358087486e-04 3.081985616334315808e-04 -8.521784217125319319e-05 3.051257067007667571e-04 6.572001505361876102e-04
-8.243532430564655790e-04 0.000000000000000000e+00 -6.180229022499229667e-04 1.152829018231265365e-04 -1.420764572332562344e-04 -3.782691795032248720e-03 -3.589206941552410858e-04 4.621410681501962126e-04 -1.338843024618675305e-03 -1.578652319885848762e-03 -2.565517012719015959e-04 6.436324668024979078e-04
-5.141152969261580247e-04 -6.180229022499229667e-04 0.000000000000000000e+00 -3.543208015752604139e-04 -8.870464900084407828e-04 3.636262486779581402e-03 4.260537748025756901e-04 4.520547270344937169e-04 5.168596726949164187e-04 3.599258704755689932e-04 -5.733421103797538130e-05 5.712380753585886810e-04
2.141050551215762190e-04 1.152829018231265365e-04 -3.543208015752604139e-04 0.000000000000000000e+00 6.221629900778859927e-04 8.021768213995269939e-04 -4.157668031733619961e-04 3.093517874994719096e-04 9.576458349919690378e-04 -1.444197533637930214e-03 -2.865073966054781950e-04 4.157388243360675287e-04
6.532678202993543945e-04 -1.420764572332562344e-04 -8.870464900084407828e-04 6.221629900778859927e-04 0.000000000000000000e+00 -3.436022924258651332e-04 -2.861457787096022450e-04 4.973842000304542842e-05 -7.137269302888660455e-04 -6.303315896404324068e-05 2.306424173943280088e-04 5.911218578309539564e-05
6.158876923693506209e-04 -3.782691795032248720e-03 3.636262486779581402e-03 8.021768213995269939e-04 -3.436022924258651332e-04 0.000000000000000000e+00 8.667210791159791605e-04 9.423320089356787381e-04 -2.237065244468649638e-03 -4.500376181778449440e-03 1.955778570971815052e-04 -1.333901504923530037e-03
-2.943456813953339437e-05 -3.589206941552410858e-04 4.260537748025756901e-04 -4.157668031733619961e-04 -2.861457787096022450e-04 8.667210791159791605e-04 0.000000000000000000e+00 8.242099158765696897e-04 4.676724258648092144e-04 1.359454274806963384e-03 6.377558960316317266e-05 1.263534959879499312e-04
4.463865789358087486e-04 4.621410681501962126e-04 4.520547270344937169e-04 3.093517874994719096e-04 4.973842000304542842e-05 9.423320089356787381e-04 8.242099158765696897e-04 0.000000000000000000e+00 1.134354330045573298e-03 -1.037154304858699900e-03 1.276333955729843782e-04 7.562715849264969783e-04
3.081985616334315808e-04 -1.338843024618675305e-03 5.168596726949164187e-04 9.576458349919690378e-04 -7.137269302888660455e-04 -2.237065244468649638e-03 4.676724258648092144e-04 1.134354330045573298e-03 0.000000000000000000e+00 2.718400388518600261e-03 8.437240672303201823e-06 8.414657155351106628e-04
-8.521784217125319319e-05 -1.578652319885848762e-03 3.599258704755689932e-04 -1.444197533637930214e-03 -6.303315896404324068e-05 -4.500376181778449440e-03 1.359454274806963384e-03 -1.037154304858699900e-03 2.718400388518600261e-03 0.000000000000000000e+00 -3.125359767772767534e-04 9.909384747460428435e-04
3.051257067007667571e-04 -2.565517012719015959e-04 -5.733421103797538130e-05 -2.865073966054781950e-04 2.306424173943280088e-04 1.955778570971815052e-04 6.377558960316317266e-05 1.276333955729843782e-04 8.437240672303201823e-06 -3.125359767772767534e-04 0.000000000000000000e+00 -5.699030503661129407e-05
6.572001505361876102e-04 6.436324668024979078e-04 5.712380753585886810e-04 4.157388243360675287e-04 5.911218578309539564e-05 -1.333901504923530037e-03 1.263534959879499312e-04 7.562715849264969783e-04 8.414657155351106628e-04 9.909384747460428435e-04 -5.699030503661129407e-05 0.000000000000000000e+00
