0.000000000000000000e+00 2.070891350697784503e-05 5.059295076944755583e-04 -1.122178515695624511e-04 -1.528603602896337090e-04 -4.280086406765696433e-04 -5.770014161716413657e-04 1.355141676851207434e-04 3.700628044828865523e-04 3.453488497564598464e-04 -3.873873687640254425e-04 2.936606028627609098e-04
2.070891350697784503e-05 0.000000000000000000e+00 -8.049252563205151149e-04 -2.056325842790308910e-04 -6.122897905397042470e-04 -1.233598616062579669e-03 1.623527536625801997e-04 1.220826300255196571e-04 -8.574003782797228910e-04 6.686727452578672837e-04 -2.928071236921024221e-04 2.098095740268956610e-04
5.059295076944755583e-04 -8.049252563205151149e-04 0.000000000000000000e+00 5.439740040090093988e-04 -2.808663520019349827e-04 4.390714448787930635e-04 1.933550972285813681e-04 3.877492890511760647e-04 -4.136398367413823872e-04 -1.684215057207465735e-03 -3.703617494329903973e-05 -1.861498638416803260e-04
-1.122178515695624511e-04 -2.056325842790308910e-04 5.439740040090093988e-04 0.000000000000000000e+00 -2.039812376247599000e-04 6.039557223530598413e-04 -1.171518186724258072e-04 -2.258928350459883281e-04 -5.723646283758062605e-04 9.600098471297511702e-04 1.883553728538973828e-04 -4.932147365186163434e-04
-1.528603602896337090e-04 -6.122897905397042470e-04 -2.808663520019349827e-04 -2.039812376247599000e-04 0.000000000000000000e+00 7.914450811654611751e-04 -2.362522612200577176e-05 3.754164806950134825e-05 3.084030455361324360e-04 4.796297557522701438e-04 -2.622377097815497410e-04 1.045999449320858039e-04
-4.280086406765696433e-04 -1.233598616062579669e-03 4.390714448787930635e-04 6.039557223530598413e-04 7.914450811654611751e-04 0.000000000000000000e+00 -1.643856795197989017e-04 -2.571009165774616224e-03 -2.148866808884332489e-03 -2.212812252075928039e-03 -9.003912657321777504e-04 1.490828124128646195e-03
-5.770014161716413657e-04 1.623527536625801997e-04 1.933550972285813681e-04 -1.171518186724258072e-04 -2.362522612200577176e-05 -1.643856795197989017e-04 0.000000000000000000e+00 -1.644494221282543863e-04 3.098838783268582399e-04 -1.420137019414559072e-03 -2.985558102353079611e-05 -2.317273237407346451e-04
1.355141676851207434e-04 1.220826300255196571e-04 3.877492890511760647e-04 -2.258928350459883281e-04 3.754164806950134825e-05 -2.571009165774616224e-03 -1.644494221282543863e-04 0.000000000000000000e+00 -3.667069841588748466e-04 -8.446174121319593997e-04 2.331766778856655747e-04 4.698237632126552564e-04
3.700628044828865523e-04 -8.574003782797228910e-04 -4.136398367413823872e-04 -5.723646283758062605e-04 3.084030455361324360e-04 -2.148866808884332489e-03 3.098838783268582399e-04 -3.667069841588748466e-04 0.000000000000000000e+00 -1.841404000682298826e-04 1.289864997827851591e-04 -6.046251330125535731e-04
3.453488497564598464e-04 6.686727452578672837e-04 -1.684215057207465735e-03 9.600098471297511702e-04 4.796297557522701438e-04 -2.212812252075928039e-03 -1.420137019414559072e-03 -8.446174121319593997e-04 -1.841404000682298826e-04 0.000000000000000000e+00 -6.771807149046120628e-04 -1.412552721096162894e-03
-3.873873687640254425e-04 -2.928071236921024221e-04 -3.703617494329903973e-05 1.883553728538973828e-04 -2.622377097815497410e-04 -9.003912657321777504e-04 -2.985558102353079611e-05 2.331766778856655747e-04 1.289864997827851591e-04 -6.771807149046120628e-04 0.000000000000000000e+00 -8.974953119176594515e-05
2.936606028627609098e-04 2.098095740268956610e-04 -1.861498638416803260e-04 -4.932147365186163434e-04 1.045999449320858039e-04 1.490828124128646195e-03 -2.317273237407346451e-04 4.698237632126552564e-04 -6.046251330125535731e-04 -1.412552721096162894e-03 -8.974953119176594515e-05 0.000000000000000000e+00
