0.000000000000000000e+00 5.808643264722788448e-04 1.819706773480793665e-04 -5.938532725033682669e-04 3.301605505935754762e-04 -2.018583241411338412e-03 6.730114519639912411e-04 3.973847966652298540e-04 -5.726609383461889538e-04 1.429552074972142159e-03 -1.911390233745164887e-04 -2.171412329088835995e-04
5.808643264722788448e-04 0.000000000000000000e+00 -6.081091803613137897e-04 -2.279670457409505588e-04 -2.678665478813834497e-04 8.244890924481412375e-04 -6.856907909222201628e-04 2.594923282027790292e-04 1.219320544895498813e-03 1.315144063373016332e-03 6.289337302909790879e-04 -1.256843359564893648e-04
1.819706773480793665e-04 -6.081091803613137897e-04 0.000000000000000000e+00 -5.899868846429742438e-04 -5.067836099400777365e-04 -1.779206112366999793e-03 -5.066595191543775975e-04 -1.369006706431309477e-04 7.336415975783578281e-04 4.254941653154996816e-04 6.566345745664018503e-04 6.655557115070188500e-04
-5.938532725033682669e-04 -2.279670457409505588e-04 -5.899868846429742438e-04 0.000000000000000000e+00 -2.349989313524066166e-04 1.774674402776240051e-03 2.712035952886709218e-04 -5.835773507194888781e-04 -4.476066144171376884e-04 -9.783720166956424579e-05 5.237876823367568170e-04 -4.857365279877794324e-04
3.301605505935754762e-04 -2.678665478813834497e-04 -5.067836099400777365e-04 -2.349989313524066166e-04 0.000000000000000000e+00 -1.407760272698224333e-03 6.402725517322391583e-05 -1.556123356277202099e-04 3.456098331294840524e-04 -1.190514635202431174e-03 -3.589301249394839777e-04 1.432513300201294167e-04
-2.018583241411338412e-03 8.244890924481412375e-04 -1.779206112366999793e-03 1.774674402776240051e-03 -1.407760272698224333e-03 0.000000000000000000e+00 -2.398873635949673011e-04 -3.700762454287031297e-04 2.442025364661122531e-05 -2.138636402416997802e-04 -2.813092341021120849e-04 -4.860833155218016667e-04
6.730114519639912411e-04 -6.856907909222201628e-04 -5.066595191543775975e-04 2.712035952886709218e-04 6.402725517322391583e-05 -2.398873635949673011e-04 0.000000000000000000e+00 7.495376602838691284e-04 -1.042002631541440877e-03 6.641853123282084057e-04 -1.996036062066043571e-04 -6.664630098886693702e-04
3.973847966652298540e-04 2.594923282027790292e-04 -1.369006706431309477e-04 -5.835773507194888781e-04 -1.556123356277202099e-04 -3.700762454287031297e-04 7.495376602838691284e-04 0.000000000000000000e+00 6.588201887648128738e-04 1.047471787266858597e-03 -2.954554262744319001e-04 -8.330332103336919830e-05
-5.726609383461889538e-04 1.219320544895498813e-03 7.336415975783578281e-04 -4.476066144171376884e-04 3.456098331294840524e-04 2.442025364661122531e-05 -1.042002631541440877e-03 6.588201887648128738e-04 0.000000000000000000e+00 -4.807782877533452100e-05 -5.838380579704906747e-05 1.072933121588006463e-03
1.429552074972142159e-03 1.315144063373016332e-03 4.254941653154996816e-04 -9.783720166956424579e-05 -1.190514635202431174e-03 -2.138636402416997802e-04 6.641853123282084057e-04 1.047471787266858597e-03 -4.807782877533452100e-05 0.000000000000000000e+00 2.462736084769959265e-04 -7.993422212432176261e-04
-1.911390233745164887e-04 6.289337302909790879e-04 6.566345745664018503e-04 5.237876823367568170e-04 -3.589301249394839777e-04 -2.813092341021120849e-04 -1.996036062066043571e-04 -2.954554262744319001e-04 -5.838380579704906747e-05 2.462736084769959265e-04 0.000000000000000000e+00 3.793997754801038962e-04
-2.171412329088835995e-04 -1.256843359564893648e-04 6.655557115070188500e-04 -4.857365279877794324e-04 1.432513300201294167e-04 -4.860833155218016667e-04 -6.664630098886693702e-04 -8.330332103336919830e-05 1.072933121588006463e-03 -7.993422212432176261e-04 3.793997754801038962e-04 0.000000000000000000e+00
