0.000000000000000000e+00 9.969277698607841628e-04 -8.416884241726004141e-04 1.242715538266910675e-04 2.869946154524299019e-04 -2.167821233971490950e-03 1.725560593773824115e-04 -4.976987864860638608e-04 1.050809113648056448e-03 1.004761193746917365e-04 -9.797602007041118430e-04 6.914953977379518189e-04
9.969277698607841628e-04 0.000000000000000000e+00 2.988662651509355582e-04 1.721920857703186029e-04 4.094599260668960574e-04 -4.175211925360999810e-04 7.544076534846967099e-04 2.720945875749115374e-04 2.048433333582710990e-04 2.732111030531501032e-05 2.175079062521195208e-04 3.368991582154063670e-04
-8.416884241726004141e-04 2.988662651509355582e-04 0.000000000000000000e+00 1.113530554152185591e-04 3.211165296198796159e-04 1.418983574349754135e-03 5.608801473443862954e-04 6.881284183759153012e-05 -2.547585072260550513e-04 3.543444847386028620e-04 2.047712901959568049e-04 5.983351938308481511e-04
1.242715538266910675e-04 1.721920857703186029e-04 1.113530554152185591e-04 0.000000000000000000e+00 1.823738698378154881e-04 -4.256616159888310449e-04 -7.490581003604990283e-04 1.311713825723271384e-04 -1.115302729873822495e-04 -1.354233873205692475e-04 -3.559043978713330881e-04 7.819225624013673376e-05
2.869946154524299019e-04 4.094599260668960574e-04 3.211165296198796159e-04 1.823738698378154881e-04 0.000000000000000000e+00 -1.854279565340461963e-04 -1.090015706323475136e-03 1.375009093103363832e-05 -8.836454926937909989e-04 -7.054764465617420315e-04 6.088396380891978156e-04 1.251658065709905076e-03
-2.167821233971490950e-03 -4.175211925360999810e-04 1.418983574349754135e-03 -4.256616159888310449e-04 -1.854279565340461963e-04 0.000000000000000000e+00 7.589678735332560777e-04 -7.394137187633192249e-04 2.819708819851265633e-03 -2.093510286342751896e-04 -4.045164520750942115e-04 7.871652494085249092e-04
1.725560593773824115e-04 7.544076534846967099e-04 5.608801473443862954e-04 -7.490581003604990283e-04 -1.090015706323475136e-03 7.589678735332560777e-04 0.000000000000000000e+00 -5.971213345012396862e-04 1.005069146261909629e-03 -6.926539068005022244e-05 1.450181402235194627e-03 -1.551207451227370982e-03
-4.976987864860638608e-04 2.720945875749115374e-04 6.881284183759153012e-05 1.311713825723271384e-04 1.375009093103363832e-05 -7.394137187633192249e-04 -5.971213345012396862e-04 0.000000000000000000e+00 -3.564744069935301481e-04 -1.093872741437599676e-05 -6.324998006658923545e-05 -4.726118589649258312e-04
1.050809113648056448e-03 2.048433333582710990e-04 -2.547585072260550513e-04 -1.115302729873822495e-04 -8.836454926937909989e-04 2.819708819851265633e-03 1.005069146261909629e-03 -3.564744069935301481e-04 0.000000000000000000e+00 -4.447677397333575687e-04 -1.074663217138943335e-03 3.187519254405970777e-04
1.004761193746917365e-04 2.732111030531501032e-05 3.543444847386028620e-04 -1.354233873205692475e-04 -7.054764465617420315e-04 -2.093510286342751896e-04 -6.926539068005022244e-05 -1.093872741437599676e-05 -4.447677397333575687e-04 0.000000000000000000e+00 -5.809855920203767406e-04 -4.075451678249126467e-04
-9.797602007041118430e-04 2.175079062521195208e-04 2.047712901959568049e-04 -3.559043978713330881e-04 6.088396380891978156e-04 -4.045164520750942115e-04 1.450181402235194627e-03 -6.324998006658923545e-05 -1.074663217138943335e-03 -5.809855920203767406e-04 0.000000000000000000e+00 -3.844481767883038475e-04
6.914953977379518189e-04 3.368991582154063670e-04 5.983351938308481511e-04 7.819225624013673376e-05 1.251658065709905076e-03 7.871652494085249092e-04 -1.551207451227370982e-03 -4.726118589649258312e-04 3.187519254405970777e-04 -4.075451678249126467e-04 -3.844481767883038475e-04 0.000000000000000000e+00
