0.000000000000000000e+00 -4.209029143695010300e-04 2.349840311711560005e-04 -1.595851906762580242e-04 3.247363295642560418e-04 5.098733696793423566e-04 7.330107907888463829e-04 1.022177242571577389e-03 3.447882593227943643e-04 3.405565194670506432e-04 5.460277855837116162e-04 1.355428310657592417e-03
-4.209029143695010300e-04 0.000000000000000000e+00 -1.512453389364448176e-05 1.369909709892398329e-04 5.891325504787832401e-04 6.505738552183287652e-04 -2.085623835177691644e-04 4.432662243421074937e-04 1.152822182596655341e-04 2.065759041834231953e-04 5.863280496306871479e-04 -1.169290652672266324e-04
2.349840311711560005e-04 -1.512453389364448176e-05 0.000000000000000000e+00 -2.632730241403406714e-04 4.237131952033807900e-04 1.022247003307040188e-03 -3.664175983075767666e-05 2.057523300959767211e-04 -1.060938897628042627e-04 -2.520742955422529690e-04 6.405441650537999716e-05 -1.391890699206053148e-04
-1.595851906762580242e-04 1.369909709892398329e-04 -2.632730241403406714e-04 0.000000000000000000e+00 -3.563017091370855355e-04 -1.561735174088331826e-04 4.073202575513117085e-05 4.171919844155718424e-05 1.168772073580523453e-04 1.102141160583999972e-05 6.816948697604535961e-04 1.781784721592442661e-04
3.247363295642560418e-04 5.891325504787832401e-04 4.237131952033807900e-04 -3.563017091370855355e-04 0.000000000000000000e+00 2.371483982102831102e-03 1.524509823853600855e-03 3.186895965391669519e-04 1.003103276398804649e-03 8.622474183160878372e-04 -1.315016744172502281e-03 -5.677635112118318639e-04
5.098733696793423566e-04 6.505738552183287652e-04 1.022247003307040188e-03 -1.561735174088331826e-04 2.371483982102831102e-03 0.000000000000000000e+00 2.090406595323269796e-03 -7.675590345862377513e-04 -1.717948941678191762e-03 -1.258036223024015408e-03 1.636664486743658097e-03 3.454597650510184137e-04
7.330107907888463829e-04 -2.085623835177691644e-04 -3.664175983075767666e-05 4.073202575513117085e-05 1.524509823853600855e-03 2.090406595323269796e-03 0.000000000000000000e+00 6.925030874724268917e-04 -3.197241872670763207e-04 1.692933306374318691e-04 -5.192177144898886803e-04 6.949256930709826491e-04
1.022177242571577389e-03 4.432662243421074937e-04 2.057523300959767211e-04 4.171919844155718424e-05 3.186895965391669519e-04 -7.675590345862377513e-04 6.925030874724268917e-04 0.000000000000000000e+00 -5.267073409935856465e-04 9.031936019874114139e-05 -4.341339501581946490e-04 -1.121430023725699006e-04
3.447882593227943643e-04 1.152822182596655341e-04 -1.060938897628042627e-04 1.168772073580523453e-04 1.003103276398804649e-03 -1.717948941678191762e-03 -3.197241872670763207e-04 -5.267073409935856465e-04 0.000000000000000000e+00 8.986188305571805477e-04 4.303243038167482303e-04 -7.189709564080655740e-04
3.405565194670506432e-04 2.065759041834231953e-04 -2.520742955422529690e-04 1.102141160583999972e-05 8.622474183160878372e-04 -1.258036223024015408e-03 1.692933306374318691e-04 9.031936019874114139e-05 8.986188305571805477e-04 0.000000000000000000e+00 -4.500093940914886843e-04 -2.378711427399767258e-04
5.460277855837116162e-04 5.863280496306871479e-04 6.405441650537999716e-05 6.816948697604535961e-04 -1.315016744172502281e-03 1.636664486743658097e-03 -5.192177144898886803e-04 -4.341339501581946490e-04 4.303243038167482303e-04 -4.500093940914886843e-04 0.000000000000000000e+00 9.688882410776186943e-04
1.355428310657592417e-03 -1.169290652672266324e-04 -1.391890699206053148e-04 1.781784721592442661e-04 -5.677635112118318639e-04 3.454597650510184137e-04 6.949256930709826491e-04 -1.121430023725699006e-04 -7.189709564080655740e-04 -2.378711427399767258e-04 9.688882410776186943e-04 0.000000000000000000e+00
