0.000000000000000000e+00 6.599787573167576740e-04 -4.032586096091188071e-04 5.016488009317414398e-04 1.846979355072376127e-03 -3.704583010206442036e-03 -3.069414183864601405e-03 -1.143373717370030612e-03 -7.653346189838035590e-04 6.031758325586580394e-04 -8.803494455423483463e-04 6.266690097112147424e-04
6.599787573167576740e-04 0.000000000000000000e+00 -4.359375142228939857e-04 3.540483797271444045e-04 -1.073182560953871677e-03 -1.733943538081298753e-04 -3.928751228426392134e-04 4.841298385038274332e-04 1.438678545996780757e-04 1.574535739592078506e-04 2.525974573296607077e-04 -3.279266353922430290e-04
-4.032586096091188071e-04 -4.359375142228939857e-04 0.000000000000000000e+00 -2.478903071355638486e-04 -2.676207841305974647e-04 6.809651470430221369e-04 7.453095858148164584e-04 -7.419573979183821753e-04 -3.492929744317482517e-04 7.105222415809963081e-05 6.146551318808906239e-04 3.240111911748436678e-04
5.016488009317414398e-04 3.540483797271444045e-04 -2.478903071355638486e-04 0.000000000000000000e+00 3.358632192777004550e-05 1.147154395932757989e-03 -6.855021117079255133e-04 -3.741750208369660786e-04 -3.586102636642122458e-04 -6.585819289355435201e-05 4.568715557796200363e-05 -2.877632515118328611e-04
1.846979355072376127e-03 -1.073182560953871677e-03 -2.676207841305974647e-04 3.358632192777004550e-05 0.000000000000000000e+00 -2.505219920016802694e-03 1.217418860534831603e-03 -5.899755579328205514e-05 -3.521053850361078328e-04 1.566307044807561705e-04 4.406609097159014583e-05 -6.105917759085884196e-04
-3.704583010206442036e-03 -1.733943538081298753e-04 6.809651470430221369e-04 1.147154395932757989e-03 -2.505219920016802694e-03 0.000000000000000000e+00 -3.164276876769544274e-03 -5.894949089452507490e-04 9.961919583760339182e-04 -4.307229865965697137e-04 3.351155802687747951e-04 -2.376829856031883841e-03
-3.069414183864601405e-03 -3.928751228426392134e-04 7.453095858148164584e-04 -6.855021117079255133e-04 1.217418860534831603e-03 -3.164276876769544274e-03 0.000000000000000000e+00 1.224970435528140384e-03 -6.159059846244184901e-04 1.187744230367611100e-04 1.152977809500259484e-03 -1.674738191683608436e-04
-1.143373717370030612e-03 4.841298385038274332e-04 -7.419573979183821753e-04 -3.741750208369660786e-04 -5.899755579328205514e-05 -5.894949089452507490e-04 1.224970435528140384e-03 0.000000000000000000e+00 -4.400085815731129702e-05 2.595165641792822309e-04 2.045618569188958360e-04 -7.232391771891859365e-04
-7.653346189838035590e-04 1.438678545996780757e-04 -3.492929744317482517e-04 -3.586102636642122458e-04 -3.521053850361078328e-04 9.961919583760339182e-04 -6.159059846244184901e-04 -4.400085815731129702e-05 0.000000000000000000e+00 -5.709003021992306451e-04 -2.893924124191818914e-04 9.925173433151628088e-04
6.031758325586580394e-04 1.574535739592078506e-04 7.105222415809963081e-05 -6.585819289355435201e-05 1.566307044807561705e-04 -4.307229865965697137e-04 1.187744230367611100e-04 2.595165641792822309e-04 -5.709003021992306451e-04 0.000000000000000000e+00 -2.056546621323690276e-04 3.890270458434359952e-04
-8.803494455423483463e-04 2.525974573296607077e-04 6.146551318808906239e-04 4.568715557796200363e-05 4.406609097159014583e-05 3.351155802687747951e-04 1.152977809500259484e-03 2.045618569188958360e-04 -2.893924124191818914e-04 -2.056546621323690276e-04 0.000000000000000000e+00 -5.579909963140663662e-04
6.266690097112147424e-04 -3.279266353922430290e-04 3.240111911748436678e-04 -2.877632515118328611e-04 -6.105917759085884196e-04 -2.376829856031883841e-03 -1.674738191683608436e-04 -7.232391771891859365e-04 9.925173433151628088e-04 3.890270458434359952e-04 -5.579909963140663662e-04 0.000000000000000000e+00
