0.000000000000000000e+00 -6.657088784187562350e-04 3.897556854605901283e-04 6.287165678055548282e-04 -9.019377267793447219e-04 2.296338042196020748e-03 1.628800650781244124e-03 -1.995899981683339200e-04 -1.306105373607178944e-03 2.897395886651154715e-04 -4.376268710571887136e-04 -9.233673252228656982e-04
-6.657088784187562350e-04 0.000000000000000000e+00 -6.815828715877750375e-05 2.130366676159973409e-04 -4.215709282715939953e-04 6.143954999750184196e-04 -3.062739790226606026e-04 5.824913722406582095e-05 4.657346470131996192e-04 -3.146127108346270297e-04 -3.282688353482746514e-04 -1.247558583061889471e-04
3.897556854605901283e-04 -6.815828715877750375e-05 0.000000000000000000e+00 3.134819190497837752e-05 -1.412129632683586488e-04 9.033405623947224610e-04 8.509440486931365080e-04 -2.310837375359016919e-04 -4.001049478788251570e-04 -1.964676309752828203e-04 1.952475239320272148e-05 -5.069295539352629320e-04
6.287165678055548282e-04 2.130366676159973409e-04 3.134819190497837752e-05 0.000000000000000000e+00 -1.314293476898842697e-03 -9.804868399355068116e-04 8.621744776042372486e-04 4.924812741346262573e-04 1.154606758106034787e-04 1.892255982833853495e-04 6.685362631800178829e-04 2.423364977973945650e-04
-9.019377267793447219e-04 -4.215709282715939953e-04 -1.412129632683586488e-04 -1.314293476898842697e-03 0.000000000000000000e+00 -1.770849769452863959e-03 -7.895580528640426705e-04 -2.816728373802648562e-04 -1.384014246100651610e-03 7.279275960400029017e-04 8.471046666649158707e-04 9.330635423380939566e-04
2.296338042196020748e-03 6.143954999750184196e-04 9.033405623947224610e-04 -9.804868399355068116e-04 -1.770849769452863959e-03 0.000000000000000000e+00 2.830353905578268485e-03 -7.894189098665805801e-04 -1.450538204412251363e-03 -3.253002016336743762e-04 3.906119686376519312e-04 2.214379062683651932e-03
1.628800650781244124e-03 -3.062739790226606026e-04 8.509440486931365080e-04 8.621744776042372486e-04 -7.895580528640426705e-04 2.830353905578268485e-03 0.000000000000000000e+00 7.891321996418594739e-04 -1.018203580892713565e-03 -1.214026155856961229e-03 -7.105936953119690574e-04 -5.271119360005773537e-05
-1.995899981683339200e-04 5.824913722406582095e-05 -2.310837375359016919e-04 4.924812741346262573e-04 -2.816728373802648562e-04 -7.894189098665805801e-04 7.891321996418594739e-04 0.000000000000000000e+00 1.586192107706784241e-04 -1.119724874640500733e-04 -1.391807120582539998e-04 6.144152645414741130e-04
-1.306105373607178944e-03 4.657346470131996192e-04 -4.001049478788251570e-04 1.154606758106034787e-04 -1.384014246100651610e-03 -1.450538204412251363e-03 -1.018203580892713565e-03 1.586192107706784241e-04 0.000000000000000000e+00 -7.468422951462758575e-04 -1.751207621038147787e-04 -6.602737427237647186e-04
2.897395886651154715e-04 -3.146127108346270297e-04 -1.964676309752828203e-04 1.892255982833853495e-04 7.279275960400029017e-04 -3.253002016336743762e-04 -1.214026155856961229e-03 -1.119724874640500733e-04 -7.468422951462758575e-04 0.000000000000000000e+00 -8.939786354489279857e-04 9.219472450151144265e-04
-4.376268710571887136e-04 -3.282688353482746514e-04 1.952475239320272148e-05 6.685362631800178829e-04 8.471046666649158707e-04 3.906119686376519312e-04 -7.105936953119690574e-04 -1.391807120582539998e-04 -1.751207621038147787e-04 -8.939786354489279857e-04 0.000000000000000000e+00 -2.743420917478982634e-05
-9.233673252228656982e-04 -1.247558583061889471e-04 -5.069295539352629320e-04 2.423364977973945650e-04 9.330635423380939566e-04 2.214379062683651932e-03 -5.271119360005773537e-05 6.144152645414741130e-04 -6.602737427237647186e-04 9.219472450151144265e-04 -2.743420917478982634e-05 0.000000000000000000e+00
