0.000000000000000000e+00 -4.966882562480587408e-05 -3.770599950823695949e-04 -2.754581923265654445e-04 -6.387775336105004989e-04 -9.324393142642053382e-04 -2.643295603805283198e-05 -1.780275667662449470e-04 9.523996795950127653e-05 -1.700283690585626198e-04 9.333391980427417547e-04 8.607499956674356063e-04
-4.966882562480587408e-05 0.000000000000000000e+00 2.222712347606664867e-04 1.134906264860968281e-05 4.973464132162819023e-04 -1.008122480706641561e-03 1.660538733991973298e-04 4.467392673292016150e-04 4.317912572866454797e-05 -1.707174725815340443e-04 -2.276002960449807961e-04 -1.012314151145007505e-04
-3.770599950823695949e-04 2.222712347606664867e-04 0.000000000000000000e+00 2.788690100539571270e-04 4.039256883031636168e-05 -5.037157075415401794e-04 4.089870675318606165e-04 2.422440778066888196e-04 2.329845748336615099e-04 1.771921838376276163e-05 2.589792077486039118e-04 -7.381976835509514439e-05
-2.754581923265654445e-04 1.134906264860968281e-05 2.788690100539571270e-04 0.000000000000000000e+00 1.057145777067803986e-03 5.363265296765936567e-04 -3.141485344257457244e-04 6.866353454054549717e-05 5.834689593050213429e-04 3.854197667781007752e-04 4.928014930860837505e-04 -1.518723854459948360e-04
-6.387775336105004989e-04 4.973464132162819023e-04 4.039256883031636168e-05 1.057145777067803986e-03 0.000000000000000000e+00 1.687446854786482046e-03 -2.880572656575055689e-03 1.027787057959700465e-03 1.505814787426879194e-03 4.977334910844476157e-04 -3.020968810892251419e-04 4.066895272939136737e-04
-9.324393142642053382e-04 -1.008122480706641561e-03 -5.037157075415401794e-04 5.363265296765936567e-04 1.687446854786482046e-03 0.000000000000000000e+00 -2.777129640775343952e-03 1.711026785876373782e-03 -8.040127358166001409e-04 -1.767974892261415859e-03 1.897759031042354832e-03 2.806730418886871882e-05
-2.643295603805283198e-05 1.660538733991973298e-04 4.089870675318606165e-04 -3.141485344257457244e-04 -2.880572656575055689e-03 -2.777129640775343952e-03 0.000000000000000000e+00 -5.881812731222619064e-04 -7.151186551353316649e-04 1.262317399157109055e-03 -1.551684009834310997e-04 6.058770122155895423e-04
-1.780275667662449470e-04 4.467392673292016150e-04 2.422440778066888196e-04 6.866353454054549717e-05 1.027787057959700465e-03 1.711026785876373782e-03 -5.881812731222619064e-04 0.000000000000000000e+00 7.257935910088785230e-04 -3.278924592416006777e-04 -5.213163944595975482e-04 -1.549864475639758943e-04
9.523996795950127653e-05 4.317912572866454797e-05 2.329845748336615099e-04 5.834689593050213429e-04 1.505814787426879194e-03 -8.040127358166001409e-04 -7.151186551353316649e-04 7.257935910088785230e-04 0.000000000000000000e+00 9.870521220095532667e-04 6.336834887313725490e-04 1.745726122957458413e-03
-1.700283690585626198e-04 -1.707174725815340443e-04 1.771921838376276163e-05 3.854197667781007752e-04 4.977334910844476157e-04 -1.767974892261415859e-03 1.262317399157109055e-03 -3.278924592416006777e-04 9.870521220095532667e-04 0.000000000000000000e+00 4.388223384771843850e-04 -7.626317346460844684e-04
9.333391980427417547e-04 -2.276002960449807961e-04 2.589792077486039118e-04 4.928014930860837505e-04 -3.020968810892251419e-04 1.897759031042354832e-03 -1.551684009834310997e-04 -5.213163944595975482e-04 6.336834887313725490e-04 4.388223384771843850e-04 0.000000000000000000e+00 9.799222198663836043e-04
8.607499956674356063e-04 -1.012314151145007505e-04 -7.381976835509514439e-05 -1.518723854459948360e-04 4.066895272939136737e-04 2.806730418886871882e-05 6.058770122155895423e-04 -1.549864475639758943e-04 1.745726122957458413e-03 -7.626317346460844684e-04 9.799222198663836043e-04 0.000000000000000000e+00
