0.000000000000000000e+00 -6.327798946777425703e-04 4.707170830944554154e-04 -8.045924563666809063e-04 4.943319560169779107e-04 -4.190636744918433548e-04 2.845307936385361438e-04 1.023669887249301644e-04 2.080279709098057381e-04 -5.568257849483023163e-05 -3.350873976675632928e-04 3.984265407726101868e-04
-6.327798946777425703e-04 0.000000000000000000e+00 1.246025020321748188e-03 3.348528857479909481e-03 1.066715865727334636e-03 7.068808042047106457e-04 1.371443754035136164e-03 2.088801001110204315e-03 -9.755701072100288716e-04 -2.716966678229325478e-03 1.002114301811957934e-03 3.901109752092465715e-04
4.707170830944554154e-04 1.246025020321748188e-03 0.000000000000000000e+00 1.116165211098076211e-03 -1.702967509898942514e-04 2.048859141951979781e-04 -1.222754152332375551e-04 -8.902661935457493233e-04 -3.150777766835938286e-04 -1.121128962676348458e-03 2.179524876513865461e-04 5.803331794133602959e-04
-8.045924563666809063e-04 3.348528857479909481e-03 1.116165211098076211e-03 0.000000000000000000e+00 -7.055105605876067299e-04 1.766506757817353510e-03 7.706566511017865157e-04 -1.248101442183479444e-03 -7.427120110520744575e-05 1.684101636456866074e-03 1.476841016655972179e-03 9.665895076241614670e-04
4.943319560169779107e-04 1.066715865727334636e-03 -1.702967509898942514e-04 -7.055105605876067299e-04 0.000000000000000000e+00 -6.367269643752042883e-05 5.826823987505632243e-04 4.743535041921625246e-04 4.315825991390984166e-05 -5.795575342462096300e-04 -4.522214067819850958e-04 -4.217126761353363353e-04
-4.190636744918433548e-04 7.068808042047106457e-04 2.048859141951979781e-04 1.766506757817353510e-03 -6.367269643752042883e-05 0.000000000000000000e+00 -3.385975302460028646e-04 -2.410842273511787609e-04 5.103074924167563418e-04 1.895778865245210205e-04 -4.714202499358423229e-04 -2.936413818193183800e-04
2.845307936385361438e-04 1.371443754035136164e-03 -1.222754152332375551e-04 7.706566511017865157e-04 5.826823987505632243e-04 -3.385975302460028646e-04 0.000000000000000000e+00 1.330291583156688459e-04 -5.795597638331378927e-05 7.446192029931641282e-04 -2.034138346415386616e-04 2.345330304892430059e-04
1.023669887249301644e-04 2.088801001110204315e-03 -8.902661935457493233e-04 -1.248101442183479444e-03 4.743535041921625246e-04 -2.410842273511787609e-04 1.330291583156688459e-04 0.000000000000000000e+00 5.321569080684042082e-04 2.807934112542284121e-05 5.847446630338985069e-04 7.066832627295818476e-04
2.080279709098057381e-04 -9.755701072100288716e-04 -3.150777766835938286e-04 -7.427120110520744575e-05 4.315825991390984166e-05 5.103074924167563418e-04 -5.795597638331378927e-05 5.321569080684042082e-04 0.000000000000000000e+00 -3.799984105089676827e-04 -2.227970682710434696e-04 -5.114373511265755582e-05
-5.568257849483023163e-05 -2.716966678229325478e-03 -1.121128962676348458e-03 1.684101636456866074e-03 -5.795575342462096300e-04 1.895778865245210205e-04 7.446192029931641282e-04 2.807934112542284121e-05 -3.799984105089676827e-04 0.000000000000000000e+00 -5.401577209148862579e-04 4.239097145703445016e-04
-3.350873976675632928e-04 1.002114301811957934e-03 2.179524876513865461e-04 1.476841016655972179e-03 -4.522214067819850958e-04 -4.714202499358423229e-04 -2.034138346415386616e-04 5.847446630338985069e-04 -2.227970682710434696e-04 -5.401577209148862579e-04 0.000000000000000000e+00 -4.730489630324880663e-04
3.984265407726101868e-04 3.901109752092465715e-04 5.803331794133602959e-04 9.665895076241614670e-04 -4.217126761353363353e-04 -2.936413818193183800e-04 2.345330304892430059e-04 7.066832627295818476e-04 -5.114373511265755582e-05 4.239097145703445016e-04 -4.730489630324880663e-04 0.000000000000000000e+00
