0.000000000000000000e+00 1.808621392230036051e-03 -5.923949005124512762e-04 -1.204259437220629335e-03 2.613161779746917907e-05 -1.946774463835521714e-05 3.705358049769937696e-04 6.480479824401649304e-04 -3.553209625168381029e-04 -1.018498468838541617e-03 2.764110678850708897e-04 -4.912537394523568569e-05
1.808621392230036051e-03 0.000000000000000000e+00 3.045570900923087266e-04 6.855779807829116314e-04 -1.938568195688833624e-04 -1.198530839560472960e-03 -1.536056876855933185e-03 -1.703781527712314571e-04 -1.343514390618253534e-03 -1.789907510102621037e-03 -5.035730896268967227e-04 -5.162411705244438149e-04
-5.923949005124512762e-04 3.045570900923087266e-04 0.000000000000000000e+00 1.860000920429961740e-03 2.722784225422000522e-04 3.312005716222060311e-05 -1.389701329778880116e-04 7.167093420658230936e-04 1.592869052803717289e-05 -4.510075724269139888e-04 4.384413931276229698e-05 3.523426723529656836e-04
-1.204259437220629335e-03 6.855779807829116314e-04 1.860000920429961740e-03 0.000000000000000000e+00 -4.505072012624508800e-04 1.575069095712705082e-04 -8.769530991607738619e-04 -1.218028168209854155e-03 3.023949989395083608e-04 -3.182622793709709470e-03 1.561160630468314513e-03 -4.634966244659043696e-04
2.613161779746917907e-05 -1.938568195688833624e-04 2.722784225422000522e-04 -4.505072012624508800e-04 0.000000000000000000e+00 -1.993646197040397901e-04 7.662435761198337807e-05 -1.856444788049138757e-04 6.487404292101337151e-05 4.503639767052667513e-04 -2.289367047639678386e-04 -6.519972894379769211e-04
-1.946774463835521714e-05 -1.198530839560472960e-03 3.312005716222060311e-05 1.575069095712705082e-04 -1.993646197040397901e-04 0.000000000000000000e+00 2.681894022270327714e-04 -3.662484479971983738e-04 -1.596862645952618813e-04 -5.249495443544378599e-04 2.397269822115016412e-04 2.260941658545439733e-04
3.705358049769937696e-04 -1.536056876855933185e-03 -1.389701329778880116e-04 -8.769530991607738619e-04 7.662435761198337807e-05 2.681894022270327714e-04 0.000000000000000000e+00 2.721806572221070991e-04 1.846466570132925195e-04 8.892717038325665465e-05 8.172805981054387468e-04 -1.490743573614280093e-04
6.480479824401649304e-04 -1.703781527712314571e-04 7.167093420658230936e-04 -1.218028168209854155e-03 -1.856444788049138757e-04 -3.662484479971983738e-04 2.721806572221070991e-04 0.000000000000000000e+00 2.346171036395702672e-05 1.667686115413941029e-04 1.624009956318197905e-04 5.900487610248297691e-04
-3.553209625168381029e-04 -1.343514390618253534e-03 1.592869052803717289e-05 3.023949989395083608e-04 6.487404292101337151e-05 -1.596862645952618813e-04 1.846466570132925195e-04 2.346171036395702672e-05 0.000000000000000000e+00 -7.752293193002521461e-04 -2.410560445869660271e-04 1.729185452881354054e-04
-1.018498468838541617e-03 -1.789907510102621037e-03 -4.510075724269139888e-04 -3.182622793709709470e-03 4.503639767052667513e-04 -5.249495443544378599e-04 8.892717038325665465e-05 1.667686115413941029e-04 -7.752293193002521461e-04 0.000000000000000000e+00 -5.848854338766092771e-04 5.205030124039976020e-04
2.764110678850708897e-04 -5.035730896268967227e-04 4.384413931276229698e-05 1.561160630468314513e-03 -2.289367047639678386e-04 2.397269822115016412e-04 8.172805981054387468e-04 1.624009956318197905e-04 -2.410560445869660271e-04 -5.848854338766092771e-04 0.000000000000000000e+00 -2.140279524180082184e-04
-4.912537394523568569e-05 -5.162411705244438149e-04 3.523426723529656836e-04 -4.634966244659043696e-04 -6.519972894379769211e-04 2.260941658545439733e-04 -1.490743573614280093e-04 5.900487610248297691e-04 1.729185452881354054e-04 5.205030124039976020e-04 -2.140279524180082184e-04 0.000000000000000000e+00
