0.000000000000000000e+00 -7.395239090215619763e-04 -5.644812725238443438e-04 -1.157022160993684051e-03 2.058615963650892828e-04 -7.603861871479421939e-06 1.304131373321368596e-04 -2.039063820235960888e-04 -1.165219348677751438e-04 -2.816595084409320108e-04 -2.128560909210903279e-04 -7.627348830802694105e-05
-7.395239090215619763e-04 0.000000000000000000e+00 -2.143573594342197165e-03 2.292505819781223610e-03 -9.818862277151526805e-04 9.567268892355095282e-04 -1.206708696692356062e-03 4.662149610067716160e-04 -3.380736475719811596e-04 -1.571475914889428451e-03 -2.591088524627859022e-03 9.712811643788252756e-04
-5.644812725238443438e-04 -2.143573594342197165e-03 0.000000000000000000e+00 1.020053758967836210e-03 -2.533636784404556092e-04 -3.488863635016169564e-04 9.966811873785290550e-04 9.061635214151554955e-04 6.595369989747893466e-04 7.484935503255467750e-04 -2.293648457768344409e-04 -8.739203993621699968e-04
-1.157022160993684051e-03 2.292505819781223610e-03 1.020053758967836210e-03 0.000000000000000000e+00 1.834343957713554076e-03 9.059282547029087924e-04 -8.806491864154711172e-04 -5.911751905128102705e-04 1.090042651932439941e-03 -7.775314333934905085e-04 -1.161299924171743008e-03 -1.306627002123803179e-03
2.058615963650892828e-04 -9.818862277151526805e-04 -2.533636784404556092e-04 1.834343957713554076e-03 0.000000000000000000e+00 -5.603121421841023670e-04 -1.753641094116838248e-04 -7.951162531671591201e-04 -4.858155207774674379e-04 4.675952010160996648e-04 -5.489544459147966673e-04 -1.034972277371639542e-04
-7.603861871479421939e-06 9.567268892355095282e-04 -3.488863635016169564e-04 9.059282547029087924e-04 -5.603121421841023670e-04 0.000000000000000000e+00 -5.617290976138539726e-05 -9.108348691923195332e-05 1.658483569017419327e-06 -1.866699575988378288e-04 5.042619528887960691e-04 -7.351955162219025834e-04
1.304131373321368596e-04 -1.206708696692356062e-03 9.966811873785290550e-04 -8.806491864154711172e-04 -1.753641094116838248e-04 -5.617290976138539726e-05 0.000000000000000000e+00 1.562994702265423444e-05 -1.418524093620698325e-04 6.744859261568139511e-04 -8.764693507192658582e-04 -2.706701176569096417e-05
-2.039063820235960888e-04 4.662149610067716160e-04 9.061635214151554955e-04 -5.911751905128102705e-04 -7.951162531671591201e-04 -9.108348691923195332e-05 1.562994702265423444e-05 0.000000000000000000e+00 2.257890545748480614e-04 -4.873631883803099837e-05 -1.468378908858229887e-04 1.983029461249524175e-04
-1.165219348677751438e-04 -3.380736475719811596e-04 6.595369989747893466e-04 1.090042651932439941e-03 -4.858155207774674379e-04 1.658483569017419327e-06 -1.418524093620698325e-04 2.257890545748480614e-04 0.000000000000000000e+00 -1.027275890333070093e-03 -4.270137011686507143e-04 -6.791677626299967487e-04
-2.816595084409320108e-04 -1.571475914889428451e-03 7.484935503255467750e-04 -7.775314333934905085e-04 4.675952010160996648e-04 -1.866699575988378288e-04 6.744859261568139511e-04 -4.873631883803099837e-05 -1.027275890333070093e-03 0.000000000000000000e+00 3.136043586757612258e-04 7.750893617954033882e-04
-2.128560909210903279e-04 -2.591088524627859022e-03 -2.293648457768344409e-04 -1.161299924171743008e-03 -5.489544459147966673e-04 5.042619528887960691e-04 -8.764693507192658582e-04 -1.468378908858229887e-04 -4.270137011686507143e-04 3.136043586757612258e-04 0.000000000000000000e+00 -1.216731887334362864e-03
-7.627348830802694105e-05 9.712811643788252756e-04 -8.739203993621699968e-04 -1.306627002123803179e-03 -1.034972277371639542e-04 -7.351955162219025834e-04 -2.706701176569096417e-05 1.983029461249524175e-04 -6.791677626299967487e-04 7.750893617954033882e-04 -1.216731887334362864e-03 0.000000000000000000e+00
