0.000000000000000000e+00 1.028394082582038613e-03 -1.542975458685817984e-04 1.996756083491986683e-04 -7.697981043295094731e-04 8.380473777860230266e-05 -3.596975568633604454e-05 1.723488066644457547e-04 -8.994875155089191376e-05 1.299390395092382515e-04 -3.173213294869521193e-04 1.789688422476257536e-04
1.028394082582038613e-03 0.000000000000000000e+00 -1.351448128921214301e-03 4.851957800727965328e-03 2.238702012282469712e-03 -8.968998943891279101e-04 9.166596569984713670e-04 9.737664013894930821e-04 5.940204639244784854e-04 1.233762674792239673e-03 1.294051579061430372e-03 1.002603796294888883e-04
-1.542975458685817984e-04 -1.351448128921214301e-03 0.000000000000000000e+00 9.335960888365431266e-04 -8.731234100358693621e-04 1.320057373819879967e-04 5.909046903678791349e-04 -6.189360329313750185e-04 -1.300308285858687543e-04 1.074015841920130613e-03 5.858768502574912985e-04 3.432654526874333160e-04
1.996756083491986683e-04 4.851957800727965328e-03 9.335960888365431266e-04 0.000000000000000000e+00 -1.976867861414846345e-03 -3.071074595037309491e-04 -6.674679596883717784e-04 1.402582501223391225e-03 1.161714541384928747e-03 1.600770761553709149e-04 1.580873434846241047e-03 1.115314079228390187e-03
-7.697981043295094731e-04 2.238702012282469712e-03 -8.731234100358693621e-04 -1.976867861414846345e-03 0.000000000000000000e+00 1.739639772945954710e-04 -6.486144469059506625e-04 8.887714836441387408e-04 -1.574145535731255656e-05 1.078599021744243306e-03 6.177244171867182733e-04 -5.029525625296991237e-04
8.380473777860230266e-05 -8.968998943891279101e-04 1.320057373819879967e-04 -3.071074595037309491e-04 1.739639772945954710e-04 0.000000000000000000e+00 -5.825124080786644835e-04 -2.889414785099747780e-04 1.741759099346503251e-04 2.971044912220878204e-05 -4.373926498684813373e-04 -3.296230663756043113e-04
-3.596975568633604454e-05 9.166596569984713670e-04 5.909046903678791349e-04 -6.674679596883717784e-04 -6.486144469059506625e-04 -5.825124080786644835e-04 0.000000000000000000e+00 5.426866505840368532e-04 3.062679116837516992e-04 -6.570100098407223935e-04 2.395722813030432669e-04 -1.937967132121419999e-05
1.723488066644457547e-04 9.737664013894930821e-04 -6.189360329313750185e-04 1.402582501223391225e-03 8.887714836441387408e-04 -2.889414785099747780e-04 5.426866505840368532e-04 0.000000000000000000e+00 2.065717994162429309e-04 -2.817025840573038169e-04 -1.278432995064913741e-04 2.447077859791384224e-04
-8.994875155089191376e-05 5.940204639244784854e-04 -1.300308285858687543e-04 1.161714541384928747e-03 -1.574145535731255656e-05 1.741759099346503251e-04 3.062679116837516992e-04 2.065717994162429309e-04 0.000000000000000000e+00 -9.187345039816120209e-04 2.807391383541404917e-04 -7.667008797364975592e-04
1.299390395092382515e-04 1.233762674792239673e-03 1.074015841920130613e-03 1.600770761553709149e-04 1.078599021744243306e-03 2.971044912220878204e-05 -6.570100098407223935e-04 -2.817025840573038169e-04 -9.187345039816120209e-04 0.000000000000000000e+00 1.236111339196616348e-03 -5.487673631619287241e-04
-3.173213294869521193e-04 1.294051579061430372e-03 5.858768502574912985e-04 1.580873434846241047e-03 6.177244171867182733e-04 -4.373926498684813373e-04 2.395722813030432669e-04 -1.278432995064913741e-04 2.807391383541404917e-04 1.236111339196616348e-03 0.000000000000000000e+00 8.903229953726411131e-04
1.789688422476257536e-04 1.002603796294888883e-04 3.432654526874333160e-04 1.115314079228390187e-03 -5.029525625296991237e-04 -3.296230663756043113e-04 -1.937967132121419999e-05 2.447077859791384224e-04 -7.667008797364975592e-04 -5.487673631619287241e-04 8.903229953726411131e-04 0.000000000000000000e+00
