0.000000000000000000e+00 1.284541361492403224e-03 -1.148310510053557158e-03 5.034615787559670571e-04 8.229058979022784587e-05 2.171284840207112865e-05 6.236857688806770250e-04 -8.019462072415261818e-05 -1.000607130678346328e-03 -5.797307297430955757e-04 -1.033435813167797720e-03 2.235471010009311627e-04
1.284541361492403224e-03 0.000000000000000000e+00 2.815076220545774583e-04 1.690365403678379991e-04 -4.624932133265170059e-04 5.992498910602402502e-05 4.957212992830007997e-04 5.633885789905032811e-04 2.186857138266419857e-04 4.357962062657688013e-04 -6.243937079860843601e-04 -1.884539648299071236e-04
-1.148310510053557158e-03 2.815076220545774583e-04 0.000000000000000000e+00 3.074430262602966348e-04 -5.680795878140139149e-04 -1.925729160029009568e-04 4.600968053358801303e-04 -4.071006331813762697e-05 -7.814704107138140165e-04 7.479143779822156448e-04 -1.267899450551641201e-03 1.865339146307304742e-03
5.034615787559670571e-04 1.690365403678379991e-04 3.074430262602966348e-04 0.000000000000000000e+00 -3.736067991140815613e-04 -2.694170053654139905e-04 -8.145176114794816947e-04 -7.646853323001876119e-05 -1.028660076988510219e-03 2.564918934737156074e-04 -9.877633397613082896e-04 -5.115154492045903382e-04
8.229058979022784587e-05 -4.624932133265170059e-04 -5.680795878140139149e-04 -3.736067991140815613e-04 0.000000000000000000e+00 -2.855119298249870368e-04 -6.721104945973713739e-04 1.203137683120676248e-05 2.251368962404441036e-04 -2.247523583247283067e-05 -4.899022082986317743e-04 -3.533712320025065635e-04
2.171284840207112865e-05 5.992498910602402502e-05 -1.925729160029009568e-04 -2.694170053654139905e-04 -2.855119298249870368e-04 0.000000000000000000e+00 4.968885709067652392e-04 3.518563792755586054e-04 1.374026214089714036e-03 -4.082126511267035809e-04 -1.126948177983185494e-03 -7.642034342112791027e-04
6.236857688806770250e-04 4.957212992830007997e-04 4.600968053358801303e-04 -8.145176114794816947e-04 -6.721104945973713739e-04 4.968885709067652392e-04 0.000000000000000000e+00 2.744119581308177534e-04 -6.747418484158231337e-04 -2.638848491554995879e-04 -6.833140293157468487e-04 6.680833295142767385e-04
-8.019462072415261818e-05 5.633885789905032811e-04 -4.071006331813762697e-05 -7.646853323001876119e-05 1.203137683120676248e-05 3.518563792755586054e-04 2.744119581308177534e-04 0.000000000000000000e+00 6.936837602159898284e-04 2.576149720210660983e-04 -6.361091412046974481e-05 -6.158237782587171172e-05
-1.000607130678346328e-03 2.186857138266419857e-04 -7.814704107138140165e-04 -1.028660076988510219e-03 2.251368962404441036e-04 1.374026214089714036e-03 -6.747418484158231337e-04 6.936837602159898284e-04 0.000000000000000000e+00 -8.433081837148265246e-04 -1.425952257552840679e-04 -6.892005796052648806e-04
-5.797307297430955757e-04 4.357962062657688013e-04 7.479143779822156448e-04 2.564918934737156074e-04 -2.247523583247283067e-05 -4.082126511267035809e-04 -2.638848491554995879e-04 2.576149720210660983e-04 -8.433081837148265246e-04 0.000000000000000000e+00 -7.668395676699114654e-04 8.537583692216500330e-04
-1.033435813167797720e-03 -6.243937079860843601e-04 -1.267899450551641201e-03 -9.877633397613082896e-04 -4.899022082986317743e-04 -1.126948177983185494e-03 -6.833140293157468487e-04 -6.361091412046974481e-05 -1.425952257552840679e-04 -7.668395676699114654e-04 0.000000000000000000e+00 -1.438276660146370995e-03
2.235471010009311627e-04 -1.884539648299071236e-04 1.865339146307304742e-03 -5.115154492045903382e-04 -3.533712320025065635e-04 -7.642034342112791027e-04 6.680833295142767385e-04 -6.158237782587171172e-05 -6.892005796052648806e-04 8.537583692216500330e-04 -1.438276660146370995e-03 0.000000000000000000e+00
