0.000000000000000000e+00 2.985661477221813304e-04 5.645536278107701408e-04 -3.801077808796793031e-04 3.813262074945317844e-04 -5.578206342657108033e-04 1.716598122494538119e-03 -2.223590485250205801e-04 1.183829169086929745e-03 -2.942854968466603093e-04 3.871893778512272176e-04 -1.335267567479913545e-03
2.985661477221813304e-04 0.000000000000000000e+00 -5.679054668951781775e-04 -1.013849532676336894e-03 6.313772288014995798e-04 3.213832649614263440e-04 3.817152690836188582e-04 3.096683043095729056e-04 -7.154746419911390837e-04 2.210492066335747433e-04 -2.998946127840130789e-04 -8.557100194929577897e-04
5.645536278107701408e-04 -5.679054668951781775e-04 0.000000000000000000e+00 4.897515085888116569e-04 -5.399958378167412726e-05 1.199614443931239314e-03 -5.672999990668113265e-04 -3.256857487979301653e-04 7.752851699134306711e-04 -2.491823606422013514e-04 4.336988013078392490e-04 1.716149369774589350e-03
-3.801077808796793031e-04 -1.013849532676336894e-03 4.897515085888116569e-04 0.000000000000000000e+00 1.539603696158028776e-07 -6.655473441685675088e-04 3.114321643596381457e-04 -5.398595118130288710e-04 -1.520216040209999842e-03 6.336258490992532216e-04 -1.058848110054850633e-04 3.659767554152875140e-04
3.813262074945317844e-04 6.313772288014995798e-04 -5.399958378167412726e-05 1.539603696158028776e-07 0.000000000000000000e+00 4.774132994856496496e-04 2.719990255255415150e-04 3.016519808923000311e-05 -5.995435857434036663e-04 5.279211183803331946e-05 -6.306749860153463162e-04 -1.027102975860773272e-03
-5.578206342657108033e-04 3.213832649614263440e-04 1.199614443931239314e-03 -6.655473441685675088e-04 4.774132994856496496e-04 0.000000000000000000e+00 -9.513089293716124302e-04 2.159719588754498219e-04 -5.674349485506965550e-04 -7.220003211103638704e-04 7.365326027184887535e-04 7.894596956528368266e-04
1.716598122494538119e-03 3.817152690836188582e-04 -5.672999990668113265e-04 3.114321643596381457e-04 2.719990255255415150e-04 -9.513089293716124302e-04 0.000000000000000000e+00 2.325024380775220841e-04 -2.543146153580815201e-03 2.028467597323539207e-04 -5.325283903303063742e-04 1.480123724764511933e-03
-2.223590485250205801e-04 3.096683043095729056e-04 -3.256857487979301653e-04 -5.398595118130288710e-04 3.016519808923000311e-05 2.159719588754498219e-04 2.325024380775220841e-04 0.000000000000000000e+00 -1.938861828182962749e-04 2.418344087791424418e-04 9.403330019242634938e-04 4.622181164128011908e-04
1.183829169086929745e-03 -7.154746419911390837e-04 7.752851699134306711e-04 -1.520216040209999842e-03 -5.995435857434036663e-04 -5.674349485506965550e-04 -2.543146153580815201e-03 -1.938861828182962749e-04 0.000000000000000000e+00 7.653814057641910012e-04 8.391664721742287747e-04 -2.297853250347226331e-03
-2.942854968466603093e-04 2.210492066335747433e-04 -2.491823606422013514e-04 6.336258490992532216e-04 5.279211183803331946e-05 -7.220003211103638704e-04 2.028467597323539207e-04 2.418344087791424418e-04 7.653814057641910012e-04 0.000000000000000000e+00 2.754593252702920172e-04 3.396142980698923543e-04
3.871893778512272176e-04 -2.998946127840130789e-04 4.336988013078392490e-04 -1.058848110054850633e-04 -6.306749860153463162e-04 7.365326027184887535e-04 -5.325283903303063742e-04 9.403330019242634938e-04 8.391664721742287747e-04 2.754593252702920172e-04 0.000000000000000000e+00 -1.656498429881959195e-03
-1.335267567479913545e-03 -8.557100194929577897e-04 1.716149369774589350e-03 3.659767554152875140e-04 -1.027102975860773272e-03 7.894596956528368266e-04 1.480123724764511933e-03 4.622181164128011908e-04 -2.297853250347226331e-03 3.396142980698923543e-04 -1.656498429881959195e-03 0.000000000000000000e+00
