0.000000000000000000e+00 3.973282436479153349e-04 2.705262522772957246e-03 -8.020878421071430710e-04 9.746556017910083542e-05 -4.210472341286683527e-04 1.700837965655609043e-03 2.189827479615060162e-04 1.406344631475557301e-03 2.626056184400846899e-04 4.711983578726462008e-05 9.141048286889568667e-06
3.973282436479153349e-04 0.000000000000000000e+00 1.247005408717291380e-03 1.017136027335507203e-03 -4.531481759837500256e-05 1.179273226862592890e-04 -1.489372865974039584e-04 2.300828552840007647e-04 -7.007764880451525366e-04 3.054629148017695163e-05 1.345223431717659443e-03 -5.580604326406130933e-04
2.705262522772957246e-03 1.247005408717291380e-03 0.000000000000000000e+00 -5.919047464809533074e-04 -2.600478127842512110e-04 -8.704899610527808747e-04 -5.725630916732040755e-04 4.970617322505760686e-04 1.238054087329449595e-03 3.151295509491501643e-04 -9.465895163992618525e-04 3.236201197768271776e-04
-8.020878421071430710e-04 1.017136027335507203e-03 -5.919047464809533074e-04 0.000000000000000000e+00 -1.137104072142947758e-04 -2.807798560962102420e-04 5.225846216911254286e-04 -6.467744156749066569e-05 1.331138201225954025e-03 -8.869915191298578404e-05 -3.063989443303299595e-04 9.912235557700509181e-04
9.746556017910083542e-05 -4.531481759837500256e-05 -2.600478127842512110e-04 -1.137104072142947758e-04 0.000000000000000000e+00 -2.449944116973130741e-04 5.670473532554913266e-05 1.775428975743947077e-04 -3.666276330502739431e-04 1.516613312149017343e-04 6.514512101808886922e-04 6.361123486712169910e-04
-4.210472341286683527e-04 1.179273226862592890e-04 -8.704899610527808747e-04 -2.807798560962102420e-04 -2.449944116973130741e-04 0.000000000000000000e+00 7.103857820719422641e-04 1.523546414274922010e-04 -1.168768882565893999e-03 -3.937429896571441432e-04 6.688571059813616226e-04 1.073922856623516636e-03
1.700837965655609043e-03 -1.489372865974039584e-04 -5.725630916732040755e-04 5.225846216911254286e-04 5.670473532554913266e-05 7.103857820719422641e-04 0.000000000000000000e+00 -2.803432093171567157e-04 5.911822063076220199e-04 -1.074141235104860033e-04 2.466816823033951577e-04 1.298574027340496442e-03
2.189827479615060162e-04 2.300828552840007647e-04 4.970617322505760686e-04 -6.467744156749066569e-05 1.775428975743947077e-04 1.523546414274922010e-04 -2.803432093171567157e-04 0.000000000000000000e+00 -3.000622709847949616e-04 1.376355977683097788e-04 -1.031578832937671644e-04 -8.138913082929767227e-04
1.406344631475557301e-03 -7.007764880451525366e-04 1.238054087329449595e-03 1.331138201225954025e-03 -3.666276330502739431e-04 -1.168768882565893999e-03 5.911822063076220199e-04 -3.000622709847949616e-04 0.000000000000000000e+00 7.051392326279821163e-04 -2.770208683337516478e-03 3.513168971880798169e-03
2.626056184400846899e-04 3.054629148017695163e-05 3.151295509491501643e-04 -8.869915191298578404e-05 1.516613312149017343e-04 -3.937429896571441432e-04 -1.074141235104860033e-04 1.376355977683097788e-04 7.051392326279821163e-04 0.000000000000000000e+00 1.440058900649803788e-04 4.868310086517666554e-04
4.711983578726462008e-05 1.345223431717659443e-03 -9.465895163992618525e-04 -3.063989443303299595e-04 6.514512101808886922e-04 6.688571059813616226e-04 2.466816823033951577e-04 -1.031578832937671644e-04 -2.770208683337516478e-03 1.440058900649803788e-04 0.000000000000000000e+00 -1.618843495000588930e-03
9.141048286889568667e-06 -5.580604326406130933e-04 3.236201197768271776e-04 9.912235557700509181e-04 6.361123486712169910e-04 1.073922856623516636e-03 1.298574027340496442e-03 -8.138913082929767227e-04 3.513168971880798169e-03 4.868310086517666554e-04 -1.618843495000588930e-03 0.000000000000000000e+00
