0.000000000000000000e+00 -1.618482905977973278e-03 -1.128101066090627822e-03 8.814099886958535850e-04 5.464966348631142553e-06 -3.831257908293941058e-04 9.719753702314521619e-05 2.732169028892236806e-04 -3.183695824257839774e-03 3.915026033090569075e-04 7.117488463676671434e-04 3.466269655103727462e-03
-1.618482905977973278e-03 0.000000000000000000e+00 -4.315806905249435247e-04 -8.308438886311655871e-05 -5.928106630777172292e-04 4.809454860624208191e-04 -4.028986677878572962e-04 4.727547169435082576e-05 2.072482788965492820e-03 3.754016086728202277e-05 2.935489893435201555e-05 2.008839897164231472e-03
-1.128101066090627822e-03 -4.315806905249435247e-04 0.000000000000000000e+00 7.327873218716988253e-04 -7.224773499468478818e-04 2.871865699006770356e-04 -5.055304279803988620e-04 -6.229952322359962697e-05 4.357562104675465823e-04 5.596800883912591640e-04 7.139077502853979180e-05 -1.453717820070303101e-03
8.814099886958535850e-04 -8.308438886311655871e-05 7.327873218716988253e-04 0.000000000000000000e+00 -1.604580314882533170e-04 2.903645989082209635e-04 5.731248324495245248e-05 -1.114218661454674443e-04 -4.134235341763970199e-04 -5.608957561523523778e-04 -1.093296767888512220e-04 -3.973817128527540755e-04
5.464966348631142553e-06 -5.928106630777172292e-04 -7.224773499468478818e-04 -1.604580314882533170e-04 0.000000000000000000e+00 -2.404740943297962953e-04 5.497338302672399998e-04 -3.512369852918959738e-04 4.380469013657746491e-04 -5.713828668400012129e-05 1.856952001977224575e-04 7.212268284683481193e-04
-3.831257908293941058e-04 4.809454860624208191e-04 2.871865699006770356e-04 2.903645989082209635e-04 -2.404740943297962953e-04 0.000000000000000000e+00 4.105915424695601298e-04 5.818745694448531209e-05 2.127812745295812522e-05 -1.239466702012880777e-05 6.037681059964326294e-04 -4.918357914881371119e-04
9.719753702314521619e-05 -4.028986677878572962e-04 -5.055304279803988620e-04 5.731248324495245248e-05 5.497338302672399998e-04 4.105915424695601298e-04 0.000000000000000000e+00 -2.348590825343249103e-04 -1.162306918384561428e-04 1.200155626650020561e-04 -7.460959784305993495e-04 -6.209523306935449695e-06
2.732169028892236806e-04 4.727547169435082576e-05 -6.229952322359962697e-05 -1.114218661454674443e-04 -3.512369852918959738e-04 5.818745694448531209e-05 -2.348590825343249103e-04 0.000000000000000000e+00 1.541929101551518376e-04 -1.129204952896807249e-04 1.066161297154800941e-04 1.322141693767665913e-04
-3.183695824257839774e-03 2.072482788965492820e-03 4.357562104675465823e-04 -4.134235341763970199e-04 4.380469013657746491e-04 2.127812745295812522e-05 -1.162306918384561428e-04 1.541929101551518376e-04 0.000000000000000000e+00 -9.974205793664414881e-04 6.839727780443712567e-04 4.512603486826268981e-03
3.915026033090569075e-04 3.754016086728202277e-05 5.596800883912591640e-04 -5.608957561523523778e-04 -5.713828668400012129e-05 -1.239466702012880777e-05 1.200155626650020561e-04 -1.129204952896807249e-04 -9.974205793664414881e-04 0.000000000000000000e+00 -1.111727461721841523e-04 6.041639604533227719e-05
7.117488463676671434e-04 2.935489893435201555e-05 7.139077502853979180e-05 -1.093296767888512220e-04 1.856952001977224575e-04 6.037681059964326294e-04 -7.460959784305993495e-04 1.066161297154800941e-04 6.839727780443712567e-04 -1.111727461721841523e-04 0.000000000000000000e+00 2.666732746418465447e-03
3.466269655103727462e-03 2.008839897164231472e-03 -1.453717820070303101e-03 -3.973817128527540755e-04 7.212268284683481193e-04 -4.918357914881371119e-04 -6.209523306935449695e-06 1.322141693767665913e-04 4.512603486826268981e-03 6.041639604533227719e-05 2.666732746418465447e-03 0.000000000000000000e+00
