0.000000000000000000e+00 -7.557600758678411582e-04 4.067305819662408810e-04 2.178915490460877334e-04 1.551840700389338508e-04 7.536263044701222618e-04 2.913973449647020287e-04 -1.815051167183276751e-04 1.457679202563605782e-03 -5.068977346596396233e-04 1.612552653573813078e-03 -1.043269601440918813e-04
-7.557600758678411582e-04 0.000000000000000000e+00 -8.595483675465540280e-05 7.158397099810142076e-04 -3.588005368950074499e-04 -9.991936857583427159e-05 6.029290004492506494e-04 3.763925154200743208e-04 8.454663234468460338e-04 -9.433073468416277652e-05 -1.019676925155141040e-03 -3.257698681112711865e-04
4.067305819662408810e-04 -8.595483675465540280e-05 0.000000000000000000e+00 -7.231757534780692718e-04 5.470152338152906761e-04 4.328288141527342810e-04 -2.246253574620140888e-04 2.661323593019966085e-04 2.503356939782327897e-03 5.208688745403726157e-05 -4.342624463860849125e-05 -1.927914372273544213e-03
2.178915490460877334e-04 7.158397099810142076e-04 -7.231757534780692718e-04 0.000000000000000000e+00 -8.118096897390628813e-04 3.115742173187531169e-04 2.386500054707068957e-04 -3.737528401907919216e-04 -4.847190412495795903e-04 -3.484084458381562312e-05 8.468247755423463077e-04 -1.438245956669070456e-03
1.551840700389338508e-04 -3.588005368950074499e-04 5.470152338152906761e-04 -8.118096897390628813e-04 0.000000000000000000e+00 -1.336187024019934823e-04 5.961355952023400214e-04 -1.141751898602515137e-04 -9.696508518115614598e-04 -2.036452386574885123e-04 -4.252246280375802543e-04 -2.800755495262849612e-05
7.536263044701222618e-04 -9.991936857583427159e-05 4.328288141527342810e-04 3.115742173187531169e-04 -1.336187024019934823e-04 0.000000000000000000e+00 -7.490768489575629898e-04 -2.192786497602122384e-04 6.374307927091390266e-04 -4.605725508302141989e-04 -5.726034761158142880e-04 4.598707651062985480e-04
2.913973449647020287e-04 6.029290004492506494e-04 -2.246253574620140888e-04 2.386500054707068957e-04 5.961355952023400214e-04 -7.490768489575629898e-04 0.000000000000000000e+00 2.838471794448998520e-04 -8.508801535757267191e-04 -4.137647165467816580e-04 9.943230989092302803e-04 -1.654782211182386290e-03
-1.815051167183276751e-04 3.763925154200743208e-04 2.661323593019966085e-04 -3.737528401907919216e-04 -1.141751898602515137e-04 -2.192786497602122384e-04 2.838471794448998520e-04 0.000000000000000000e+00 9.700257457214914040e-04 1.811841280506037088e-04 2.824541942661758080e-04 7.931553872853485711e-04
1.457679202563605782e-03 8.454663234468460338e-04 2.503356939782327897e-03 -4.847190412495795903e-04 -9.696508518115614598e-04 6.374307927091390266e-04 -8.508801535757267191e-04 9.700257457214914040e-04 0.000000000000000000e+00 3.631289292243858563e-04 1.423714826120911882e-03 -6.008390732559753264e-04
-5.068977346596396233e-04 -9.433073468416277652e-05 5.208688745403726157e-05 -3.484084458381562312e-05 -2.036452386574885123e-04 -4.605725508302141989e-04 -4.137647165467816580e-04 1.811841280506037088e-04 3.631289292243858563e-04 0.000000000000000000e+00 -7.478816578518324948e-06 -2.083366711543221874e-04
1.612552653573813078e-03 -1.019676925155141040e-03 -4.342624463860849125e-05 8.468247755423463077e-04 -4.252246280375802543e-04 -5.726034761158142880e-04 9.943230989092302803e-04 2.824541942661758080e-04 1.423714826120911882e-03 -7.478816578518324948e-06 0.000000000000000000e+00 -1.228997907353291362e-03
-1.043269601440918813e-04 -3.257698681112711865e-04 -1.927914372273544213e-03 -1.438245956669070456e-03 -2.800755495262849612e-05 4.598707651062985480e-04 -1.654782211182386290e-03 7.931553872853485711e-04 -6.008390732559753264e-04 -2.083366711543221874e-04 -1.228997907353291362e-03 0.000000000000000000e+00
