0.000000000000000000e+00 -4.657675228273230623e-04 1.469982438880973713e-04 3.213636465524348203e-04 -6.267290737593219155e-04 2.700040031407817008e-04 -1.353750218690237333e-04 -1.572391251484408841e-03 -5.124641438200172204e-04 -3.705574245127761512e-04 3.380257013081523288e-04 -5.314543303098442526e-04
-4.657675228273230623e-04 0.000000000000000000e+00 4.164530893861483367e-04 6.603313849676645210e-04 5.056934917774032895e-04 1.720259969688328952e-04 -1.073616941671939252e-05 -8.110251535870333312e-04 -7.137795624390316524e-04 -2.549906276495957861e-04 -6.942257841940677838e-04 -3.159319040212110069e-04
1.469982438880973713e-04 4.164530893861483367e-04 0.000000000000000000e+00 4.794936627427616015e-04 4.363542175682781892e-04 -9.091693458580910091e-05 -1.632662641665317941e-04 3.703788236859374737e-04 -2.594312145255249654e-04 1.450146589259980793e-04 2.807994478386014142e-04 -3.795950603925215367e-04
3.213636465524348203e-04 6.603313849676645210e-04 4.794936627427616015e-04 0.000000000000000000e+00 3.438807172218000924e-04 -4.982028439650217815e-04 4.133000695071713438e-05 -8.436994486076009915e-04 4.203469320407715376e-04 2.391252124782420577e-04 -2.798328613812328756e-04 -1.953650095321163857e-04
-6.267290737593219155e-04 5.056934917774032895e-04 4.363542175682781892e-04 3.438807172218000924e-04 0.000000000000000000e+00 -2.674828280622450053e-04 -1.665965210680287123e-06 -2.555546740657502111e-05 -8.218447951487448761e-04 -8.678769335827420475e-05 -2.141667636006578930e-04 -1.911429113263397438e-03
2.700040031407817008e-04 1.720259969688328952e-04 -9.091693458580910091e-05 -4.982028439650217815e-04 -2.674828280622450053e-04 0.000000000000000000e+00 9.011868149919409325e-05 3.867649344074984780e-04 -8.615635678111464944e-04 -2.134565341338594702e-03 7.742847790365590325e-05 1.854180464929538422e-03
-1.353750218690237333e-04 -1.073616941671939252e-05 -1.632662641665317941e-04 4.133000695071713438e-05 -1.665965210680287123e-06 9.011868149919409325e-05 0.000000000000000000e+00 -5.047430981979455318e-04 -5.131774983416458453e-05 -1.461948186105064380e-04 9.563910100323420210e-05 -6.977853799618107412e-04
-1.572391251484408841e-03 -8.110251535870333312e-04 3.703788236859374737e-04 -8.436994486076009915e-04 -2.555546740657502111e-05 3.867649344074984780e-04 -5.047430981979455318e-04 0.000000000000000000e+00 2.179092918956183705e-04 -2.897345498823665488e-03 2.842480304513816166e-04 2.682266556345901630e-03
-5.124641438200172204e-04 -7.137795624390316524e-04 -2.594312145255249654e-04 4.203469320407715376e-04 -8.218447951487448761e-04 -8.615635678111464944e-04 -5.131774983416458453e-05 2.179092918956183705e-04 0.000000000000000000e+00 1.102238011654408951e-03 -3.164657894410739672e-04 -6.142254194646861115e-04
-3.705574245127761512e-04 -2.549906276495957861e-04 1.450146589259980793e-04 2.391252124782420577e-04 -8.678769335827420475e-05 -2.134565341338594702e-03 -1.461948186105064380e-04 -2.897345498823665488e-03 1.102238011654408951e-03 0.000000000000000000e+00 -7.588779252165402957e-05 2.819683501935959288e-03
3.380257013081523288e-04 -6.942257841940677838e-04 2.807994478386014142e-04 -2.798328613812328756e-04 -2.141667636006578930e-04 7.742847790365590325e-05 9.563910100323420210e-05 2.842480304513816166e-04 -3.164657894410739672e-04 -7.588779252165402957e-05 0.000000000000000000e+00 5.133428853502366648e-04
-5.314543303098442526e-04 -3.159319040212110069e-04 -3.795950603925215367e-04 -1.953650095321163857e-04 -1.911429113263397438e-03 1.854180464929538422e-03 -6.977853799618107412e-04 2.682266556345901630e-03 -6.142254194646861115e-04 2.819683501935959288e-03 5.133428853502366648e-04 0.000000000000000000e+00
