0.000000000000000000e+00 -4.799400924731115682e-04 -3.408018520835974789e-04 9.385685654020188811e-05 -1.073085996929838476e-03 7.952412512606564033e-04 2.288417950356792042e-05 -1.342548513657742040e-03 -1.310166366571690081e-04 -7.745850803154329589e-04 2.786464263062228140e-04 5.636318432483145837e-04
-4.799400924731115682e-04 0.000000000000000000e+00 8.799392022543829931e-05 -2.556929681759734924e-04 -4.580030205593679142e-04 6.649879437119114809e-04 5.756868805313682683e-05 1.657197898552603861e-03 1.110278796218829283e-03 -8.630460458506814501e-04 -7.773973003151615031e-04 -9.430319460908681822e-04
-3.408018520835974789e-04 8.799392022543829931e-05 0.000000000000000000e+00 -2.162503711361794516e-05 3.928778127297892020e-04 5.772301895017297119e-04 -7.846959782846739124e-05 -9.567421702158883769e-04 1.885842498416210404e-05 3.397137004520300418e-04 2.216233290783287981e-04 2.113636806137116054e-04
9.385685654020188811e-05 -2.556929681759734924e-04 -2.162503711361794516e-05 0.000000000000000000e+00 -9.125924838088263821e-04 1.714220695371042238e-04 -1.718622587301334842e-05 -5.570834388022858404e-04 1.917983818633991870e-04 -4.877266248920551057e-04 -4.722786416506739664e-04 4.714194529842724276e-04
-1.073085996929838476e-03 -4.580030205593679142e-04 3.928778127297892020e-04 -9.125924838088263821e-04 0.000000000000000000e+00 -5.531493317927475319e-04 1.143118268677520270e-04 7.846654157540505813e-04 -4.787584288197785408e-04 5.161219394177085813e-04 7.253536970609704470e-05 7.070884900456408158e-04
7.952412512606564033e-04 6.649879437119114809e-04 5.772301895017297119e-04 1.714220695371042238e-04 -5.531493317927475319e-04 0.000000000000000000e+00 6.154127503478980417e-04 1.913420361987767764e-03 1.078606130576703495e-03 9.314015174963107728e-04 5.101252114954135750e-04 1.648525625494287085e-03
2.288417950356792042e-05 5.756868805313682683e-05 -7.846959782846739124e-05 -1.718622587301334842e-05 1.143118268677520270e-04 6.154127503478980417e-04 0.000000000000000000e+00 -6.383443205014627166e-04 6.435284338088105788e-04 3.140722821278686856e-04 -4.015207367558273443e-04 -3.260705229919815635e-04
-1.342548513657742040e-03 1.657197898552603861e-03 -9.567421702158883769e-04 -5.570834388022858404e-04 7.846654157540505813e-04 1.913420361987767764e-03 -6.383443205014627166e-04 0.000000000000000000e+00 -1.356515040514145185e-03 -1.636865068067230823e-03 -1.449674690118655336e-03 -2.024248381484452294e-03
-1.310166366571690081e-04 1.110278796218829283e-03 1.885842498416210404e-05 1.917983818633991870e-04 -4.787584288197785408e-04 1.078606130576703495e-03 6.435284338088105788e-04 -1.356515040514145185e-03 0.000000000000000000e+00 3.189357439363444476e-04 -7.999923805173410460e-05 6.055098352721568393e-04
-7.745850803154329589e-04 -8.630460458506814501e-04 3.397137004520300418e-04 -4.877266248920551057e-04 5.161219394177085813e-04 9.314015174963107728e-04 3.140722821278686856e-04 -1.636865068067230823e-03 3.189357439363444476e-04 0.000000000000000000e+00 -1.679363052279939398e-03 -1.523232287607186183e-04
2.786464263062228140e-04 -7.773973003151615031e-04 2.216233290783287981e-04 -4.722786416506739664e-04 7.253536970609704470e-05 5.101252114954135750e-04 -4.015207367558273443e-04 -1.449674690118655336e-03 -7.999923805173410460e-05 -1.679363052279939398e-03 0.000000000000000000e+00 4.196203216467743165e-04
5.636318432483145837e-04 -9.430319460908681822e-04 2.113636806137116054e-04 4.714194529842724276e-04 7.070884900456408158e-04 1.648525625494287085e-03 -3.260705229919815635e-04 -2.024248381484452294e-03 6.055098352721568393e-04 -1.523232287607186183e-04 4.196203216467743165e-04 0.000000000000000000e+00
