0.000000000000000000e+00 -5.813105055192532237e-04 4.447372677568774959e-04 5.075356046262391972e-04 -8.025349700391267533e-04 -5.374311120940660153e-04 1.022672315562601301e-04 1.399381852470719338e-03 -2.472391874047413654e-04 -1.458997276164472005e-03 4.428298849670788372e-04 -1.858061194062784766e-03
-5.813105055192532237e-04 0.000000000000000000e+00 2.118408149779550263e-04 9.395193775073175759e-05 -3.866512190258494406e-04 -3.082599358348592222e-04 -8.403609761961229716e-05 -1.029374795838884594e-03 -4.000488172675821844e-04 -3.448991782182155410e-04 3.639725104540398270e-04 5.334138015791161768e-04
4.447372677568774959e-04 2.118408149779550263e-04 0.000000000000000000e+00 9.619102281708933775e-05 -1.146234313201949093e-04 4.865183071801360026e-04 -1.208190702136566761e-04 2.966517389040414579e-04 1.158631667061542098e-04 -6.578870849806972955e-04 -3.903787861570578370e-04 5.354633984784808089e-04
5.075356046262391972e-04 9.395193775073175759e-05 9.619102281708933775e-05 0.000000000000000000e+00 5.014839400735786020e-04 2.442902578921200742e-04 4.533260376487457640e-04 9.366363695386234652e-04 -1.847588196913405826e-04 -2.291269976748678649e-04 -2.368725633262289305e-04 -1.197209545113609493e-03
-8.025349700391267533e-04 -3.866512190258494406e-04 -1.146234313201949093e-04 5.014839400735786020e-04 0.000000000000000000e+00 -1.172538170467381626e-03 -7.370068525714018343e-04 2.014152782632629667e-03 2.330261528981011096e-04 -1.113984650080925226e-03 -1.072309487786159360e-03 -8.445853224508280204e-05
-5.374311120940660153e-04 -3.082599358348592222e-04 4.865183071801360026e-04 2.442902578921200742e-04 -1.172538170467381626e-03 0.000000000000000000e+00 4.708856438561594029e-04 1.878007992990518701e-03 1.939629016314552850e-04 5.433628044806134523e-04 1.942586850918496470e-04 1.645648358746893943e-03
1.022672315562601301e-04 -8.403609761961229716e-05 -1.208190702136566761e-04 4.533260376487457640e-04 -7.370068525714018343e-04 4.708856438561594029e-04 0.000000000000000000e+00 -1.335917614121795135e-03 -1.105029347871487496e-04 4.099226688123648208e-04 -4.529507140990476671e-04 7.703463007186896281e-04
1.399381852470719338e-03 -1.029374795838884594e-03 2.966517389040414579e-04 9.366363695386234652e-04 2.014152782632629667e-03 1.878007992990518701e-03 -1.335917614121795135e-03 0.000000000000000000e+00 -1.165263187439955010e-04 1.615526031287591383e-03 1.722549609239746628e-03 1.656550778853193651e-03
-2.472391874047413654e-04 -4.000488172675821844e-04 1.158631667061542098e-04 -1.847588196913405826e-04 2.330261528981011096e-04 1.939629016314552850e-04 -1.105029347871487496e-04 -1.165263187439955010e-04 0.000000000000000000e+00 9.179509398716600510e-04 -7.096678779566801014e-04 -4.570237087024177467e-04
-1.458997276164472005e-03 -3.448991782182155410e-04 -6.578870849806972955e-04 -2.291269976748678649e-04 -1.113984650080925226e-03 5.433628044806134523e-04 4.099226688123648208e-04 1.615526031287591383e-03 9.179509398716600510e-04 0.000000000000000000e+00 1.039532803493754950e-03 -3.828843980508545952e-04
4.428298849670788372e-04 3.639725104540398270e-04 -3.903787861570578370e-04 -2.368725633262289305e-04 -1.072309487786159360e-03 1.942586850918496470e-04 -4.529507140990476671e-04 1.722549609239746628e-03 -7.096678779566801014e-04 1.039532803493754950e-03 0.000000000000000000e+00 -4.993690223460460704e-04
-1.858061194062784766e-03 5.334138015791161768e-04 5.354633984784808089e-04 -1.197209545113609493e-03 -8.445853224508280204e-05 1.645648358746893943e-03 7.703463007186896281e-04 1.656550778853193651e-03 -4.570237087024177467e-04 -3.828843980508545952e-04 -4.993690223460460704e-04 0.000000000000000000e+00
