0.000000000000000000e+00 -2.955424009165933102e-04 6.370732588200921391e-04 5.955257552367406874e-05 -4.651575115080112456e-04 3.748391951523272615e-04 -2.671648818656079008e-05 -2.972047236808841213e-04 5.711478672458166492e-04 -1.788583514391764700e-03 6.525110934323277798e-04 1.694668122350446578e-05
-2.955424009165933102e-04 0.000000000000000000e+00 -1.084596244296921297e-04 -2.459020300688836264e-04 2.507827582132271332e-04 2.924219901562926890e-04 -8.780603645890638876e-05 6.929191813116985761e-04 2.610428813782271013e-05 -1.322701013069630413e-04 8.794435453516632854e-04 -1.168537214750190595e-03
6.370732588200921391e-04 -1.084596244296921297e-04 0.000000000000000000e+00 -2.707850770254044501e-04 3.106712293372923691e-04 -3.364524279845764322e-04 -5.275345513297034837e-05 4.510489487381037668e-04 -2.830254925734738253e-04 2.885310427225110954e-04 -2.911419257724344304e-04 3.236102987206949900e-04
5.955257552367406874e-05 -2.459020300688836264e-04 -2.707850770254044501e-04 0.000000000000000000e+00 -9.011138509664925198e-04 -5.272299382090945511e-04 3.969474451788304104e-04 -1.917776944060148032e-04 -1.481507628970574881e-06 1.077190209991428982e-03 4.148820875384463434e-05 1.454639099892807597e-04
-4.651575115080112456e-04 2.507827582132271332e-04 3.106712293372923691e-04 -9.011138509664925198e-04 0.000000000000000000e+00 6.947183431482557804e-04 3.689832751687557020e-04 -1.912124818879622169e-03 2.051515482542005985e-04 -3.437516905832043324e-04 -4.600393233264813970e-04 -8.074882617592836053e-04
3.748391951523272615e-04 2.924219901562926890e-04 -3.364524279845764322e-04 -5.272299382090945511e-04 6.947183431482557804e-04 0.000000000000000000e+00 -4.059566567040223391e-04 -5.431085858936104743e-04 -1.043131323110072455e-04 2.057821942702411401e-03 9.669060220109763903e-04 -6.064067299743129105e-05
-2.671648818656079008e-05 -8.780603645890638876e-05 -5.275345513297034837e-05 3.969474451788304104e-04 3.689832751687557020e-04 -4.059566567040223391e-04 0.000000000000000000e+00 -1.691027466810272786e-04 1.969115155224346087e-04 3.304632978516172008e-04 -3.018478778855594388e-04 4.376805929701222471e-04
-2.972047236808841213e-04 6.929191813116985761e-04 4.510489487381037668e-04 -1.917776944060148032e-04 -1.912124818879622169e-03 -5.431085858936104743e-04 -1.691027466810272786e-04 0.000000000000000000e+00 -1.438796612636253792e-03 4.321610578762203128e-03 3.608438411623363594e-04 3.619985429882482085e-03
5.711478672458166492e-04 2.610428813782271013e-05 -2.830254925734738253e-04 -1.481507628970574881e-06 2.051515482542005985e-04 -1.043131323110072455e-04 1.969115155224346087e-04 -1.438796612636253792e-03 0.000000000000000000e+00 -8.695981337143302622e-04 2.899431055127146936e-04 1.464214534885587352e-03
-1.788583514391764700e-03 -1.322701013069630413e-04 2.885310427225110954e-04 1.077190209991428982e-03 -3.437516905832043324e-04 2.057821942702411401e-03 3.304632978516172008e-04 4.321610578762203128e-03 -8.695981337143302622e-04 0.000000000000000000e+00 -6.872742971418894153e-04 4.824455525904429876e-04
6.525110934323277798e-04 8.794435453516632854e-04 -2.911419257724344304e-04 4.148820875384463434e-05 -4.600393233264813970e-04 9.669060220109763903e-04 -3.018478778855594388e-04 3.608438411623363594e-04 2.899431055127146936e-04 -6.872742971418894153e-04 0.000000000000000000e+00 -3.735031042064583680e-04
1.694668122350446578e-05 -1.168537214750190595e-03 3.236102987206949900e-04 1.454639099892807597e-04 -8.074882617592836053e-04 -6.064067299743129105e-05 4.376805929701222471e-04 3.619985429882482085e-03 1.464214534885587352e-03 4.824455525904429876e-04 -3.735031042064583680e-04 0.000000000000000000e+00
