0.000000000000000000e+00 -1.088918651855495497e-03 7.773289852648221842e-04 2.150560768186867696e-05 -4.180920648049208776e-04 5.322516228020925284e-04 2.221407283820776184e-04 1.123721316639364736e-03 -1.046268149383531958e-03 2.994051743624233548e-04 -3.449344559548994616e-04 3.750387258234047527e-04
-1.088918651855495497e-03 0.000000000000000000e+00 -5.772440795853946757e-04 -5.800588296103932357e-04 -7.409074408369507782e-04 -4.961626928721978459e-04 -8.561465802787398931e-04 1.146483744127388621e-03 2.038044021948684763e-04 2.401853919991171152e-03 1.099179758476673437e-03 -8.020537671319098076e-04
7.773289852648221842e-04 -5.772440795853946757e-04 0.000000000000000000e+00 -1.412360626704816172e-03 1.343105183313902289e-03 8.024952001350885893e-04 -1.442191635773461461e-05 -4.212639723746163813e-04 -7.141719399364473498e-04 1.672512395423028436e-03 7.182307484566892442e-04 9.361052303284701738e-04
2.150560768186867696e-05 -5.800588296103932357e-04 -1.412360626704816172e-03 0.000000000000000000e+00 -6.091401954959622180e-05 3.457180130627306516e-04 -3.020443760527457026e-04 -5.586747648559740181e-04 2.612728044284344563e-04 7.366478692037837063e-04 3.371491221781849077e-05 6.006066368031169134e-04
-4.180920648049208776e-04 -7.409074408369507782e-04 1.343105183313902289e-03 -6.091401954959622180e-05 0.000000000000000000e+00 -5.177098468284450266e-04 3.308682525664363564e-04 -5.637647485215679889e-05 7.339002578523096034e-04 -2.521161864860104818e-04 -3.603811870848225188e-04 -1.953489486242637231e-04
5.322516228020925284e-04 -4.961626928721978459e-04 8.024952001350885893e-04 3.457180130627306516e-04 -5.177098468284450266e-04 0.000000000000000000e+00 -1.884388394399848904e-04 -3.824254623388081737e-04 4.077410681175109653e-04 4.335283806385342286e-04 -6.884935275207806210e-04 8.273757272868590589e-05
2.221407283820776184e-04 -8.561465802787398931e-04 -1.442191635773461461e-05 -3.020443760527457026e-04 3.308682525664363564e-04 -1.884388394399848904e-04 0.000000000000000000e+00 8.235590761713774402e-04 3.374939709364161897e-04 -2.511613521933067075e-04 5.814152238058130232e-04 -1.071928356449152841e-04
1.123721316639364736e-03 1.146483744127388621e-03 -4.212639723746163813e-04 -5.586747648559740181e-04 -5.637647485215679889e-05 -3.824254623388081737e-04 8.235590761713774402e-04 0.000000000000000000e+00 -1.665750025684133552e-03 -2.897188899647346397e-03 2.414452956730953382e-05 8.274972267717748157e-04
-1.046268149383531958e-03 2.038044021948684763e-04 -7.141719399364473498e-04 2.612728044284344563e-04 7.339002578523096034e-04 4.077410681175109653e-04 3.374939709364161897e-04 -1.665750025684133552e-03 0.000000000000000000e+00 3.807848265016964065e-04 -2.789037608336634826e-04 2.107574267117839781e-05
2.994051743624233548e-04 2.401853919991171152e-03 1.672512395423028436e-03 7.366478692037837063e-04 -2.521161864860104818e-04 4.335283806385342286e-04 -2.511613521933067075e-04 -2.897188899647346397e-03 3.807848265016964065e-04 0.000000000000000000e+00 2.294098699706724042e-03 2.304898314742411056e-03
-3.449344559548994616e-04 1.099179758476673437e-03 7.182307484566892442e-04 3.371491221781849077e-05 -3.603811870848225188e-04 -6.884935275207806210e-04 5.814152238058130232e-04 2.414452956730953382e-05 -2.789037608336634826e-04 2.294098699706724042e-03 0.000000000000000000e+00 8.684574155178331365e-04
3.750387258234047527e-04 -8.020537671319098076e-04 9.361052303284701738e-04 6.006066368031169134e-04 -1.953489486242637231e-04 8.273757272868590589e-05 -1.071928356449152841e-04 8.274972267717748157e-04 2.107574267117839781e-05 2.304898314742411056e-03 8.684574155178331365e-04 0.000000000000000000e+00
