0.000000000000000000e+00 -2.592081504344430354e-04 7.765431193618402175e-05 -8.948178878518768791e-04 2.259348784552699606e-04 1.034942644763365242e-04 7.144032459460764224e-05 4.091414907761886958e-04 6.547240772786638028e-04 3.296316447048980173e-05 -4.668338784613593672e-04 1.273041875576312338e-03
-2.592081504344430354e-04 0.000000000000000000e+00 4.210101166513391239e-04 -3.210538852858006308e-04 -5.981516019734552407e-04 -7.384707874194884679e-05 7.356722845124160541e-04 -5.798391592842031938e-04 2.029890479694197681e-04 -1.974819324298291833e-03 1.437562462931805387e-03 -1.042266105227849030e-03
7.765431193618402175e-05 4.210101166513391239e-04 0.000000000000000000e+00 -3.484356898288177326e-04 -1.452237233622346018e-04 6.716111637305877537e-05 3.771801309749955693e-04 1.435789682186633387e-03 1.989259951287973040e-03 3.969280178108198706e-03 3.212712090517098971e-04 -7.019342951490721528e-04
-8.948178878518768791e-04 -3.210538852858006308e-04 -3.484356898288177326e-04 0.000000000000000000e+00 -2.838798946398307611e-04 -2.532343613066189228e-04 3.134756928496359703e-04 6.387658204061433709e-05 -7.005662995364620544e-04 -1.412381781246929658e-04 3.213931249501683396e-05 -2.027562612886907247e-04
2.259348784552699606e-04 -5.981516019734552407e-04 -1.452237233622346018e-04 -2.838798946398307611e-04 0.000000000000000000e+00 -4.691745086221079633e-04 3.533189588023289419e-06 -4.297888098694318377e-04 4.852778333917272062e-04 2.619680405806407999e-04 -3.081577759674585665e-04 6.478886828249247505e-04
1.034942644763365242e-04 -7.384707874194884679e-05 6.716111637305877537e-05 -2.532343613066189228e-04 -4.691745086221079633e-04 0.000000000000000000e+00 3.238205958797143861e-04 2.374480587509596305e-04 -5.373466458421380853e-04 6.716531996349079986e-05 -5.094678635934260383e-04 1.189972186865509601e-05
7.144032459460764224e-05 7.356722845124160541e-04 3.771801309749955693e-04 3.134756928496359703e-04 3.533189588023289419e-06 3.238205958797143861e-04 0.000000000000000000e+00 -4.625660140711553492e-04 -2.149238273211524243e-04 -5.596359647575991714e-04 -4.855629622789133150e-05 -5.887984736022505391e-05
4.091414907761886958e-04 -5.798391592842031938e-04 1.435789682186633387e-03 6.387658204061433709e-05 -4.297888098694318377e-04 2.374480587509596305e-04 -4.625660140711553492e-04 0.000000000000000000e+00 1.333279008190349046e-04 -2.396308857026094611e-04 -2.191750767723149877e-04 -4.798315562279049430e-04
6.547240772786638028e-04 2.029890479694197681e-04 1.989259951287973040e-03 -7.005662995364620544e-04 4.852778333917272062e-04 -5.373466458421380853e-04 -2.149238273211524243e-04 1.333279008190349046e-04 0.000000000000000000e+00 2.820144688250772469e-03 -7.765160003202814434e-04 -5.750693734936167099e-05
3.296316447048980173e-05 -1.974819324298291833e-03 3.969280178108198706e-03 -1.412381781246929658e-04 2.619680405806407999e-04 6.716531996349079986e-05 -5.596359647575991714e-04 -2.396308857026094611e-04 2.820144688250772469e-03 0.000000000000000000e+00 7.951164296326869657e-04 1.216234445382980128e-03
-4.668338784613593672e-04 1.437562462931805387e-03 3.212712090517098971e-04 3.213931249501683396e-05 -3.081577759674585665e-04 -5.094678635934260383e-04 -4.855629622789133150e-05 -2.191750767723149877e-04 -7.765160003202814434e-04 7.951164296326869657e-04 0.000000000000000000e+00 3.696089199436907260e-05
1.273041875576312338e-03 -1.042266105227849030e-03 -7.019342951490721528e-04 -2.027562612886907247e-04 6.478886828249247505e-04 1.189972186865509601e-05 -5.887984736022505391e-05 -4.798315562279049430e-04 -5.750693734936167099e-05 1.216234445382980128e-03 3.696089199436907260e-05 0.000000000000000000e+00
