0.000000000000000000e+00 -1.709067740709900845e-03 -1.961588368733218658e-03 -3.003668390161768373e-04 3.150049570968555673e-04 2.870357067813770688e-04 2.762120151895368342e-05 -1.070009009799622289e-03 3.749964984828773706e-04 -1.823504846018514890e-03 -5.007971994483421561e-04 -1.052073891278736519e-03
-1.709067740709900845e-03 0.000000000000000000e+00 -2.662997213576651437e-03 8.950911386317564236e-05 6.294973093885880833e-06 1.748218754860731219e-04 -5.474385835690833145e-05 1.321415566703057574e-03 7.569247630441453033e-04 2.615449794944452438e-03 -5.848355869744028060e-04 -8.494995106385382685e-05
-1.961588368733218658e-03 -2.662997213576651437e-03 0.000000000000000000e+00 9.124694270175891025e-04 2.504401242723593786e-04 5.493511307077976458e-05 1.669436908947647292e-04 -1.686620307074123402e-04 -1.781196185186862888e-03 -1.703509820427084528e-03 7.870494543362037019e-04 7.192384084723630038e-04
-3.003668390161768373e-04 8.950911386317564236e-05 9.124694270175891025e-04 0.000000000000000000e+00 2.363490418958192078e-04 -3.139280871541065706e-04 1.871983742648811232e-04 4.777203283917702114e-04 6.995305878716172364e-04 -2.247273516919702941e-03 -5.126597804271014686e-04 4.159645450908192195e-04
3.150049570968555673e-04 6.294973093885880833e-06 2.504401242723593786e-04 2.363490418958192078e-04 0.000000000000000000e+00 1.552653163893053781e-04 -2.456649845772139592e-04 -3.964844826121627515e-04 2.815884651304393607e-04 3.927908763672026144e-04 1.151700716221799277e-05 -3.509580458770166595e-04
2.870357067813770688e-04 1.748218754860731219e-04 5.493511307077976458e-05 -3.139280871541065706e-04 1.552653163893053781e-04 0.000000000000000000e+00 2.286746403986041813e-04 4.989453201653148203e-04 1.776881586746592242e-04 -1.758608371603239979e-03 2.850092057487356163e-04 -4.238341461445273555e-04
2.762120151895368342e-05 -5.474385835690833145e-05 1.669436908947647292e-04 1.871983742648811232e-04 -2.456649845772139592e-04 2.286746403986041813e-04 0.000000000000000000e+00 -4.382798145521757329e-04 -9.975986764594898897e-05 1.419777443686735786e-04 -5.057047258871871049e-04 2.275437940619639957e-04
-1.070009009799622289e-03 1.321415566703057574e-03 -1.686620307074123402e-04 4.777203283917702114e-04 -3.964844826121627515e-04 4.989453201653148203e-04 -4.382798145521757329e-04 0.000000000000000000e+00 2.533015181586803976e-04 -1.763453615663813662e-03 5.062925069381173353e-04 -1.834879762358105606e-04
3.749964984828773706e-04 7.569247630441453033e-04 -1.781196185186862888e-03 6.995305878716172364e-04 2.815884651304393607e-04 1.776881586746592242e-04 -9.975986764594898897e-05 2.533015181586803976e-04 0.000000000000000000e+00 -1.591383295748893074e-03 -2.480908358275121334e-05 6.125248043485398463e-04
-1.823504846018514890e-03 2.615449794944452438e-03 -1.703509820427084528e-03 -2.247273516919702941e-03 3.927908763672026144e-04 -1.758608371603239979e-03 1.419777443686735786e-04 -1.763453615663813662e-03 -1.591383295748893074e-03 0.000000000000000000e+00 -1.737624820648025939e-04 -2.166058136592784937e-04
-5.007971994483421561e-04 -5.848355869744028060e-04 7.870494543362037019e-04 -5.126597804271014686e-04 1.151700716221799277e-05 2.850092057487356163e-04 -5.057047258871871049e-04 5.062925069381173353e-04 -2.480908358275121334e-05 -1.737624820648025939e-04 0.000000000000000000e+00 -1.010414303813073446e-04
-1.052073891278736519e-03 -8.494995106385382685e-05 7.192384084723630038e-04 4.159645450908192195e-04 -3.509580458770166595e-04 -4.238341461445273555e-04 2.275437940619639957e-04 -1.834879762358105606e-04 6.125248043485398463e-04 -2.166058136592784937e-04 -1.010414303813073446e-04 0.000000000000000000e+00
