0.000000000000000000e+00 2.845215733409885454e-04 8.985833329313930654e-04 -3.038032171637780133e-04 2.224364281712223911e-04 6.591817885542069610e-04 -1.652338550526555869e-04 -9.920628446980555779e-04 2.486492114362429009e-04 -2.171179838583493522e-03 3.064876799467559985e-04 -7.018896033454509941e-04
2.845215733409885454e-04 0.000000000000000000e+00 -1.154292599682528583e-03 1.069529534082785645e-03 4.498350300455028613e-04 3.609406252589115105e-04 5.667643345809765954e-05 -6.495391309646808076e-04 -7.450395254582813445e-04 -2.312958228850057335e-03 1.250751920484327248e-03 6.004225258980125076e-04
8.985833329313930654e-04 -1.154292599682528583e-03 0.000000000000000000e+00 -5.934780284609816170e-05 1.992904908312429977e-04 -3.222520349454883744e-04 1.235797494648463966e-03 -3.225019041762063944e-04 -1.447139939628849618e-03 3.389013359155601274e-03 1.724398337638806704e-03 4.803902955859977626e-04
-3.038032171637780133e-04 1.069529534082785645e-03 -5.934780284609816170e-05 0.000000000000000000e+00 1.939533918825460783e-05 -2.089668099302508420e-04 5.201842995540562889e-04 -7.526788339617492734e-04 4.428838428981762051e-04 -5.034997116730795426e-04 6.951222809985224682e-04 -5.586172529210544697e-05
2.224364281712223911e-04 4.498350300455028613e-04 1.992904908312429977e-04 1.939533918825460783e-05 0.000000000000000000e+00 -2.048406346375961887e-04 3.502392768494246435e-04 5.677733265555789510e-04 3.355649493432058279e-04 -1.449570370418444033e-03 3.818110397757802925e-04 2.700489629589656595e-04
6.591817885542069610e-04 3.609406252589115105e-04 -3.222520349454883744e-04 -2.089668099302508420e-04 -2.048406346375961887e-04 0.000000000000000000e+00 -3.686490484125786609e-04 -3.801972179726253879e-04 5.814915561803137606e-09 -1.133314235707387756e-05 6.120939281197225381e-04 -3.090287965379524956e-04
-1.652338550526555869e-04 5.667643345809765954e-05 1.235797494648463966e-03 5.201842995540562889e-04 3.502392768494246435e-04 -3.686490484125786609e-04 0.000000000000000000e+00 -1.542282048858967697e-05 -6.231444028056290843e-04 -2.290666289476400410e-05 -1.754936928789163700e-06 -5.318003584570741606e-04
-9.920628446980555779e-04 -6.495391309646808076e-04 -3.225019041762063944e-04 -7.526788339617492734e-04 5.677733265555789510e-04 -3.801972179726253879e-04 -1.542282048858967697e-05 0.000000000000000000e+00 -3.720062120247051682e-04 -8.887143078045517874e-04 -2.064295590086348716e-04 8.160533390072239462e-04
2.486492114362429009e-04 -7.450395254582813445e-04 -1.447139939628849618e-03 4.428838428981762051e-04 3.355649493432058279e-04 5.814915561803137606e-09 -6.231444028056290843e-04 -3.720062120247051682e-04 0.000000000000000000e+00 2.445464732432477031e-04 5.496830807904492296e-04 1.084668087483889182e-05
-2.171179838583493522e-03 -2.312958228850057335e-03 3.389013359155601274e-03 -5.034997116730795426e-04 -1.449570370418444033e-03 -1.133314235707387756e-05 -2.290666289476400410e-05 -8.887143078045517874e-04 2.445464732432477031e-04 0.000000000000000000e+00 1.902943185155167279e-03 -1.699272499206260032e-03
3.064876799467559985e-04 1.250751920484327248e-03 1.724398337638806704e-03 6.951222809985224682e-04 3.818110397757802925e-04 6.120939281197225381e-04 -1.754936928789163700e-06 -2.064295590086348716e-04 5.496830807904492296e-04 1.902943185155167279e-03 0.000000000000000000e+00 -2.886372713156531121e-04
-7.018896033454509941e-04 6.004225258980125076e-04 4.803902955859977626e-04 -5.586172529210544697e-05 2.700489629589656595e-04 -3.090287965379524956e-04 -5.318003584570741606e-04 8.160533390072239462e-04 1.084668087483889182e-05 -1.699272499206260032e-03 -2.886372713156531121e-04 0.000000000000000000e+00
