0.000000000000000000e+00 -9.582102342873397211e-05 2.296436943766780607e-04 -4.106114639143460280e-04 1.208752756747027350e-04 1.326708224393126595e-04 -5.670880705399743632e-05 3.760353525016567572e-04 4.157935415747273061e-04 -4.961369737893685803e-04 1.205496250716330448e-04 8.706824579672355145e-05
-9.582102342873397211e-05 0.000000000000000000e+00 -1.799677946586363453e-04 -6.469638449350203796e-05 9.882739640749957952e-05 5.293827765036045879e-04 -3.574888207278410795e-05 -7.189771122425397910e-04 3.150657454431241727e-04 -2.181796080589551152e-04 3.017322137049788743e-04 5.774722079118971068e-04
2.296436943766780607e-04 -1.799677946586363453e-04 0.000000000000000000e+00 1.228702102140399898e-04 4.972898187229049440e-04 -3.387298197635510021e-04 3.716959308706208856e-04 -9.135799049801489541e-04 6.004237239668813383e-04 -2.318095697071349587e-04 1.027154692928337713e-03 -1.374620475138308481e-03
-4.106114639143460280e-04 -6.469638449350203796e-05 1.228702102140399898e-04 0.000000000000000000e+00 -7.202830976667972318e-05 -6.155981946648067049e-04 -1.935065885541020477e-04 5.668066034218547950e-04 7.879100294151239383e-04 3.923137242277106623e-04 4.672701632409742762e-04 4.025876513768503391e-04
1.208752756747027350e-04 9.882739640749957952e-05 4.972898187229049440e-04 -7.202830976667972318e-05 0.000000000000000000e+00 -2.420427011276352362e-04 3.436579857943201227e-04 -1.890294499764054188e-03 -2.066227172481503813e-03 5.252286123699236291e-04 9.213707272456458887e-04 1.053747771998876127e-03
1.326708224393126595e-04 5.293827765036045879e-04 -3.387298197635510021e-04 -6.155981946648067049e-04 -2.420427011276352362e-04 0.000000000000000000e+00 2.235125560315800563e-04 1.112526731929556426e-03 -4.111157632246247593e-04 7.109764712478580011e-04 5.758155156817672824e-04 -2.962579653975632886e-04
-5.670880705399743632e-05 -3.574888207278410795e-05 3.716959308706208856e-04 -1.935065885541020477e-04 3.436579857943201227e-04 2.235125560315800563e-04 0.000000000000000000e+00 -1.967051886179862011e-04 7.149365389378135394e-05 6.694089337050385504e-05 -6.458583052854218560e-05 3.025654909769056981e-04
3.760353525016567572e-04 -7.189771122425397910e-04 -9.135799049801489541e-04 5.668066034218547950e-04 -1.890294499764054188e-03 1.112526731929556426e-03 -1.967051886179862011e-04 0.000000000000000000e+00 1.872460950365572316e-03 1.922270596346909582e-03 1.345527245644687325e-03 -5.495779007379770304e-04
4.157935415747273061e-04 3.150657454431241727e-04 6.004237239668813383e-04 7.879100294151239383e-04 -2.066227172481503813e-03 -4.111157632246247593e-04 7.149365389378135394e-05 1.872460950365572316e-03 0.000000000000000000e+00 -3.237569379753622682e-03 9.510204373860230284e-04 2.179885300739618434e-03
-4.961369737893685803e-04 -2.181796080589551152e-04 -2.318095697071349587e-04 3.923137242277106623e-04 5.252286123699236291e-04 7.109764712478580011e-04 6.694089337050385504e-05 1.922270596346909582e-03 -3.237569379753622682e-03 0.000000000000000000e+00 2.104120296349569952e-04 -5.237986319765278740e-04
1.205496250716330448e-04 3.017322137049788743e-04 1.027154692928337713e-03 4.672701632409742762e-04 9.213707272456458887e-04 5.758155156817672824e-04 -6.458583052854218560e-05 1.345527245644687325e-03 9.510204373860230284e-04 2.104120296349569952e-04 0.000000000000000000e+00 5.063691213850767979e-04
8.706824579672355145e-05 5.774722079118971068e-04 -1.374620475138308481e-03 4.025876513768503391e-04 1.053747771998876127e-03 -2.962579653975632886e-04 3.025654909769056981e-04 -5.495779007379770304e-04 2.179885300739618434e-03 -5.237986319765278740e-04 5.063691213850767979e-04 0.000000000000000000e+00
