0.000000000000000000e+00 -1.700574531459398948e-04 -5.634939634397665987e-05 1.894071578147466742e-04 -4.645160199733618274e-04 1.859356635208899529e-04 -1.702430957766177459e-04 1.170608508990909002e-04 -1.006481979848757059e-05 -3.848038031596218394e-04 1.133164331228640281e-04 1.556958658719203529e-04
-1.700574531459398948e-04 0.000000000000000000e+00 4.922379532344050082e-04 3.503868437099821984e-04 -1.763865769687087868e-04 -1.478147042133011891e-04 -1.148898628442257736e-04 -5.546607976985953349e-04 -8.351204076011047375e-04 4.805941790789971689e-04 4.506038044742757646e-04 -3.193433176570223040e-04
-5.634939634397665987e-05 4.922379532344050082e-04 0.000000000000000000e+00 -2.537991170307549063e-04 -3.995549339573346235e-05 -2.215073373235491307e-04 -4.365091017247500608e-04 8.463926814676399780e-04 -8.524628064823476037e-04 -9.479457595221227719e-04 1.508458183582701839e-04 -2.927234734180476526e-04
1.894071578147466742e-04 3.503868437099821984e-04 -2.537991170307549063e-04 0.000000000000000000e+00 -1.020824163136837518e-04 6.132374778260800104e-04 -6.949266211373999851e-04 -1.356393049293996844e-03 -5.545642376633121108e-04 1.170963684516689767e-03 -1.395564303538832486e-03 -1.196595755543948536e-03
-4.645160199733618274e-04 -1.763865769687087868e-04 -3.995549339573346235e-05 -1.020824163136837518e-04 0.000000000000000000e+00 -1.367922940920072853e-04 -2.522478692887041561e-04 1.184847825556517619e-03 -1.520048080385545414e-03 -1.377433395413555587e-03 4.295273400416946947e-04 -9.338340009067672056e-04
1.859356635208899529e-04 -1.478147042133011891e-04 -2.215073373235491307e-04 6.132374778260800104e-04 -1.367922940920072853e-04 0.000000000000000000e+00 4.778021138449792509e-05 1.407785039351221873e-03 -2.508775580922986020e-04 3.202590057634704685e-04 -9.560897796479360822e-04 4.586626163394837163e-04
-1.702430957766177459e-04 -1.148898628442257736e-04 -4.365091017247500608e-04 -6.949266211373999851e-04 -2.522478692887041561e-04 4.778021138449792509e-05 0.000000000000000000e+00 3.650368883908229893e-04 4.268440223206645848e-04 -8.627701126686755314e-05 3.964104187639796366e-04 -5.152859333739728213e-04
1.170608508990909002e-04 -5.546607976985953349e-04 8.463926814676399780e-04 -1.356393049293996844e-03 1.184847825556517619e-03 1.407785039351221873e-03 3.650368883908229893e-04 0.000000000000000000e+00 -2.195158965936814047e-03 -2.671021544603988194e-03 -1.257134419470027969e-03 1.643082653204199634e-03
-1.006481979848757059e-05 -8.351204076011047375e-04 -8.524628064823476037e-04 -5.545642376633121108e-04 -1.520048080385545414e-03 -2.508775580922986020e-04 4.268440223206645848e-04 -2.195158965936814047e-03 0.000000000000000000e+00 -1.396753721374286404e-03 8.485641033847492502e-05 -1.486825879708544938e-03
-3.848038031596218394e-04 4.805941790789971689e-04 -9.479457595221227719e-04 1.170963684516689767e-03 -1.377433395413555587e-03 3.202590057634704685e-04 -8.627701126686755314e-05 -2.671021544603988194e-03 -1.396753721374286404e-03 0.000000000000000000e+00 2.283486154925311177e-04 3.093564189180033654e-03
1.133164331228640281e-04 4.506038044742757646e-04 1.508458183582701839e-04 -1.395564303538832486e-03 4.295273400416946947e-04 -9.560897796479360822e-04 3.964104187639796366e-04 -1.257134419470027969e-03 8.485641033847492502e-05 2.283486154925311177e-04 0.000000000000000000e+00 7.942358959008023441e-04
1.556958658719203529e-04 -3.193433176570223040e-04 -2.927234734180476526e-04 -1.196595755543948536e-03 -9.338340009067672056e-04 4.586626163394837163e-04 -5.152859333739728213e-04 1.643082653204199634e-03 -1.486825879708544938e-03 3.093564189180033654e-03 7.942358959008023441e-04 0.000000000000000000e+00
