0.000000000000000000e+00 -1.402476126591844802e-04 -5.173182562051886930e-04 -5.457675773575150491e-04 5.420350305777427678e-04 2.222842478435293112e-04 -1.065445730321064002e-04 1.886468411947431168e-04 2.625882353095817297e-04 -5.060615666279798123e-04 2.329956113303286456e-04 -6.512496505330431359e-04
-1.402476126591844802e-04 0.000000000000000000e+00 -1.599515099776816125e-04 -4.538254862451291077e-04 7.166706050050039209e-05 -3.139471383559111679e-04 7.218459715818897145e-05 -2.450166175093977010e-04 9.816895964553388945e-04 -4.812757299737373024e-04 1.331727249266167329e-04 -1.322849373148942483e-04
-5.173182562051886930e-04 -1.599515099776816125e-04 0.000000000000000000e+00 2.916723855084190194e-05 4.129411968638243440e-04 4.795172557463033632e-04 -5.338314409365233154e-04 1.430432664150123930e-03 -1.975145465760665912e-03 1.113988589541340442e-03 -7.368462967141364275e-04 -5.481429418417220695e-04
-5.457675773575150491e-04 -4.538254862451291077e-04 2.916723855084190194e-05 0.000000000000000000e+00 3.618286410090359095e-04 2.264624050268939693e-04 6.064757087835529912e-04 -1.327068457310189107e-03 -7.514860752564174115e-04 -9.413141942027009653e-04 8.603880175205234600e-04 1.592996190012710650e-04
5.420350305777427678e-04 7.166706050050039209e-05 4.129411968638243440e-04 3.618286410090359095e-04 0.000000000000000000e+00 -4.737133781678657925e-04 5.281194365746367289e-05 -8.923172119171140669e-04 6.450313674032541803e-05 -1.132303749025035658e-03 -5.168851811388467830e-05 6.393188679904836811e-04
2.222842478435293112e-04 -3.139471383559111679e-04 4.795172557463033632e-04 2.264624050268939693e-04 -4.737133781678657925e-04 0.000000000000000000e+00 -8.797142347847986454e-05 -5.278474509968416684e-04 -6.320219946970268661e-04 1.938293806831030864e-04 -7.960884684056083798e-05 -8.021230596827568556e-04
-1.065445730321064002e-04 7.218459715818897145e-05 -5.338314409365233154e-04 6.064757087835529912e-04 5.281194365746367289e-05 -8.797142347847986454e-05 0.000000000000000000e+00 3.050157384715697080e-04 -9.983877554180840917e-04 -5.607121205914234651e-05 -5.149751560423999029e-04 9.416887605442847637e-04
1.886468411947431168e-04 -2.450166175093977010e-04 1.430432664150123930e-03 -1.327068457310189107e-03 -8.923172119171140669e-04 -5.278474509968416684e-04 3.050157384715697080e-04 0.000000000000000000e+00 2.127863542681025354e-03 1.420626152680669026e-03 -1.059161010863235745e-03 -1.070182012159354287e-03
2.625882353095817297e-04 9.816895964553388945e-04 -1.975145465760665912e-03 -7.514860752564174115e-04 6.450313674032541803e-05 -6.320219946970268661e-04 -9.983877554180840917e-04 2.127863542681025354e-03 0.000000000000000000e+00 2.577595337816533227e-03 -1.907463924535486664e-03 -1.034780347989586484e-03
-5.060615666279798123e-04 -4.812757299737373024e-04 1.113988589541340442e-03 -9.413141942027009653e-04 -1.132303749025035658e-03 1.938293806831030864e-04 -5.607121205914234651e-05 1.420626152680669026e-03 2.577595337816533227e-03 0.000000000000000000e+00 -1.711353925580238198e-03 4.882614359826820648e-04
2.329956113303286456e-04 1.331727249266167329e-04 -7.368462967141364275e-04 8.603880175205234600e-04 -5.168851811388467830e-05 -7.960884684056083798e-05 -5.149751560423999029e-04 -1.059161010863235745e-03 -1.907463924535486664e-03 -1.711353925580238198e-03 0.000000000000000000e+00 -1.025029745646372338e-03
-6.512496505330431359e-04 -1.322849373148942483e-04 -5.481429418417220695e-04 1.592996190012710650e-04 6.393188679904836811e-04 -8.021230596827568556e-04 9.416887605442847637e-04 -1.070182012159354287e-03 -1.034780347989586484e-03 4.882614359826820648e-04 -1.025029745646372338e-03 0.000000000000000000e+00
