0.000000000000000000e+00 1.815917165028081920e-04 2.453685554217860235e-04 2.999663672719094800e-04 -3.414579708894972506e-04 -9.948332269061269789e-05 2.773006207391941137e-04 2.692269695416822363e-05 -1.091403836457835409e-03 2.668090242606624890e-05 -1.716574629441137620e-04 5.261995719040892796e-04
1.815917165028081920e-04 0.000000000000000000e+00 2.082638795746593718e-04 1.984653388925524395e-04 -1.083357370079706425e-04 -2.059007964605497380e-04 -4.583499555164013929e-04 -5.689111363339929926e-04 6.106775403586085608e-04 -2.952344310437209117e-04 3.662711420015020728e-04 -6.793785605393867300e-04
2.453685554217860235e-04 2.082638795746593718e-04 0.000000000000000000e+00 -5.655856275198174266e-04 5.786551437512650912e-04 -2.685575610906816720e-04 -1.210334226002763246e-04 1.207287332434096340e-04 -6.506252912571816203e-04 1.002952674580753550e-03 -5.128973684413065497e-04 -3.090839698057541848e-04
2.999663672719094800e-04 1.984653388925524395e-04 -5.655856275198174266e-04 0.000000000000000000e+00 -3.490355157917948898e-04 5.116702972680586782e-04 -2.076612785329625527e-04 -4.059702534122157629e-04 -1.223164597760717336e-04 -1.547994886771051086e-04 3.334510505561470673e-04 5.677761699741779413e-04
-3.414579708894972506e-04 -1.083357370079706425e-04 5.786551437512650912e-04 -3.490355157917948898e-04 0.000000000000000000e+00 -5.598195351100322681e-04 -6.840281770504205933e-04 -4.295732404584859561e-04 3.283330683879659602e-04 -8.777315925240647279e-04 -1.563904215748376488e-03 9.350426770676496368e-04
-9.948332269061269789e-05 -2.059007964605497380e-04 -2.685575610906816720e-04 5.116702972680586782e-04 -5.598195351100322681e-04 0.000000000000000000e+00 2.343244145475571175e-04 3.020896344946584879e-04 -1.374925018944344940e-03 -7.774486966291514192e-04 4.748380603321934881e-05 4.766127742074753744e-04
2.773006207391941137e-04 -4.583499555164013929e-04 -1.210334226002763246e-04 -2.076612785329625527e-04 -6.840281770504205933e-04 2.343244145475571175e-04 0.000000000000000000e+00 -4.928200823582204373e-04 8.721232666725360887e-04 7.186817907894258979e-04 3.336617799377937034e-06 4.381830361626793259e-04
2.692269695416822363e-05 -5.689111363339929926e-04 1.207287332434096340e-04 -4.059702534122157629e-04 -4.295732404584859561e-04 3.020896344946584879e-04 -4.928200823582204373e-04 0.000000000000000000e+00 2.278669396334470111e-03 2.493444207432985761e-03 1.820030930206709661e-03 2.509641012538678384e-03
-1.091403836457835409e-03 6.106775403586085608e-04 -6.506252912571816203e-04 -1.223164597760717336e-04 3.283330683879659602e-04 -1.374925018944344940e-03 8.721232666725360887e-04 2.278669396334470111e-03 0.000000000000000000e+00 -1.881842289438846966e-04 1.076594699624459873e-03 6.479890367115889206e-04
2.668090242606624890e-05 -2.952344310437209117e-04 1.002952674580753550e-03 -1.547994886771051086e-04 -8.777315925240647279e-04 -7.774486966291514192e-04 7.186817907894258979e-04 2.493444207432985761e-03 -1.881842289438846966e-04 0.000000000000000000e+00 8.579174470161807231e-04 -1.887066842398820582e-03
-1.716574629441137620e-04 3.662711420015020728e-04 -5.128973684413065497e-04 3.334510505561470673e-04 -1.563904215748376488e-03 4.748380603321934881e-05 3.336617799377937034e-06 1.820030930206709661e-03 1.076594699624459873e-03 8.579174470161807231e-04 0.000000000000000000e+00 -6.722139775031224550e-04
5.261995719040892796e-04 -6.793785605393867300e-04 -3.090839698057541848e-04 5.677761699741779413e-04 9.350426770676496368e-04 4.766127742074753744e-04 4.381830361626793259e-04 2.509641012538678384e-03 6.479890367115889206e-04 -1.887066842398820582e-03 -6.722139775031224550e-04 0.000000000000000000e+00
