0.000000000000000000e+00 1.559106679264700901e-04 4.619447841036327653e-04 1.061173800219385193e-04 1.487183976782141927e-04 -1.473418793669231024e-03 2.262718162726523922e-04 -3.897698924714242791e-04 -1.082398203829133679e-04 2.217276104760060502e-04 3.999145965219715959e-04 -1.283623817214098000e-04
1.559106679264700901e-04 0.000000000000000000e+00 -9.340209083039843589e-04 -2.739998467788413582e-04 2.591209208067946497e-05 4.962318129149443161e-04 2.837208372705278124e-04 -5.693881613183886508e-04 1.649491930147326172e-05 7.086917780249926387e-04 -4.282899171149304857e-04 -1.512491929492061746e-04
4.619447841036327653e-04 -9.340209083039843589e-04 0.000000000000000000e+00 8.964040118177917047e-04 -2.135876921475826564e-04 6.441922404911103444e-04 1.130452980826473098e-03 1.313848819671517348e-03 1.051107509642249319e-03 -4.363578544906939784e-04 6.811092183809948743e-04 8.675534854483459837e-04
1.061173800219385193e-04 -2.739998467788413582e-04 8.964040118177917047e-04 0.000000000000000000e+00 5.194091566978478128e-04 9.940769217689614939e-04 -7.696143494402681246e-04 -1.226260688256548934e-04 -2.642497569778396067e-04 -1.800877478557763069e-03 -1.453834460139865812e-04 8.060763563298160210e-05
1.487183976782141927e-04 2.591209208067946497e-05 -2.135876921475826564e-04 5.194091566978478128e-04 0.000000000000000000e+00 7.908150124351301250e-04 -5.975360347658674508e-04 2.564433987005104026e-04 3.971498562358714455e-04 -9.814433334598442931e-05 -4.186550900876197462e-04 -4.894429160615350121e-05
-1.473418793669231024e-03 4.962318129149443161e-04 6.441922404911103444e-04 9.940769217689614939e-04 7.908150124351301250e-04 0.000000000000000000e+00 -4.872456103169697339e-04 1.983869447806789997e-03 -8.954206918277471785e-04 1.679641536757093797e-03 1.218331211061626090e-03 -3.360319933633273406e-04
2.262718162726523922e-04 2.837208372705278124e-04 1.130452980826473098e-03 -7.696143494402681246e-04 -5.975360347658674508e-04 -4.872456103169697339e-04 0.000000000000000000e+00 7.882581163229306857e-04 6.747162982070065151e-04 1.256462026693387591e-03 -2.833615801170315468e-04 1.394227793392453676e-04
-3.897698924714242791e-04 -5.693881613183886508e-04 1.313848819671517348e-03 -1.226260688256548934e-04 2.564433987005104026e-04 1.983869447806789997e-03 7.882581163229306857e-04 0.000000000000000000e+00 -2.762490760815744756e-04 -1.158260983416258081e-03 5.038380297535690168e-04 3.527101044339684067e-05
-1.082398203829133679e-04 1.649491930147326172e-05 1.051107509642249319e-03 -2.642497569778396067e-04 3.971498562358714455e-04 -8.954206918277471785e-04 6.747162982070065151e-04 -2.762490760815744756e-04 0.000000000000000000e+00 1.553061599587087773e-03 -4.049984014531745236e-04 3.946127050063508472e-04
2.217276104760060502e-04 7.086917780249926387e-04 -4.363578544906939784e-04 -1.800877478557763069e-03 -9.814433334598442931e-05 1.679641536757093797e-03 1.256462026693387591e-03 -1.158260983416258081e-03 1.553061599587087773e-03 0.000000000000000000e+00 1.178940389790714745e-03 4.981549880097008555e-04
3.999145965219715959e-04 -4.282899171149304857e-04 6.811092183809948743e-04 -1.453834460139865812e-04 -4.186550900876197462e-04 1.218331211061626090e-03 -2.833615801170315468e-04 5.038380297535690168e-04 -4.049984014531745236e-04 1.178940389790714745e-03 0.000000000000000000e+00 4.386242043800590807e-04
-1.283623817214098000e-04 -1.512491929492061746e-04 8.675534854483459837e-04 8.060763563298160210e-05 -4.894429160615350121e-05 -3.360319933633273406e-04 1.394227793392453676e-04 3.527101044339684067e-05 3.946127050063508472e-04 4.981549880097008555e-04 4.386242043800590807e-04 0.000000000000000000e+00
