0.000000000000000000e+00 -2.872698233155230609e-04 -2.320168492145445059e-04 -4.616669049503192238e-04 -3.387765016323744703e-04 -1.450281343146761156e-04 -1.033579361072295129e-04 2.957456742271376976e-04 -4.279534460047582046e-04 9.608889630599109187e-04 2.634451909406198785e-04 3.885353660436807239e-05
-2.872698233155230609e-04 0.000000000000000000e+00 -2.013672880475999444e-04 -3.260004724811281247e-04 -4.084651134518523506e-04 8.570156945244675932e-04 -6.379335231393709399e-04 5.513023831600693614e-04 8.133738684771164417e-04 -7.930990194572017093e-04 -2.368023586595939544e-04 3.172168905177491071e-04
-2.320168492145445059e-04 -2.013672880475999444e-04 0.000000000000000000e+00 -1.748689568920764117e-03 8.501265828105344100e-04 2.673322187599729265e-03 -3.217762034473803249e-04 -4.826546366354069937e-04 1.357350951874717942e-03 1.495187207739360688e-03 -4.035339126154030890e-05 -2.169073002634823878e-04
-4.616669049503192238e-04 -3.260004724811281247e-04 -1.748689568920764117e-03 0.000000000000000000e+00 -4.626823647372193355e-04 1.320333496381379500e-03 4.511101165049638344e-04 1.529182668813857402e-04 -5.465835296314231449e-04 -9.570098370278559740e-04 -3.889609467677198490e-05 5.117581031083952639e-04
-3.387765016323744703e-04 -4.084651134518523506e-04 8.501265828105344100e-04 -4.626823647372193355e-04 0.000000000000000000e+00 -1.117544247189821175e-03 -3.482348741205508989e-04 -3.485218935472994854e-04 1.051189785172181512e-03 4.288545863276141705e-04 9.190921701307208061e-05 -2.613572132090742411e-04
-1.450281343146761156e-04 8.570156945244675932e-04 2.673322187599729265e-03 1.320333496381379500e-03 -1.117544247189821175e-03 0.000000000000000000e+00 -1.282544283840946452e-03 -1.025446045958340819e-03 -6.175903366295407582e-04 -2.293649435267022113e-03 5.677141161152455038e-05 1.368121751151796500e-03
-1.033579361072295129e-04 -6.379335231393709399e-04 -3.217762034473803249e-04 4.511101165049638344e-04 -3.482348741205508989e-04 -1.282544283840946452e-03 0.000000000000000000e+00 5.563001615418250521e-05 6.163348288416572660e-04 -2.235787511935417708e-04 2.633329597508107453e-04 2.537781483494396342e-04
2.957456742271376976e-04 5.513023831600693614e-04 -4.826546366354069937e-04 1.529182668813857402e-04 -3.485218935472994854e-04 -1.025446045958340819e-03 5.563001615418250521e-05 0.000000000000000000e+00 9.952507293553177186e-04 1.780058552012614382e-03 2.327136776725743125e-04 4.065374026733624554e-05
-4.279534460047582046e-04 8.133738684771164417e-04 1.357350951874717942e-03 -5.465835296314231449e-04 1.051189785172181512e-03 -6.175903366295407582e-04 6.163348288416572660e-04 9.952507293553177186e-04 0.000000000000000000e+00 -2.043146705395376683e-03 1.936469875896163774e-04 2.053113117038112944e-04
9.608889630599109187e-04 -7.930990194572017093e-04 1.495187207739360688e-03 -9.570098370278559740e-04 4.288545863276141705e-04 -2.293649435267022113e-03 -2.235787511935417708e-04 1.780058552012614382e-03 -2.043146705395376683e-03 0.000000000000000000e+00 5.901238391351906016e-04 9.045187712248727984e-04
2.634451909406198785e-04 -2.368023586595939544e-04 -4.035339126154030890e-05 -3.889609467677198490e-05 9.190921701307208061e-05 5.677141161152455038e-05 2.633329597508107453e-04 2.327136776725743125e-04 1.936469875896163774e-04 5.901238391351906016e-04 0.000000000000000000e+00 -2.851398269588351856e-04
3.885353660436807239e-05 3.172168905177491071e-04 -2.169073002634823878e-04 5.117581031083952639e-04 -2.613572132090742411e-04 1.368121751151796500e-03 2.537781483494396342e-04 4.065374026733624554e-05 2.053113117038112944e-04 9.045187712248727984e-04 -2.851398269588351856e-04 0.000000000000000000e+00
