0.000000000000000000e+00 2.182805193312559004e-04 9.122871778568374546e-04 -4.083793774811443796e-04 8.136240888471590015e-04 2.659629352403229696e-04 4.426287882988603155e-05 3.902318353606303849e-04 -8.026661388068373915e-04 1.446900345252363253e-03 1.571967257252560848e-04 2.261865162362985200e-04
2.182805193312559004e-04 0.000000000000000000e+00 3.578521344094210679e-04 4.767042607569979117e-04 5.697807749112817179e-04 2.446416397403108878e-04 -2.592901653491457990e-04 1.438426266355603183e-04 -5.957423431394257441e-04 6.133837824750795276e-04 -5.514638116274245857e-05 -2.863928886274300003e-04
9.122871778568374546e-04 3.578521344094210679e-04 0.000000000000000000e+00 -6.258685513200758742e-04 1.028976282472826402e-03 1.854394620697817240e-03 -6.446779041999486058e-04 9.614218732673590964e-04 1.640389971484602525e-03 2.840675319928993425e-03 5.205856719159400459e-04 -5.462654522917408323e-04
-4.083793774811443796e-04 4.767042607569979117e-04 -6.258685513200758742e-04 0.000000000000000000e+00 -2.466193300222159403e-04 1.030729052691114252e-03 5.047144797899866909e-05 3.088787484553320059e-04 -3.123079971652584089e-04 1.808841885001200521e-04 -2.566607737920420236e-04 5.091299922913120361e-04
8.136240888471590015e-04 5.697807749112817179e-04 1.028976282472826402e-03 -2.466193300222159403e-04 0.000000000000000000e+00 1.530673808903287208e-03 9.284321470463686565e-04 -1.133885929161521626e-04 2.014637718473616650e-04 -2.168321861036785671e-03 -9.564187947226945299e-05 1.424440526629720805e-04
2.659629352403229696e-04 2.446416397403108878e-04 1.854394620697817240e-03 1.030729052691114252e-03 1.530673808903287208e-03 0.000000000000000000e+00 -1.535570871119288239e-03 -1.939994050485091374e-03 2.839562119931766243e-04 -2.650734225375727272e-03 1.817818533209385678e-04 6.041249334484747029e-04
4.426287882988603155e-05 -2.592901653491457990e-04 -6.446779041999486058e-04 5.047144797899866909e-05 9.284321470463686565e-04 -1.535570871119288239e-03 0.000000000000000000e+00 1.047463970217142300e-03 3.860781075927201462e-04 -2.137955064155942254e-03 -3.989395900208948364e-05 7.578021757635184242e-06
3.902318353606303849e-04 1.438426266355603183e-04 9.614218732673590964e-04 3.088787484553320059e-04 -1.133885929161521626e-04 -1.939994050485091374e-03 1.047463970217142300e-03 0.000000000000000000e+00 5.572231920677592947e-04 1.711914823508158294e-03 -5.218198570597475799e-04 6.964022146133087236e-05
-8.026661388068373915e-04 -5.957423431394257441e-04 1.640389971484602525e-03 -3.123079971652584089e-04 2.014637718473616650e-04 2.839562119931766243e-04 3.860781075927201462e-04 5.572231920677592947e-04 0.000000000000000000e+00 -1.178418022330857302e-03 -1.059938820915885299e-05 1.287936398029850178e-04
1.446900345252363253e-03 6.133837824750795276e-04 2.840675319928993425e-03 1.808841885001200521e-04 -2.168321861036785671e-03 -2.650734225375727272e-03 -2.137955064155942254e-03 1.711914823508158294e-03 -1.178418022330857302e-03 0.000000000000000000e+00 2.986514923682660763e-05 8.741730753675064326e-05
1.571967257252560848e-04 -5.514638116274245857e-05 5.205856719159400459e-04 -2.566607737920420236e-04 -9.564187947226945299e-05 1.817818533209385678e-04 -3.989395900208948364e-05 -5.218198570597475799e-04 -1.059938820915885299e-05 2.986514923682660763e-05 0.000000000000000000e+00 -3.360196606309438392e-04
2.261865162362985200e-04 -2.863928886274300003e-04 -5.462654522917408323e-04 5.091299922913120361e-04 1.424440526629720805e-04 6.041249334484747029e-04 7.578021757635184242e-06 6.964022146133087236e-05 1.287936398029850178e-04 8.741730753675064326e-05 -3.360196606309438392e-04 0.000000000000000000e+00
