0.000000000000000000e+00 2.952194624251950261e-04 -2.923377550920865575e-04 -8.774540046672582843e-05 -4.111727209501197665e-04 5.917116099470075204e-05 5.871024913053179799e-04 3.864219654636899168e-04 1.774565128521596010e-04 -2.231159850391650030e-04 3.699374665679037430e-05 3.562320180650086044e-06
2.952194624251950261e-04 0.000000000000000000e+00 1.259513509293374428e-04 -1.028042477907510069e-03 -2.476683268758044063e-04 -8.023064632018087495e-04 3.455125006530900249e-04 -3.533044874425481617e-04 -4.938567434446835104e-04 -1.127680121834127684e-03 -2.852706209127528112e-04 -3.892518429043573323e-04
-2.923377550920865575e-04 1.259513509293374428e-04 0.000000000000000000e+00 1.258166421437814783e-03 5.338598972335336984e-04 -9.708077211053233119e-04 -4.030825774917061758e-04 5.640811230904012839e-04 1.376874087906677317e-03 -2.404455123393235954e-03 -7.826386210937982422e-04 9.934185613316901496e-04
-8.774540046672582843e-05 -1.028042477907510069e-03 1.258166421437814783e-03 0.000000000000000000e+00 -5.082596553642390602e-04 1.687200262991010941e-03 -3.312530745630013298e-04 2.818760534925582252e-04 3.639598488906250736e-04 -1.274971589042353266e-03 5.801273609610203483e-04 -8.072492595796547637e-04
-4.111727209501197665e-04 -2.476683268758044063e-04 5.338598972335336984e-04 -5.082596553642390602e-04 0.000000000000000000e+00 -2.803355025926784587e-04 -1.098373869492009651e-04 -4.382553770478333556e-04 -5.604433322308284473e-04 1.494171382304037090e-04 7.632646205035653478e-04 -4.271333236926168776e-04
5.917116099470075204e-05 -8.023064632018087495e-04 -9.708077211053233119e-04 1.687200262991010941e-03 -2.803355025926784587e-04 0.000000000000000000e+00 2.013251346130699596e-04 9.065642527272914624e-04 -4.781020231547652120e-04 3.768602705044647467e-03 -1.421858969727029815e-03 -2.008074601033926722e-04
5.871024913053179799e-04 3.455125006530900249e-04 -4.030825774917061758e-04 -3.312530745630013298e-04 -1.098373869492009651e-04 2.013251346130699596e-04 0.000000000000000000e+00 -3.904671745921463642e-05 -6.750977479274373680e-04 1.143078628459851063e-03 -3.513630432351024457e-04 2.500972249848097142e-04
3.864219654636899168e-04 -3.533044874425481617e-04 5.640811230904012839e-04 2.818760534925582252e-04 -4.382553770478333556e-04 9.065642527272914624e-04 -3.904671745921463642e-05 0.000000000000000000e+00 -1.019318498215675923e-03 -6.184676433011945806e-04 -2.730503583602441990e-04 2.572509926866720044e-04
1.774565128521596010e-04 -4.938567434446835104e-04 1.376874087906677317e-03 3.639598488906250736e-04 -5.604433322308284473e-04 -4.781020231547652120e-04 -6.750977479274373680e-04 -1.019318498215675923e-03 0.000000000000000000e+00 -1.832574931584439589e-03 -7.104292733145197228e-04 -1.010862482880975832e-03
-2.231159850391650030e-04 -1.127680121834127684e-03 -2.404455123393235954e-03 -1.274971589042353266e-03 1.494171382304037090e-04 3.768602705044647467e-03 1.143078628459851063e-03 -6.184676433011945806e-04 -1.832574931584439589e-03 0.000000000000000000e+00 1.172703961157641958e-03 1.286671416429163370e-03
3.699374665679037430e-05 -2.852706209127528112e-04 -7.826386210937982422e-04 5.801273609610203483e-04 7.632646205035653478e-04 -1.421858969727029815e-03 -3.513630432351024457e-04 -2.730503583602441990e-04 -7.104292733145197228e-04 1.172703961157641958e-03 0.000000000000000000e+00 1.254237517959097819e-04
3.562320180650086044e-06 -3.892518429043573323e-04 9.934185613316901496e-04 -8.072492595796547637e-04 -4.271333236926168776e-04 -2.008074601033926722e-04 2.500972249848097142e-04 2.572509926866720044e-04 -1.010862482880975832e-03 1.286671416429163370e-03 1.254237517959097819e-04 0.000000000000000000e+00
