0.000000000000000000e+00 1.860243040416184265e-04 2.410610813595390211e-04 3.747702494563020961e-04 -3.862348097107267471e-04 -4.458658504278686843e-04 1.364484639081433182e-03 -1.537486243096763765e-04 -1.011533621413023042e-03 -2.370786717761623084e-04 1.165003448229109386e-03 3.817999069166413625e-06
1.860243040416184265e-04 0.000000000000000000e+00 4.947027869582593080e-05 3.284227636309484537e-05 5.248456671533885442e-04 2.195271264652487149e-04 2.268552616434040816e-04 -6.058774314646938339e-04 1.877037259903112994e-04 5.645550921318361276e-04 -9.258009988751783777e-04 -1.316166996450370095e-04
2.410610813595390211e-04 4.947027869582593080e-05 0.000000000000000000e+00 -3.022451322513692632e-05 -3.271237941837004302e-04 5.444469409787351959e-05 1.055084057306045729e-03 6.126782106003417086e-04 -1.436805587045897120e-03 -8.311197647593771996e-04 -1.830708662085453855e-03 2.357189767940579331e-04
3.747702494563020961e-04 3.284227636309484537e-05 -3.022451322513692632e-05 0.000000000000000000e+00 2.455683251607606124e-04 1.025534481012476280e-04 1.832030954873267324e-04 1.889655267684014182e-05 -1.082233131732418746e-03 5.827341334795967684e-05 -3.193767937813334827e-04 -5.889708807875621011e-04
-3.862348097107267471e-04 5.248456671533885442e-04 -3.271237941837004302e-04 2.455683251607606124e-04 0.000000000000000000e+00 9.572272550016591676e-04 -1.673923933908518999e-03 2.976588098856374105e-04 -1.718737344145156946e-03 4.673524994290268689e-04 7.093646167807690162e-04 7.457756719363422410e-04
-4.458658504278686843e-04 2.195271264652487149e-04 5.444469409787351959e-05 1.025534481012476280e-04 9.572272550016591676e-04 0.000000000000000000e+00 -2.205668522141788124e-04 2.208949399179456832e-04 -3.039832256153659823e-04 -2.485951178734926583e-05 -4.436044945268717403e-05 -1.816149034973155369e-04
1.364484639081433182e-03 2.268552616434040816e-04 1.055084057306045729e-03 1.832030954873267324e-04 -1.673923933908518999e-03 -2.205668522141788124e-04 0.000000000000000000e+00 -1.427734694325280161e-04 1.629994668436682368e-03 2.322188041938138821e-04 -1.349727432464868117e-04 1.370205653842082897e-03
-1.537486243096763765e-04 -6.058774314646938339e-04 6.126782106003417086e-04 1.889655267684014182e-05 2.976588098856374105e-04 2.208949399179456832e-04 -1.427734694325280161e-04 0.000000000000000000e+00 3.945488822063713142e-04 -6.448858716235397184e-04 8.806708586809680822e-04 5.746549196971070632e-04
-1.011533621413023042e-03 1.877037259903112994e-04 -1.436805587045897120e-03 -1.082233131732418746e-03 -1.718737344145156946e-03 -3.039832256153659823e-04 1.629994668436682368e-03 3.945488822063713142e-04 0.000000000000000000e+00 9.364724947661123454e-04 3.026048697773184651e-03 -1.556923855673142138e-03
-2.370786717761623084e-04 5.645550921318361276e-04 -8.311197647593771996e-04 5.827341334795967684e-05 4.673524994290268689e-04 -2.485951178734926583e-05 2.322188041938138821e-04 -6.448858716235397184e-04 9.364724947661123454e-04 0.000000000000000000e+00 -1.215357370808565953e-03 1.368616848896585421e-03
1.165003448229109386e-03 -9.258009988751783777e-04 -1.830708662085453855e-03 -3.193767937813334827e-04 7.093646167807690162e-04 -4.436044945268717403e-05 -1.349727432464868117e-04 8.806708586809680822e-04 3.026048697773184651e-03 -1.215357370808565953e-03 0.000000000000000000e+00 -1.970217943147051145e-03
3.817999069166413625e-06 -1.316166996450370095e-04 2.357189767940579331e-04 -5.889708807875621011e-04 7.457756719363422410e-04 -1.816149034973155369e-04 1.370205653842082897e-03 5.746549196971070632e-04 -1.556923855673142138e-03 1.368616848896585421e-03 -1.970217943147051145e-03 0.000000000000000000e+00
