0.000000000000000000e+00 -1.587867573637494136e-04 -2.696104968262836069e-04 3.683540635719557548e-05 -7.653589697781266717e-04 2.052908095203084067e-04 3.397489992020532787e-05 5.163932639512152419e-04 1.014309827831390374e-03 6.114513406409614535e-04 -3.456505699244879462e-04 7.206431392407885821e-04
-1.587867573637494136e-04 0.000000000000000000e+00 1.051212800841800770e-04 -9.247534946549469410e-05 1.145635008342029641e-03 4.022557247759960724e-04 1.103523645538095985e-03 -1.002102783487139284e-04 -8.263534122441111834e-04 -1.931541473989351943e-04 -6.581270301805140083e-04 6.306819921482324006e-04
-2.696104968262836069e-04 1.051212800841800770e-04 0.000000000000000000e+00 -3.655501528567975541e-04 -8.834906967946594197e-04 1.445843380780150562e-04 5.909052814010800313e-04 -9.086780281058905292e-05 7.302691023748056516e-04 7.074629086258079594e-05 -6.567220350995898927e-04 -2.893344344177737042e-04
3.683540635719557548e-05 -9.247534946549469410e-05 -3.655501528567975541e-04 0.000000000000000000e+00 -4.312768662700140775e-04 6.388169826392248217e-04 5.459243699960142273e-04 1.629016943134655175e-05 -5.788067350499407964e-04 4.875694625963295219e-05 3.198764437421636989e-04 -5.289250289130382728e-04
-7.653589697781266717e-04 1.145635008342029641e-03 -8.834906967946594197e-04 -4.312768662700140775e-04 0.000000000000000000e+00 3.516424144484522744e-04 -5.245210972174351805e-04 -4.909694092985380500e-04 -2.132749187836031641e-03 -2.348684463048355381e-04 2.093451257826045315e-03 -3.225473519735299254e-04
2.052908095203084067e-04 4.022557247759960724e-04 1.445843380780150562e-04 6.388169826392248217e-04 3.516424144484522744e-04 0.000000000000000000e+00 3.477250760670038467e-05 5.579642950512616614e-05 -1.961549469571355960e-05 -6.057629876379791358e-04 -1.042428272694034645e-03 -1.111741211598375642e-04
3.397489992020532787e-05 1.103523645538095985e-03 5.909052814010800313e-04 5.459243699960142273e-04 -5.245210972174351805e-04 3.477250760670038467e-05 0.000000000000000000e+00 -8.201552452806544404e-04 -1.795894403451609713e-03 -5.695207374565252169e-04 -2.828748023750623432e-05 1.048566855419587503e-03
5.163932639512152419e-04 -1.002102783487139284e-04 -9.086780281058905292e-05 1.629016943134655175e-05 -4.909694092985380500e-04 5.579642950512616614e-05 -8.201552452806544404e-04 0.000000000000000000e+00 6.476525599642075698e-04 2.068932805452059552e-05 3.279335885794106660e-04 7.636647505037919513e-05
1.014309827831390374e-03 -8.263534122441111834e-04 7.302691023748056516e-04 -5.788067350499407964e-04 -2.132749187836031641e-03 -1.961549469571355960e-05 -1.795894403451609713e-03 6.476525599642075698e-04 0.000000000000000000e+00 1.761405576345604935e-04 3.040541895639231953e-03 2.914961065488118602e-03
6.114513406409614535e-04 -1.931541473989351943e-04 7.074629086258079594e-05 4.875694625963295219e-05 -2.348684463048355381e-04 -6.057629876379791358e-04 -5.695207374565252169e-04 2.068932805452059552e-05 1.761405576345604935e-04 0.000000000000000000e+00 -6.892085817819630644e-04 -5.365805458288677157e-04
-3.456505699244879462e-04 -6.581270301805140083e-04 -6.567220350995898927e-04 3.198764437421636989e-04 2.093451257826045315e-03 -1.042428272694034645e-03 -2.828748023750623432e-05 3.279335885794106660e-04 3.040541895639231953e-03 -6.892085817819630644e-04 0.000000000000000000e+00 2.001425988382864521e-03
7.206431392407885821e-04 6.306819921482324006e-04 -2.893344344177737042e-04 -5.289250289130382728e-04 -3.225473519735299254e-04 -1.111741211598375642e-04 1.048566855419587503e-03 7.636647505037919513e-05 2.914961065488118602e-03 -5.365805458288677157e-04 2.001425988382864521e-03 0.000000000000000000e+00
