0.000000000000000000e+00 4.808197167208800790e-04 -1.332891224862442687e-04 -2.517519321972291673e-04 1.042121165700407543e-04 -6.701974927488332529e-04 7.279026831756896286e-04 -3.319182454044449773e-04 1.055578750050429422e-04 -2.189851172748724488e-04 6.176938076589662870e-04 -1.005266448240730090e-04
4.808197167208800790e-04 0.000000000000000000e+00 1.204180030982903262e-04 -4.114957535822353534e-04 5.904124521467771702e-04 -2.232035515984818943e-04 6.234461161387269386e-04 7.878011170656174010e-05 1.414037860410954873e-03 -3.214353120847657057e-04 1.055797238995923775e-03 1.572567260246804930e-04
-1.332891224862442687e-04 1.204180030982903262e-04 0.000000000000000000e+00 3.274829240747885103e-04 5.845837548817075548e-04 2.632430622652651283e-04 -1.449419695375274853e-04 -2.547405598138887035e-04 6.290888345893688380e-04 1.242641553982196979e-04 6.210039452149569402e-04 2.887946357680283788e-04
-2.517519321972291673e-04 -4.114957535822353534e-04 3.274829240747885103e-04 0.000000000000000000e+00 4.628678806354673248e-04 3.283031465977418709e-04 -4.539427310760495095e-04 -1.389581563966392713e-04 2.051936975037554087e-04 -5.556971803094388910e-04 2.556778500841120423e-04 -2.854868233008132634e-04
1.042121165700407543e-04 5.904124521467771702e-04 5.845837548817075548e-04 4.628678806354673248e-04 0.000000000000000000e+00 -1.119770467472924920e-03 -7.453302190395993867e-04 -9.593932294892220129e-04 -8.711711517918395258e-05 -8.044117207575149711e-04 -1.460388803682003073e-03 -1.984268339293211877e-05
-6.701974927488332529e-04 -2.232035515984818943e-04 2.632430622652651283e-04 3.283031465977418709e-04 -1.119770467472924920e-03 0.000000000000000000e+00 7.918663949997130705e-04 -1.983271372155131357e-04 2.014982560315729809e-03 2.522453422767956732e-04 4.835391214693440841e-04 -1.459800488919385205e-04
7.279026831756896286e-04 6.234461161387269386e-04 -1.449419695375274853e-04 -4.539427310760495095e-04 -7.453302190395993867e-04 7.918663949997130705e-04 0.000000000000000000e+00 -9.406341349815580287e-04 1.876858234978876546e-03 -1.198248512420346074e-04 1.140812727831291926e-03 4.732192671534104882e-04
-3.319182454044449773e-04 7.878011170656174010e-05 -2.547405598138887035e-04 -1.389581563966392713e-04 -9.593932294892220129e-04 -1.983271372155131357e-04 -9.406341349815580287e-04 0.000000000000000000e+00 -9.743488872649665655e-04 -3.981607665655136443e-04 9.137025794394418093e-04 -4.483130529318447681e-04
1.055578750050429422e-04 1.414037860410954873e-03 6.290888345893688380e-04 2.051936975037554087e-04 -8.711711517918395258e-05 2.014982560315729809e-03 1.876858234978876546e-03 -9.743488872649665655e-04 0.000000000000000000e+00 -3.222263279742017261e-04 -5.354892375847820300e-04 -2.662293889785409453e-03
-2.189851172748724488e-04 -3.214353120847657057e-04 1.242641553982196979e-04 -5.556971803094388910e-04 -8.044117207575149711e-04 2.522453422767956732e-04 -1.198248512420346074e-04 -3.981607665655136443e-04 -3.222263279742017261e-04 0.000000000000000000e+00 -1.287007353827049425e-03 2.274293286002559674e-04
6.176938076589662870e-04 1.055797238995923775e-03 6.210039452149569402e-04 2.556778500841120423e-04 -1.460388803682003073e-03 4.835391214693440841e-04 1.140812727831291926e-03 9.137025794394418093e-04 -5.354892375847820300e-04 -1.287007353827049425e-03 0.000000000000000000e+00 9.299238574311004387e-04
-1.005266448240730090e-04 1.572567260246804930e-04 2.887946357680283788e-04 -2.854868233008132634e-04 -1.984268339293211877e-05 -1.459800488919385205e-04 4.732192671534104882e-04 -4.483130529318447681e-04 -2.662293889785409453e-03 2.274293286002559674e-04 9.299238574311004387e-04 0.000000000000000000e+00
