0.000000000000000000e+00 6.573553074610364319e-04 5.439102022320626813e-04 -2.745740666116190838e-04 -1.242110556766436603e-03 2.714367802896581333e-03 -2.307913511265905241e-04 -1.281852812734357886e-03 -1.693635186239605744e-04 -8.451446983131194989e-04 -1.268016562266706133e-03 2.663264067826828395e-04
6.573553074610364319e-04 0.000000000000000000e+00 2.724772129781339626e-04 -1.750254604064291667e-04 -4.432782740219900694e-04 -1.444884117212178994e-03 -8.519557087360004949e-04 6.922278596501087048e-04 -2.904410792839498003e-04 1.752396417162556212e-04 -2.753686843630198775e-04 5.719095190232423558e-04
5.439102022320626813e-04 2.724772129781339626e-04 0.000000000000000000e+00 1.623079448472764915e-05 6.361699545813664404e-04 -6.356549940692131579e-04 -7.597743262751839068e-04 1.790820863764606740e-06 7.143002084722284819e-04 -1.144031648184343680e-04 -6.758638485355661016e-04 -2.431880135980745469e-04
-2.745740666116190838e-04 -1.750254604064291667e-04 1.623079448472764915e-05 0.000000000000000000e+00 1.177973248833953163e-04 -9.296998266865927471e-04 -6.318525740516463002e-04 -4.224467482806567166e-05 -3.683848464436373241e-04 -2.311725292354648346e-04 -2.499888347424857786e-04 5.380019804658977894e-04
-1.242110556766436603e-03 -4.432782740219900694e-04 6.361699545813664404e-04 1.177973248833953163e-04 0.000000000000000000e+00 -2.000287447203642939e-03 1.813799013434160955e-03 1.035557343285538226e-04 6.972861597394573166e-04 -1.017216093056814681e-03 7.552186669874410728e-04 -2.160315465697071021e-04
2.714367802896581333e-03 -1.444884117212178994e-03 -6.356549940692131579e-04 -9.296998266865927471e-04 -2.000287447203642939e-03 0.000000000000000000e+00 -2.390853152429955018e-03 -1.613982745130980705e-03 -2.086797222802503108e-04 -1.074919510544528447e-03 3.595798165686191206e-03 -1.387311891946385687e-03
-2.307913511265905241e-04 -8.519557087360004949e-04 -7.597743262751839068e-04 -6.318525740516463002e-04 1.813799013434160955e-03 -2.390853152429955018e-03 0.000000000000000000e+00 -1.075195338362188889e-03 -2.268444021270212148e-04 -2.881058040076229371e-04 -8.823913923082521297e-04 -2.708304277931538814e-04
-1.281852812734357886e-03 6.922278596501087048e-04 1.790820863764606740e-06 -4.224467482806567166e-05 1.035557343285538226e-04 -1.613982745130980705e-03 -1.075195338362188889e-03 0.000000000000000000e+00 4.118563937971158966e-04 4.185304236933349258e-05 1.022559720051657546e-03 3.702837666158543124e-05
-1.693635186239605744e-04 -2.904410792839498003e-04 7.143002084722284819e-04 -3.683848464436373241e-04 6.972861597394573166e-04 -2.086797222802503108e-04 -2.268444021270212148e-04 4.118563937971158966e-04 0.000000000000000000e+00 1.788905001267011984e-05 -5.367207274442882623e-04 -3.129958286773156721e-04
-8.451446983131194989e-04 1.752396417162556212e-04 -1.144031648184343680e-04 -2.311725292354648346e-04 -1.017216093056814681e-03 -1.074919510544528447e-03 -2.881058040076229371e-04 4.185304236933349258e-05 1.788905001267011984e-05 0.000000000000000000e+00 -8.330731088778666133e-04 -3.434085454120477899e-04
-1.268016562266706133e-03 -2.753686843630198775e-04 -6.758638485355661016e-04 -2.499888347424857786e-04 7.552186669874410728e-04 3.595798165686191206e-03 -8.823913923082521297e-04 1.022559720051657546e-03 -5.367207274442882623e-04 -8.330731088778666133e-04 0.000000000000000000e+00 -6.112997180071507407e-04
2.663264067826828395e-04 5.719095190232423558e-04 -2.431880135980745469e-04 5.380019804658977894e-04 -2.160315465697071021e-04 -1.387311891946385687e-03 -2.708304277931538814e-04 3.702837666158543124e-05 -3.129958286773156721e-04 -3.434085454120477899e-04 -6.112997180071507407e-04 0.000000000000000000e+00
