0.000000000000000000e+00 -6.866861658652629761e-04 -1.215095220574778054e-04 -7.049173882502768719e-05 -2.602833741543522436e-05 1.294111192351558859e-03 1.299330816518477359e-04 -1.986312242374172930e-04 -1.718355620292699986e-03 -4.388373157576196224e-04 4.070043043897972573e-04 8.387234013147717646e-04
-6.866861658652629761e-04 0.000000000000000000e+00 5.359834369155370965e-05 2.317401068618892110e-04 2.264645913090767139e-04 -5.502465120413621135e-04 9.436843597043037503e-04 -2.257718870910013949e-04 -7.781133426773815696e-04 -2.250137149090661456e-04 9.607028651821078328e-04 2.144111120715994686e-04
-1.215095220574778054e-04 5.359834369155370965e-05 0.000000000000000000e+00 9.936569628892192739e-05 -5.495002220641084963e-04 1.671614288158301831e-04 -5.205688503731386663e-04 9.966292520861967403e-05 1.864811818675009638e-04 3.597131129742640074e-04 4.331942854013821876e-04 3.996805958948440162e-04
-7.049173882502768719e-05 2.317401068618892110e-04 9.936569628892192739e-05 0.000000000000000000e+00 6.209726815855735882e-04 1.530899619897638925e-03 4.118828851931023824e-04 2.780831509016812742e-04 -4.282919729412483696e-04 4.871692648136746479e-04 -7.073943114162701282e-04 -1.079093769532412040e-04
-2.602833741543522436e-05 2.264645913090767139e-04 -5.495002220641084963e-04 6.209726815855735882e-04 0.000000000000000000e+00 1.567676990286693628e-03 1.608912398818656804e-03 8.241121523437203685e-06 7.158640973466052528e-04 -6.187642913284106686e-04 -1.869850658209301674e-03 3.238752656012104029e-04
1.294111192351558859e-03 -5.502465120413621135e-04 1.671614288158301831e-04 1.530899619897638925e-03 1.567676990286693628e-03 0.000000000000000000e+00 -2.462758196091909425e-03 -9.765605163830189876e-05 -1.464539566835162954e-03 -8.748619063827392604e-04 -4.320868957756235276e-04 -9.429510060295375785e-04
1.299330816518477359e-04 9.436843597043037503e-04 -5.205688503731386663e-04 4.118828851931023824e-04 1.608912398818656804e-03 -2.462758196091909425e-03 0.000000000000000000e+00 -2.849860004542245336e-04 -5.384493510307602126e-04 8.386309390166891791e-05 -1.435687943228792758e-03 3.046173386925406755e-04
-1.986312242374172930e-04 -2.257718870910013949e-04 9.966292520861967403e-05 2.780831509016812742e-04 8.241121523437203685e-06 -9.765605163830189876e-05 -2.849860004542245336e-04 0.000000000000000000e+00 -1.771129691311742853e-04 -1.237048287070702311e-04 3.511911755437684243e-04 -3.298105524199921169e-04
-1.718355620292699986e-03 -7.781133426773815696e-04 1.864811818675009638e-04 -4.282919729412483696e-04 7.158640973466052528e-04 -1.464539566835162954e-03 -5.384493510307602126e-04 -1.771129691311742853e-04 0.000000000000000000e+00 1.106602848050251999e-04 -9.996848447310139035e-04 2.118782643899495019e-04
-4.388373157576196224e-04 -2.250137149090661456e-04 3.597131129742640074e-04 4.871692648136746479e-04 -6.187642913284106686e-04 -8.748619063827392604e-04 8.386309390166891791e-05 -1.237048287070702311e-04 1.106602848050251999e-04 0.000000000000000000e+00 -1.206198464889324885e-04 -3.277974417217679472e-04
4.070043043897972573e-04 9.607028651821078328e-04 4.331942854013821876e-04 -7.073943114162701282e-04 -1.869850658209301674e-03 -4.320868957756235276e-04 -1.435687943228792758e-03 3.511911755437684243e-04 -9.996848447310139035e-04 -1.206198464889324885e-04 0.000000000000000000e+00 5.853368083311732446e-05
8.387234013147717646e-04 2.144111120715994686e-04 3.996805958948440162e-04 -1.079093769532412040e-04 3.238752656012104029e-04 -9.429510060295375785e-04 3.046173386925406755e-04 -3.298105524199921169e-04 2.118782643899495019e-04 -3.277974417217679472e-04 5.853368083311732446e-05 0.000000000000000000e+00
