0.000000000000000000e+00 -1.336654051684459013e-04 -7.917636829376081733e-04 -1.525841516826836539e-04 9.805577344754040636e-04 -1.368907767384644047e-03 -1.754856140903789672e-03 5.692119097568010570e-04 -8.180139514281920118e-04 3.711695888727119556e-04 1.675940330092015032e-03 -7.775568126030039766e-04
-1.336654051684459013e-04 0.000000000000000000e+00 -1.341427234322136743e-04 -4.433853290889893197e-04 6.742382346416656534e-04 3.642095819197063732e-04 1.381013288314689288e-04 -1.317963893508496804e-04 3.094978950603844738e-04 -5.374677434072959231e-04 -8.200003273695111476e-04 -9.490194535927193493e-05
-7.917636829376081733e-04 -1.341427234322136743e-04 0.000000000000000000e+00 3.100266502237620700e-04 8.775462726527942124e-04 8.184784680849268093e-04 4.679957062117547323e-04 1.646556530208929633e-04 -1.759942420578373523e-04 1.525852469306053884e-04 -7.053892609413096350e-04 -5.082426436949671238e-04
-1.525841516826836539e-04 -4.433853290889893197e-04 3.100266502237620700e-04 0.000000000000000000e+00 1.126375700481615626e-03 -1.548973030240119149e-03 -6.318659871422737479e-04 2.250385160186851342e-04 -1.176447279071449496e-03 -6.615453353552816669e-04 -4.191676716228651448e-04 -1.845463352549233689e-05
9.805577344754040636e-04 6.742382346416656534e-04 8.775462726527942124e-04 1.126375700481615626e-03 0.000000000000000000e+00 2.195971236050213785e-03 -9.323097958975258169e-04 -5.588272834214330458e-04 -6.297484159635480727e-04 4.346203354968323921e-04 -1.050116046980301187e-03 -5.577559153840121360e-04
-1.368907767384644047e-03 3.642095819197063732e-04 8.184784680849268093e-04 -1.548973030240119149e-03 2.195971236050213785e-03 0.000000000000000000e+00 2.511460231656107139e-03 -1.344081554405994212e-03 6.853500521926808847e-04 9.367340000307960513e-04 1.585128572051188421e-03 1.418145242948672894e-03
-1.754856140903789672e-03 1.381013288314689288e-04 4.679957062117547323e-04 -6.318659871422737479e-04 -9.323097958975258169e-04 2.511460231656107139e-03 0.000000000000000000e+00 -3.296375851730200951e-04 8.632708958209538413e-04 1.339982350395226213e-04 -6.078989196299207712e-04 -1.186937508545184584e-03
5.692119097568010570e-04 -1.317963893508496804e-04 1.646556530208929633e-04 2.250385160186851342e-04 -5.588272834214330458e-04 -1.344081554405994212e-03 -3.296375851730200951e-04 0.000000000000000000e+00 4.915628466499079313e-05 2.631681364824611140e-04 -5.166594360123956501e-05 -2.512809989607354142e-04
-8.180139514281920118e-04 3.094978950603844738e-04 -1.759942420578373523e-04 -1.176447279071449496e-03 -6.297484159635480727e-04 6.853500521926808847e-04 8.632708958209538413e-04 4.915628466499079313e-05 0.000000000000000000e+00 -6.414709238712577042e-04 1.396535688412093787e-03 -4.182106166883534548e-04
3.711695888727119556e-04 -5.374677434072959231e-04 1.525852469306053884e-04 -6.615453353552816669e-04 4.346203354968323921e-04 9.367340000307960513e-04 1.339982350395226213e-04 2.631681364824611140e-04 -6.414709238712577042e-04 0.000000000000000000e+00 -2.708762243923348726e-04 -3.314712966220608554e-04
1.675940330092015032e-03 -8.200003273695111476e-04 -7.053892609413096350e-04 -4.191676716228651448e-04 -1.050116046980301187e-03 1.585128572051188421e-03 -6.078989196299207712e-04 -5.166594360123956501e-05 1.396535688412093787e-03 -2.708762243923348726e-04 0.000000000000000000e+00 -4.527309038239257333e-04
-7.775568126030039766e-04 -9.490194535927193493e-05 -5.082426436949671238e-04 -1.845463352549233689e-05 -5.577559153840121360e-04 1.418145242948672894e-03 -1.186937508545184584e-03 -2.512809989607354142e-04 -4.182106166883534548e-04 -3.314712966220608554e-04 -4.527309038239257333e-04 0.000000000000000000e+00
