0.000000000000000000e+00 3.922928972611527780e-04 3.574686754998599326e-04 8.617888850588508029e-04 -3.961113405565041016e-04 2.501603583556510219e-03 -1.628936866850475831e-03 -5.726188775413807060e-04 -5.018229897284929219e-04 3.025606117701816629e-04 -1.850238393894370606e-03 -6.736111389653548064e-05
3.922928972611527780e-04 0.000000000000000000e+00 -3.590754145357165578e-04 -3.669555774602473435e-04 -8.095204941645210315e-04 -9.829840040857841261e-04 1.129763090161145332e-04 2.820024232496069674e-04 -3.248927503061365221e-04 5.168702116270775052e-05 -8.639636556628751572e-04 -4.224346039961591462e-04
3.574686754998599326e-04 -3.590754145357165578e-04 0.000000000000000000e+00 2.098663306760677855e-04 -5.501754470051052094e-04 -6.154851787070130887e-04 -2.960546059586705242e-04 -7.377367225037938659e-05 4.202705482866345046e-04 1.289164288921404412e-04 -4.248928428733838377e-04 2.695330762671259927e-04
8.617888850588508029e-04 -3.669555774602473435e-04 2.098663306760677855e-04 0.000000000000000000e+00 -7.730672509298525293e-04 -1.144978549965983399e-04 1.043202370900094293e-03 -2.286195654251873307e-04 -1.253545357810184483e-04 -3.186270725642328179e-05 -7.250599689245199476e-04 5.662751336050610780e-05
-3.961113405565041016e-04 -8.095204941645210315e-04 -5.501754470051052094e-04 -7.730672509298525293e-04 0.000000000000000000e+00 3.059412947082412997e-03 1.706542175533700334e-03 -7.952067856012169081e-05 1.500367484770762279e-04 1.626306300362773333e-04 -7.149990257203548989e-04 1.944645428843358882e-04
2.501603583556510219e-03 -9.829840040857841261e-04 -6.154851787070130887e-04 -1.144978549965983399e-04 3.059412947082412997e-03 0.000000000000000000e+00 -1.233256805845213975e-03 5.441728437936471435e-04 2.719139184191039348e-03 -3.650627858659650582e-04 -4.145705074070541547e-04 -5.399353589722107483e-04
-1.628936866850475831e-03 1.129763090161145332e-04 -2.960546059586705242e-04 1.043202370900094293e-03 1.706542175533700334e-03 -1.233256805845213975e-03 0.000000000000000000e+00 2.140449532801832789e-05 8.265436802235055650e-04 -3.746806431908261312e-04 7.684225966535237302e-04 -2.544773907018582052e-04
-5.726188775413807060e-04 2.820024232496069674e-04 -7.377367225037938659e-05 -2.286195654251873307e-04 -7.952067856012169081e-05 5.441728437936471435e-04 2.140449532801832789e-05 0.000000000000000000e+00 3.783689862262656586e-04 4.206899757673920268e-05 -2.650716532289994535e-04 2.687408953939192250e-04
-5.018229897284929219e-04 -3.248927503061365221e-04 4.202705482866345046e-04 -1.253545357810184483e-04 1.500367484770762279e-04 2.719139184191039348e-03 8.265436802235055650e-04 3.783689862262656586e-04 0.000000000000000000e+00 -3.123156725752089806e-04 -7.040392637664974126e-04 -1.345090607113246352e-04
3.025606117701816629e-04 5.168702116270775052e-05 1.289164288921404412e-04 -3.186270725642328179e-05 1.626306300362773333e-04 -3.650627858659650582e-04 -3.746806431908261312e-04 4.206899757673920268e-05 -3.123156725752089806e-04 0.000000000000000000e+00 2.045722144836260831e-06 4.105279945371624714e-04
-1.850238393894370606e-03 -8.639636556628751572e-04 -4.248928428733838377e-04 -7.250599689245199476e-04 -7.149990257203548989e-04 -4.145705074070541547e-04 7.684225966535237302e-04 -2.650716532289994535e-04 -7.040392637664974126e-04 2.045722144836260831e-06 0.000000000000000000e+00 -5.292431754902847266e-04
-6.736111389653548064e-05 -4.224346039961591462e-04 2.695330762671259927e-04 5.662751336050610780e-05 1.944645428843358882e-04 -5.399353589722107483e-04 -2.544773907018582052e-04 2.687408953939192250e-04 -1.345090607113246352e-04 4.105279945371624714e-04 -5.292431754902847266e-04 0.000000000000000000e+00
