0.000000000000000000e+00 6.426604038113072851e-04 1.222957267511128423e-04 -1.470935218692573582e-04 9.301184359944307317e-04 -7.511344647606326298e-04 6.385045362511745665e-04 7.434299992471156751e-05 -1.422561825537414933e-04 -1.888135442242753689e-03 -2.741866459134073889e-04 5.346616097225819625e-04
6.426604038113072851e-04 0.000000000000000000e+00 5.089944226554057091e-04 -2.359654964376632841e-04 -1.087040544968232271e-03 -3.666758815659660145e-04 6.971937268596341448e-04 3.577234972807786248e-04 1.922492743635342740e-05 1.209288793843030360e-03 -1.557547640951390758e-03 6.138566519200931845e-04
1.222957267511128423e-04 5.089944226554057091e-04 0.000000000000000000e+00 -1.983469792123913628e-04 5.825687128882056035e-04 4.098008997917839823e-04 -7.337596850069420720e-04 4.560282183351776607e-04 -4.301341463570629287e-05 1.753915473192639574e-03 1.299056402051650258e-03 2.299375228301873649e-04
-1.470935218692573582e-04 -2.359654964376632841e-04 -1.983469792123913628e-04 0.000000000000000000e+00 -5.270797653094928207e-04 -3.628604814316871647e-04 1.297067372522854470e-04 -1.044634235042723878e-04 -2.389229815487873719e-04 2.304745704960396940e-04 5.925201880427520768e-04 7.743229534248909345e-04
9.301184359944307317e-04 -1.087040544968232271e-03 5.825687128882056035e-04 -5.270797653094928207e-04 0.000000000000000000e+00 1.062572538937899425e-03 1.360972033073480593e-03 -3.949971250156905211e-04 -1.930033402261242868e-04 -1.750289582338846557e-03 1.437971029418647984e-03 1.015416813409236989e-03
-7.511344647606326298e-04 -3.666758815659660145e-04 4.098008997917839823e-04 -3.628604814316871647e-04 1.062572538937899425e-03 0.000000000000000000e+00 5.145722984605254242e-04 -5.780492650127659583e-05 -2.414046577171238145e-04 1.357445759889212410e-03 -2.798656240258550420e-04 -6.562893833880916231e-05
6.385045362511745665e-04 6.971937268596341448e-04 -7.337596850069420720e-04 1.297067372522854470e-04 1.360972033073480593e-03 5.145722984605254242e-04 0.000000000000000000e+00 1.441585848403066267e-05 -3.168522556969009980e-04 -1.486196215333318625e-03 -1.612523560739511502e-03 1.375279276190754379e-04
7.434299992471156751e-05 3.577234972807786248e-04 4.560282183351776607e-04 -1.044634235042723878e-04 -3.949971250156905211e-04 -5.780492650127659583e-05 1.441585848403066267e-05 0.000000000000000000e+00 -3.521447033439497405e-04 -6.050478929910460676e-04 3.697247778833120577e-04 -7.941478843111280522e-04
-1.422561825537414933e-04 1.922492743635342740e-05 -4.301341463570629287e-05 -2.389229815487873719e-04 -1.930033402261242868e-04 -2.414046577171238145e-04 -3.168522556969009980e-04 -3.521447033439497405e-04 0.000000000000000000e+00 -2.140894237502250570e-04 -1.539479549355131870e-04 -3.767003622923777877e-04
-1.888135442242753689e-03 1.209288793843030360e-03 1.753915473192639574e-03 2.304745704960396940e-04 -1.750289582338846557e-03 1.357445759889212410e-03 -1.486196215333318625e-03 -6.050478929910460676e-04 -2.140894237502250570e-04 0.000000000000000000e+00 -1.153126841017591700e-03 2.316833351097167312e-03
-2.741866459134073889e-04 -1.557547640951390758e-03 1.299056402051650258e-03 5.925201880427520768e-04 1.437971029418647984e-03 -2.798656240258550420e-04 -1.612523560739511502e-03 3.697247778833120577e-04 -1.539479549355131870e-04 -1.153126841017591700e-03 0.000000000000000000e+00 -1.378859906302429554e-04
5.346616097225819625e-04 6.138566519200931845e-04 2.299375228301873649e-04 7.743229534248909345e-04 1.015416813409236989e-03 -6.562893833880916231e-05 1.375279276190754379e-04 -7.941478843111280522e-04 -3.767003622923777877e-04 2.316833351097167312e-03 -1.378859906302429554e-04 0.000000000000000000e+00
