0.000000000000000000e+00 9.431722057886700013e-04 -1.861340897507066127e-04 2.606527882400704347e-04 -8.149460405809109053e-04 2.707641154603578865e-06 -8.468780227314048848e-04 -1.736782473231125918e-04 -1.369040317702227940e-04 1.532164863038869350e-04 -2.901858625798793643e-04 1.248413279435277518e-03
9.431722057886700013e-04 0.000000000000000000e+00 3.610468994801633788e-04 -2.261117790372423395e-05 -6.391016500853075174e-04 2.904312878513524120e-04 5.244964153742485069e-04 -1.659566015086741495e-04 -4.059393878066546455e-04 3.866789127338842005e-06 -3.585445052367743210e-04 -6.146470478925880740e-04
-1.861340897507066127e-04 3.610468994801633788e-04 0.000000000000000000e+00 -7.287038149392664928e-04 8.431711980825229132e-04 3.959846228698905347e-04 -3.073580687995784819e-04 -3.066312896824157763e-04 6.640305756324867690e-05 -3.350693528770181469e-04 4.180387304896648220e-04 -9.223320104130261184e-04
2.606527882400704347e-04 -2.261117790372423395e-05 -7.287038149392664928e-04 0.000000000000000000e+00 1.124738810091247248e-03 1.825188088895744114e-04 6.156158705394424195e-04 1.941761737271972658e-04 -1.561009415607325114e-04 -1.120104653980729835e-03 -2.772980293730647854e-04 -9.974132356519258696e-04
-8.149460405809109053e-04 -6.391016500853075174e-04 8.431711980825229132e-04 1.124738810091247248e-03 0.000000000000000000e+00 -6.917910974601069107e-04 -3.710326921583543213e-04 -3.893577432659674426e-04 1.346024478971465327e-04 -9.642963540054758781e-04 -3.985648224263641675e-04 -9.282299815546378409e-04
2.707641154603578865e-06 2.904312878513524120e-04 3.959846228698905347e-04 1.825188088895744114e-04 -6.917910974601069107e-04 0.000000000000000000e+00 -4.894762055119158354e-04 -2.392670575050369580e-04 2.257509453910281423e-04 1.290098528931550841e-03 -1.786393000753085363e-03 1.662289789598660878e-04
-8.468780227314048848e-04 5.244964153742485069e-04 -3.073580687995784819e-04 6.156158705394424195e-04 -3.710326921583543213e-04 -4.894762055119158354e-04 0.000000000000000000e+00 3.963633385436321331e-05 -2.352239084352505613e-04 -1.393021851654996889e-03 -9.778547115150216032e-04 1.616970329451512529e-04
-1.736782473231125918e-04 -1.659566015086741495e-04 -3.066312896824157763e-04 1.941761737271972658e-04 -3.893577432659674426e-04 -2.392670575050369580e-04 3.963633385436321331e-05 0.000000000000000000e+00 -2.586710862024767200e-04 8.013995304337583883e-05 6.458495575792925136e-05 -3.964187199515667318e-04
-1.369040317702227940e-04 -4.059393878066546455e-04 6.640305756324867690e-05 -1.561009415607325114e-04 1.346024478971465327e-04 2.257509453910281423e-04 -2.352239084352505613e-04 -2.586710862024767200e-04 0.000000000000000000e+00 -5.260471125077016957e-04 7.678317053863637550e-04 -1.106377500352717695e-04
1.532164863038869350e-04 3.866789127338842005e-06 -3.350693528770181469e-04 -1.120104653980729835e-03 -9.642963540054758781e-04 1.290098528931550841e-03 -1.393021851654996889e-03 8.013995304337583883e-05 -5.260471125077016957e-04 0.000000000000000000e+00 -2.686660798007770110e-03 -1.687807012705825477e-03
-2.901858625798793643e-04 -3.585445052367743210e-04 4.180387304896648220e-04 -2.772980293730647854e-04 -3.985648224263641675e-04 -1.786393000753085363e-03 -9.778547115150216032e-04 6.458495575792925136e-05 7.678317053863637550e-04 -2.686660798007770110e-03 0.000000000000000000e+00 -1.305826482304235940e-04
1.248413279435277518e-03 -6.146470478925880740e-04 -9.223320104130261184e-04 -9.974132356519258696e-04 -9.282299815546378409e-04 1.662289789598660878e-04 1.616970329451512529e-04 -3.964187199515667318e-04 -1.106377500352717695e-04 -1.687807012705825477e-03 -1.305826482304235940e-04 0.000000000000000000e+00
