0.000000000000000000e+00 1.487197636654838872e-04 -8.139124395184215181e-04 2.760312492930798185e-04 1.562373987631890697e-03 5.897035802987998050e-04 1.096659859693034905e-03 1.722662290306724048e-04 -3.004366861885654494e-04 -1.575090659340025196e-03 8.595179875987750753e-04 -1.416115646242764505e-03
1.487197636654838872e-04 0.000000000000000000e+00 3.867379728174768637e-04 -2.973024573710911353e-04 3.990414659563724887e-04 -2.868290625914761112e-04 4.301518314983121885e-04 -1.882518470901872309e-04 8.882754263026115403e-05 -1.633488252764151837e-03 -9.944697099439857562e-04 3.858450192106806838e-04
-8.139124395184215181e-04 3.867379728174768637e-04 0.000000000000000000e+00 -2.658945371983795747e-06 -1.676755176655375700e-03 5.917631150994751227e-04 1.674618646944557555e-05 1.617455532835331694e-04 -4.095730552406025011e-04 -1.497020409753462662e-03 1.709198960412868309e-04 4.187537847891768887e-06
2.760312492930798185e-04 -2.973024573710911353e-04 -2.658945371983795747e-06 0.000000000000000000e+00 2.282488671943808806e-04 5.651437818862765829e-04 4.948682706149739983e-05 1.537160438638846688e-04 2.687210384155835712e-04 -4.091774453256142642e-04 -5.574603045310937751e-04 -6.215392155617877664e-04
1.562373987631890697e-03 3.990414659563724887e-04 -1.676755176655375700e-03 2.282488671943808806e-04 0.000000000000000000e+00 -1.448595405808486211e-03 -8.740126103688054858e-04 2.287174616181924549e-04 3.729209241807026156e-04 5.754713879835040820e-04 1.529451728525031833e-06 -2.949967386831576165e-04
5.897035802987998050e-04 -2.868290625914761112e-04 5.917631150994751227e-04 5.651437818862765829e-04 -1.448595405808486211e-03 0.000000000000000000e+00 1.155281134950229458e-04 2.364558443411413275e-04 1.675866697557224037e-04 4.666769005818757450e-04 -4.050639092742566857e-04 -8.511677071756269808e-04
1.096659859693034905e-03 4.301518314983121885e-04 1.674618646944557555e-05 4.948682706149739983e-05 -8.740126103688054858e-04 1.155281134950229458e-04 0.000000000000000000e+00 -3.650884915903404950e-04 6.575219850894679192e-05 -9.240335141526168517e-04 -6.937838736830783933e-05 3.149017521333640260e-04
1.722662290306724048e-04 -1.882518470901872309e-04 1.617455532835331694e-04 1.537160438638846688e-04 2.287174616181924549e-04 2.364558443411413275e-04 -3.650884915903404950e-04 0.000000000000000000e+00 2.122641399184248680e-04 -4.846292842674833432e-04 -3.271440748230449195e-04 3.353000048093557318e-04
-3.004366861885654494e-04 8.882754263026115403e-05 -4.095730552406025011e-04 2.687210384155835712e-04 3.729209241807026156e-04 1.675866697557224037e-04 6.575219850894679192e-05 2.122641399184248680e-04 0.000000000000000000e+00 -9.298271696971949218e-04 -5.482102155707017357e-04 -3.293531310488782946e-04
-1.575090659340025196e-03 -1.633488252764151837e-03 -1.497020409753462662e-03 -4.091774453256142642e-04 5.754713879835040820e-04 4.666769005818757450e-04 -9.240335141526168517e-04 -4.846292842674833432e-04 -9.298271696971949218e-04 0.000000000000000000e+00 -2.939310097952254914e-03 1.371754892341114397e-03
8.595179875987750753e-04 -9.944697099439857562e-04 1.709198960412868309e-04 -5.574603045310937751e-04 1.529451728525031833e-06 -4.050639092742566857e-04 -6.937838736830783933e-05 -3.271440748230449195e-04 -5.482102155707017357e-04 -2.939310097952254914e-03 0.000000000000000000e+00 -1.959007168836212395e-03
-1.416115646242764505e-03 3.858450192106806838e-04 4.187537847891768887e-06 -6.215392155617877664e-04 -2.949967386831576165e-04 -8.511677071756269808e-04 3.149017521333640260e-04 3.353000048093557318e-04 -3.293531310488782946e-04 1.371754892341114397e-03 -1.959007168836212395e-03 0.000000000000000000e+00
