0.000000000000000000e+00 5.283469595122598610e-04 3.467259268253381410e-04 -2.475014841037971028e-04 -1.382683330211280197e-03 8.896028922133470112e-04 6.334362589627289984e-04 -1.794998231051448984e-04 1.627395482751871477e-04 1.438304007294565184e-03 -1.537210600680033717e-03 6.500866249281170902e-04
5.283469595122598610e-04 0.000000000000000000e+00 -9.123892347297020877e-05 1.336917678507419920e-04 9.987758298662071429e-04 -3.807109965973020575e-04 -3.887445883066531797e-04 -9.586395433527951653e-05 4.345258031830699164e-04 -1.373816870205054426e-03 -2.366771636377164930e-04 -2.241465115555753979e-04
3.467259268253381410e-04 -9.123892347297020877e-05 0.000000000000000000e+00 4.349165199925752383e-04 1.294385666319961556e-04 5.403924004137654032e-04 -7.546606127019897178e-04 -2.375181441111074028e-06 1.795970880863026920e-04 -4.490295550372317649e-04 9.206024931421314794e-04 2.683562999943619565e-04
-2.475014841037971028e-04 1.336917678507419920e-04 4.349165199925752383e-04 0.000000000000000000e+00 6.870968137108983539e-04 3.013218701414613365e-04 7.796652133280154327e-04 -1.649592247238402078e-04 5.243080487058011469e-05 -1.436582927420762415e-03 2.954276840516201598e-04 -6.232623054676381330e-04
-1.382683330211280197e-03 9.987758298662071429e-04 1.294385666319961556e-04 6.870968137108983539e-04 0.000000000000000000e+00 -4.809888160698251700e-04 2.291606856979150255e-03 -4.347352818216113670e-05 4.993067938863323307e-05 4.198021053665059073e-03 9.292008767006464673e-04 1.017518796955718457e-03
8.896028922133470112e-04 -3.807109965973020575e-04 5.403924004137654032e-04 3.013218701414613365e-04 -4.809888160698251700e-04 0.000000000000000000e+00 -5.749737679390308324e-04 -2.899759711892303153e-04 2.489118126864772935e-04 2.260225441457620714e-04 9.950841731191136918e-05 -6.366489089438135199e-04
6.334362589627289984e-04 -3.887445883066531797e-04 -7.546606127019897178e-04 7.796652133280154327e-04 2.291606856979150255e-03 -5.749737679390308324e-04 0.000000000000000000e+00 3.362707753489678139e-04 1.279485367743544745e-06 9.715627853990128947e-04 -1.399096551493099081e-03 -1.684719516095237180e-03
-1.794998231051448984e-04 -9.586395433527951653e-05 -2.375181441111074028e-06 -1.649592247238402078e-04 -4.347352818216113670e-05 -2.899759711892303153e-04 3.362707753489678139e-04 0.000000000000000000e+00 -1.188091258951277040e-04 -6.276698995849132583e-04 -2.537042775331492897e-04 5.523362902242501824e-04
1.627395482751871477e-04 4.345258031830699164e-04 1.795970880863026920e-04 5.243080487058011469e-05 4.993067938863323307e-05 2.489118126864772935e-04 1.279485367743544745e-06 -1.188091258951277040e-04 0.000000000000000000e+00 -2.492526117466469827e-04 1.501225419346500524e-04 -1.037465003525738459e-04
1.438304007294565184e-03 -1.373816870205054426e-03 -4.490295550372317649e-04 -1.436582927420762415e-03 4.198021053665059073e-03 2.260225441457620714e-04 9.715627853990128947e-04 -6.276698995849132583e-04 -2.492526117466469827e-04 0.000000000000000000e+00 -2.277093333018147345e-03 2.993349800453222118e-03
-1.537210600680033717e-03 -2.366771636377164930e-04 9.206024931421314794e-04 2.954276840516201598e-04 9.292008767006464673e-04 9.950841731191136918e-05 -1.399096551493099081e-03 -2.537042775331492897e-04 1.501225419346500524e-04 -2.277093333018147345e-03 0.000000000000000000e+00 1.742751512685339343e-03
6.500866249281170902e-04 -2.241465115555753979e-04 2.683562999943619565e-04 -6.232623054676381330e-04 1.017518796955718457e-03 -6.366489089438135199e-04 -1.684719516095237180e-03 5.523362902242501824e-04 -1.037465003525738459e-04 2.993349800453222118e-03 1.742751512685339343e-03 0.000000000000000000e+00
