0.000000000000000000e+00 1.281568376640417929e-03 -7.353965871973733304e-04 -4.014647546686227089e-04 1.254953776344039894e-03 6.705069488267026119e-04 -6.117738406977162209e-04 2.641308078046181802e-04 1.371174716005113233e-04 -2.332960583047553622e-03 -5.061662570011990817e-05 3.378935325873186194e-04
1.281568376640417929e-03 0.000000000000000000e+00 9.036590409757441896e-04 1.852536119320485951e-04 1.201825970120672712e-03 -2.113250787187692691e-04 4.710295419188429496e-04 1.501517922860272911e-04 -6.010335220841082080e-04 -1.444997555204779885e-03 -8.228092270195013717e-04 1.212514248600321358e-03
-7.353965871973733304e-04 9.036590409757441896e-04 0.000000000000000000e+00 4.746650673361519366e-04 -5.821291658527171084e-04 4.201888534513174801e-04 4.903716262766194024e-04 2.322541237559054420e-04 1.413212925226420524e-05 -1.313838012290796317e-03 -1.211559943570882742e-03 4.076615147251369422e-04
-4.014647546686227089e-04 1.852536119320485951e-04 4.746650673361519366e-04 0.000000000000000000e+00 -6.550004349618801904e-04 9.748898313813445969e-05 4.942051330843632477e-04 -2.163701677286000420e-04 -1.396633430616702387e-04 5.690759399428990629e-04 -7.692880468495472699e-04 -1.143593528830592611e-04
1.254953776344039894e-03 1.201825970120672712e-03 -5.821291658527171084e-04 -6.550004349618801904e-04 0.000000000000000000e+00 -7.353659395687851645e-04 -6.112739141432559521e-04 -4.028319915725418277e-04 -4.561755848137362987e-04 -1.299242103205824244e-03 -2.507928925691963601e-03 -5.930141051822760811e-04
6.705069488267026119e-04 -2.113250787187692691e-04 4.201888534513174801e-04 9.748898313813445969e-05 -7.353659395687851645e-04 0.000000000000000000e+00 -1.057120716570405161e-03 -8.586857303085927977e-05 -5.104038290727292912e-04 2.969957421822048927e-04 4.436839033587904415e-04 -4.973094781910750942e-04
-6.117738406977162209e-04 4.710295419188429496e-04 4.903716262766194024e-04 4.942051330843632477e-04 -6.112739141432559521e-04 -1.057120716570405161e-03 0.000000000000000000e+00 -1.114012168543401890e-04 2.003997673766555227e-04 -2.812213600050013189e-03 1.387121988527412978e-03 1.548184792885830860e-04
2.641308078046181802e-04 1.501517922860272911e-04 2.322541237559054420e-04 -2.163701677286000420e-04 -4.028319915725418277e-04 -8.586857303085927977e-05 -1.114012168543401890e-04 0.000000000000000000e+00 -2.779302471515313002e-04 -3.573451918933884014e-04 4.087752067410742405e-04 5.693850195177169215e-04
1.371174716005113233e-04 -6.010335220841082080e-04 1.413212925226420524e-05 -1.396633430616702387e-04 -4.561755848137362987e-04 -5.104038290727292912e-04 2.003997673766555227e-04 -2.779302471515313002e-04 0.000000000000000000e+00 2.095853672420753660e-05 3.934253175228591697e-04 3.168026671044932080e-04
-2.332960583047553622e-03 -1.444997555204779885e-03 -1.313838012290796317e-03 5.690759399428990629e-04 -1.299242103205824244e-03 2.969957421822048927e-04 -2.812213600050013189e-03 -3.573451918933884014e-04 2.095853672420753660e-05 0.000000000000000000e+00 -1.876073631430412534e-03 -9.973463434595479949e-04
-5.061662570011990817e-05 -8.228092270195013717e-04 -1.211559943570882742e-03 -7.692880468495472699e-04 -2.507928925691963601e-03 4.436839033587904415e-04 1.387121988527412978e-03 4.087752067410742405e-04 3.934253175228591697e-04 -1.876073631430412534e-03 0.000000000000000000e+00 -1.617336508486840125e-03
3.378935325873186194e-04 1.212514248600321358e-03 4.076615147251369422e-04 -1.143593528830592611e-04 -5.930141051822760811e-04 -4.973094781910750942e-04 1.548184792885830860e-04 5.693850195177169215e-04 3.168026671044932080e-04 -9.973463434595479949e-04 -1.617336508486840125e-03 0.000000000000000000e+00
