0.000000000000000000e+00 7.420171390781795089e-04 -1.707570505923552479e-05 -3.610615005758384616e-04 4.588328526712003030e-04 1.120246338888097144e-03 -5.019791064952767350e-04 1.226605088880240810e-04 -4.863966704418782802e-04 -6.167002208889438286e-04 3.389724833729596936e-05 1.590203892815765432e-03
7.420171390781795089e-04 0.000000000000000000e+00 3.202165069599108575e-04 -7.034795862472279730e-04 -6.393430078013335885e-04 3.527608492645517265e-04 4.026081509252099839e-04 5.772541410129684728e-04 -4.126219376509649610e-04 6.225234121703546392e-04 6.289509320407916262e-06 4.754776341126233869e-04
-1.707570505923552479e-05 3.202165069599108575e-04 0.000000000000000000e+00 -3.930034918691203624e-04 -3.114166427989412600e-04 -1.663873110381471499e-03 3.988642746101575521e-04 4.251908506342805564e-04 -2.766259934662687928e-04 4.676265586036213785e-05 2.929942497150651750e-04 9.863826417426050774e-04
-3.610615005758384616e-04 -7.034795862472279730e-04 -3.930034918691203624e-04 0.000000000000000000e+00 2.726665447841105316e-04 -5.834305734229497647e-04 3.495624930995591077e-04 5.154545118358350424e-04 4.108632219025448143e-04 6.345161623165523511e-04 -2.537877349936328451e-05 -1.051068633785273449e-03
4.588328526712003030e-04 -6.393430078013335885e-04 -3.114166427989412600e-04 2.726665447841105316e-04 0.000000000000000000e+00 -2.678719808219822101e-04 4.141889497516336341e-04 -2.978188864836981212e-04 8.591796432090493174e-05 -1.409205956558675331e-03 5.885661247140891016e-04 1.648759592398593742e-04
1.120246338888097144e-03 3.527608492645517265e-04 -1.663873110381471499e-03 -5.834305734229497647e-04 -2.678719808219822101e-04 0.000000000000000000e+00 4.816355292560438360e-04 -2.367322063148047384e-03 8.461794896882942718e-05 2.073111538630965662e-03 -7.278150184501877042e-04 6.774843149371544875e-04
-5.019791064952767350e-04 4.026081509252099839e-04 3.988642746101575521e-04 3.495624930995591077e-04 4.141889497516336341e-04 4.816355292560438360e-04 0.000000000000000000e+00 1.907184074781771013e-05 -5.007649346863535212e-05 2.954148299256698822e-04 3.385778094825018700e-04 4.895547318969532087e-04
1.226605088880240810e-04 5.772541410129684728e-04 4.251908506342805564e-04 5.154545118358350424e-04 -2.978188864836981212e-04 -2.367322063148047384e-03 1.907184074781771013e-05 0.000000000000000000e+00 -5.942873905264839916e-05 2.487402778989720054e-03 -8.579739794930766467e-04 4.676291986811356759e-04
-4.863966704418782802e-04 -4.126219376509649610e-04 -2.766259934662687928e-04 4.108632219025448143e-04 8.591796432090493174e-05 8.461794896882942718e-05 -5.007649346863535212e-05 -5.942873905264839916e-05 0.000000000000000000e+00 1.304340542285140590e-03 1.620105954624424859e-04 1.505049657874428168e-03
-6.167002208889438286e-04 6.225234121703546392e-04 4.676265586036213785e-05 6.345161623165523511e-04 -1.409205956558675331e-03 2.073111538630965662e-03 2.954148299256698822e-04 2.487402778989720054e-03 1.304340542285140590e-03 0.000000000000000000e+00 9.009167744703878641e-04 1.711070687654905973e-03
3.389724833729596936e-05 6.289509320407916262e-06 2.929942497150651750e-04 -2.537877349936328451e-05 5.885661247140891016e-04 -7.278150184501877042e-04 3.385778094825018700e-04 -8.579739794930766467e-04 1.620105954624424859e-04 9.009167744703878641e-04 0.000000000000000000e+00 -4.310700012662067350e-04
1.590203892815765432e-03 4.754776341126233869e-04 9.863826417426050774e-04 -1.051068633785273449e-03 1.648759592398593742e-04 6.774843149371544875e-04 4.895547318969532087e-04 4.676291986811356759e-04 1.505049657874428168e-03 1.711070687654905973e-03 -4.310700012662067350e-04 0.000000000000000000e+00
