0.000000000000000000e+00 1.476498189948248615e-04 -1.572599716212641377e-04 2.371966696142108514e-04 -2.978136770088252463e-06 -6.344403793015510008e-04 -2.333060299929331846e-05 4.644140787591606134e-04 -5.896125203122804491e-04 -1.521747953152429540e-03 3.072282876612138528e-04 3.937246817433116245e-04
1.476498189948248615e-04 0.000000000000000000e+00 -6.505649768717000820e-05 4.651648651040523664e-04 1.678879648772940844e-04 1.339648498395456123e-04 3.335983187802864019e-04 -2.926542176299466095e-04 -4.393334643559533505e-04 -5.074410984870500810e-04 5.792748877362912264e-04 -3.973270936863655765e-04
-1.572599716212641377e-04 -6.505649768717000820e-05 0.000000000000000000e+00 -1.323452612473385078e-04 -1.751988489389327949e-04 -6.152729916519367138e-04 1.991327103645092710e-04 -4.562322366490401452e-04 3.453387260738275733e-04 4.570757312440490742e-04 3.383133277668448863e-04 -3.012319178166792690e-04
2.371966696142108514e-04 4.651648651040523664e-04 -1.323452612473385078e-04 0.000000000000000000e+00 -1.345031044847741952e-04 -5.964899765810790936e-04 3.278539629042122772e-04 -5.146603368408498588e-05 5.930933314368285521e-04 -1.044198857438928757e-03 2.310220838558645518e-04 -3.670387377261450160e-04
-2.978136770088252463e-06 1.678879648772940844e-04 -1.751988489389327949e-04 -1.345031044847741952e-04 0.000000000000000000e+00 5.925666818138516792e-04 1.325047744864825460e-04 -5.373322119189625600e-05 -1.783186836715610778e-04 -1.053485518646778141e-03 1.510463695068587080e-04 9.832635088865740013e-04
-6.344403793015510008e-04 1.339648498395456123e-04 -6.152729916519367138e-04 -5.964899765810790936e-04 5.925666818138516792e-04 0.000000000000000000e+00 1.071347641723323542e-04 -6.048386905967333485e-04 -2.142799016300808278e-03 -1.464579944563728807e-03 -1.371221961443710178e-03 -2.943174952798109298e-03
-2.333060299929331846e-05 3.335983187802864019e-04 1.991327103645092710e-04 3.278539629042122772e-04 1.325047744864825460e-04 1.071347641723323542e-04 0.000000000000000000e+00 3.622980307427049783e-04 9.961901546207283453e-05 6.502333300704265639e-04 -6.104825513304732056e-06 -4.186799301436460591e-04
4.644140787591606134e-04 -2.926542176299466095e-04 -4.562322366490401452e-04 -5.146603368408498588e-05 -5.373322119189625600e-05 -6.048386905967333485e-04 3.622980307427049783e-04 0.000000000000000000e+00 -4.599983195535589978e-04 1.035544897806060620e-03 -8.562040684779548098e-04 1.586158943189430043e-03
-5.896125203122804491e-04 -4.393334643559533505e-04 3.453387260738275733e-04 5.930933314368285521e-04 -1.783186836715610778e-04 -2.142799016300808278e-03 9.961901546207283453e-05 -4.599983195535589978e-04 0.000000000000000000e+00 -1.518885923516533412e-03 -7.451948490113964726e-04 4.952244808517374973e-04
-1.521747953152429540e-03 -5.074410984870500810e-04 4.570757312440490742e-04 -1.044198857438928757e-03 -1.053485518646778141e-03 -1.464579944563728807e-03 6.502333300704265639e-04 1.035544897806060620e-03 -1.518885923516533412e-03 0.000000000000000000e+00 1.403410238199375272e-03 -3.742130920808945348e-04
3.072282876612138528e-04 5.792748877362912264e-04 3.383133277668448863e-04 2.310220838558645518e-04 1.510463695068587080e-04 -1.371221961443710178e-03 -6.104825513304732056e-06 -8.562040684779548098e-04 -7.451948490113964726e-04 1.403410238199375272e-03 0.000000000000000000e+00 4.061245619578486934e-04
3.937246817433116245e-04 -3.973270936863655765e-04 -3.012319178166792690e-04 -3.670387377261450160e-04 9.832635088865740013e-04 -2.943174952798109298e-03 -4.186799301436460591e-04 1.586158943189430043e-03 4.952244808517374973e-04 -3.742130920808945348e-04 4.061245619578486934e-04 0.000000000000000000e+00
