0.000000000000000000e+00 2.422029715060801825e-04 -7.374523808558444606e-04 5.086211336489436996e-04 -6.465691278982716676e-04 6.305580315277470229e-04 -3.026183978687210373e-04 1.002990204870708333e-03 -2.663504833417393498e-04 1.472536927398921747e-03 4.277580458078527161e-04 -7.129730096460302775e-04
2.422029715060801825e-04 0.000000000000000000e+00 7.228638441534399875e-04 -3.438026066616639781e-04 -9.581305356700005067e-04 2.950588952209763378e-03 4.760786369955492489e-04 -7.456253566586057294e-04 -3.572227967917383589e-04 2.163058837883067003e-03 -6.589460402715242231e-05 -1.451744506015471749e-03
-7.374523808558444606e-04 7.228638441534399875e-04 0.000000000000000000e+00 -1.310834174164562363e-04 9.983245228004006863e-05 -6.325923134754752502e-04 3.478682462065749680e-04 -1.134469862499377539e-04 3.903654906954317095e-04 -4.436412878309550236e-04 -2.202700409237971508e-04 5.905514094932365517e-04
5.086211336489436996e-04 -3.438026066616639781e-04 -1.310834174164562363e-04 0.000000000000000000e+00 -7.517074769106418418e-04 -9.217704348337801270e-04 3.084271419880130964e-04 -3.778705411777654550e-04 -3.911222509622986720e-04 -1.511818498578579740e-03 2.195016266270491704e-04 -2.767254079785005558e-04
-6.465691278982716676e-04 -9.581305356700005067e-04 9.983245228004006863e-05 -7.517074769106418418e-04 0.000000000000000000e+00 2.761202025390226415e-04 2.906195181628335060e-05 2.110370084219522011e-04 1.808990348126469233e-04 -3.326118387158347569e-04 -2.432197401297923639e-04 1.890537314622497999e-04
6.305580315277470229e-04 2.950588952209763378e-03 -6.325923134754752502e-04 -9.217704348337801270e-04 2.761202025390226415e-04 0.000000000000000000e+00 -9.320341411098407864e-05 -1.040440026343546383e-03 1.273915215921946368e-03 -3.068350971662895613e-03 -5.124417399774731582e-04 1.103286363010200222e-03
-3.026183978687210373e-04 4.760786369955492489e-04 3.478682462065749680e-04 3.084271419880130964e-04 2.906195181628335060e-05 -9.320341411098407864e-05 0.000000000000000000e+00 -6.340753565320010826e-04 4.302417467258389753e-04 -3.321960788701154512e-04 -4.174141634464391751e-04 2.862216258198817796e-04
1.002990204870708333e-03 -7.456253566586057294e-04 -1.134469862499377539e-04 -3.778705411777654550e-04 2.110370084219522011e-04 -1.040440026343546383e-03 -6.340753565320010826e-04 0.000000000000000000e+00 2.301860765037110621e-04 2.969591404069787770e-03 -4.582912023008065255e-04 1.947716009733968837e-04
-2.663504833417393498e-04 -3.572227967917383589e-04 3.903654906954317095e-04 -3.911222509622986720e-04 1.808990348126469233e-04 1.273915215921946368e-03 4.302417467258389753e-04 2.301860765037110621e-04 0.000000000000000000e+00 1.475244478031228438e-03 7.788482421012932850e-04 1.361103259126497395e-03
1.472536927398921747e-03 2.163058837883067003e-03 -4.436412878309550236e-04 -1.511818498578579740e-03 -3.326118387158347569e-04 -3.068350971662895613e-03 -3.321960788701154512e-04 2.969591404069787770e-03 1.475244478031228438e-03 0.000000000000000000e+00 -1.636261513617715165e-03 3.002616809331648193e-03
4.277580458078527161e-04 -6.589460402715242231e-05 -2.202700409237971508e-04 2.195016266270491704e-04 -2.432197401297923639e-04 -5.124417399774731582e-04 -4.174141634464391751e-04 -4.582912023008065255e-04 7.788482421012932850e-04 -1.636261513617715165e-03 0.000000000000000000e+00 1.035490906993712389e-04
-7.129730096460302775e-04 -1.451744506015471749e-03 5.905514094932365517e-04 -2.767254079785005558e-04 1.890537314622497999e-04 1.103286363010200222e-03 2.862216258198817796e-04 1.947716009733968837e-04 1.361103259126497395e-03 3.002616809331648193e-03 1.035490906993712389e-04 0.000000000000000000e+00
