0.000000000000000000e+00 -7.259124526770528501e-04 -1.061334268389557689e-03 -2.783194791816377789e-05 3.254698376390536023e-04 -1.536378066896640707e-03 4.085946156747558857e-04 -9.029971916389148076e-04 -6.081033692300105681e-05 -6.865069758449655196e-04 3.637400303292186664e-04 -7.133037536241083063e-04
-7.259124526770528501e-04 0.000000000000000000e+00 9.547637099133588585e-04 8.928588355642462200e-05 -3.701447605712901239e-04 -1.115122583668215180e-03 8.960819115625839762e-05 -5.113707435905805263e-04 -4.637459345720837834e-04 -1.389884780844623637e-03 -6.329187260937939232e-04 4.315450558662289903e-04
-1.061334268389557689e-03 9.547637099133588585e-04 0.000000000000000000e+00 -1.690421279104080399e-04 -6.930690831320145519e-04 8.450142050879929723e-04 -6.243598282108654522e-04 -6.137241675218695395e-06 1.026579288861427573e-04 -4.797114789188961740e-05 3.226375236990553885e-05 -1.073995957175268197e-03
-2.783194791816377789e-05 8.928588355642462200e-05 -1.690421279104080399e-04 0.000000000000000000e+00 -1.127333387350788654e-04 -3.796271551614498261e-04 -1.362857873092219541e-04 1.619360220689254929e-04 -1.531429100261880237e-04 -3.638518775577712387e-04 4.139340114347996383e-04 -9.071161818177388364e-04
3.254698376390536023e-04 -3.701447605712901239e-04 -6.930690831320145519e-04 -1.127333387350788654e-04 0.000000000000000000e+00 -1.549911816088237089e-03 -1.463207145866512668e-04 -8.473852107018324791e-04 -3.915812095034728419e-04 -1.562160494768402238e-04 8.386155997256379048e-05 5.963981411087843163e-04
-1.536378066896640707e-03 -1.115122583668215180e-03 8.450142050879929723e-04 -3.796271551614498261e-04 -1.549911816088237089e-03 0.000000000000000000e+00 2.907561101073019441e-04 -2.548560886981643143e-03 -1.090334752801916385e-03 2.317540119921026112e-03 1.194413995682664238e-04 1.672367944189233216e-03
4.085946156747558857e-04 8.960819115625839762e-05 -6.243598282108654522e-04 -1.362857873092219541e-04 -1.463207145866512668e-04 2.907561101073019441e-04 0.000000000000000000e+00 -8.206498653126085771e-04 -3.610231439288515327e-05 8.435829588373727284e-04 1.061137941574050175e-04 5.808073755919617451e-04
-9.029971916389148076e-04 -5.113707435905805263e-04 -6.137241675218695395e-06 1.619360220689254929e-04 -8.473852107018324791e-04 -2.548560886981643143e-03 -8.206498653126085771e-04 0.000000000000000000e+00 -7.102439409896020442e-04 1.772418437761644856e-03 7.955783033097089648e-04 -1.160951878295217931e-03
-6.081033692300105681e-05 -4.637459345720837834e-04 1.026579288861427573e-04 -1.531429100261880237e-04 -3.915812095034728419e-04 -1.090334752801916385e-03 -3.610231439288515327e-05 -7.102439409896020442e-04 0.000000000000000000e+00 -1.060712939003595045e-03 -1.077713353618688313e-04 -7.742144174885642926e-04
-6.865069758449655196e-04 -1.389884780844623637e-03 -4.797114789188961740e-05 -3.638518775577712387e-04 -1.562160494768402238e-04 2.317540119921026112e-03 8.435829588373727284e-04 1.772418437761644856e-03 -1.060712939003595045e-03 0.000000000000000000e+00 2.065908041091532989e-04 1.303857003282120298e-03
3.637400303292186664e-04 -6.329187260937939232e-04 3.226375236990553885e-05 4.139340114347996383e-04 8.386155997256379048e-05 1.194413995682664238e-04 1.061137941574050175e-04 7.955783033097089648e-04 -1.077713353618688313e-04 2.065908041091532989e-04 0.000000000000000000e+00 1.248030497454656693e-03
-7.133037536241083063e-04 4.315450558662289903e-04 -1.073995957175268197e-03 -9.071161818177388364e-04 5.963981411087843163e-04 1.672367944189233216e-03 5.808073755919617451e-04 -1.160951878295217931e-03 -7.742144174885642926e-04 1.303857003282120298e-03 1.248030497454656693e-03 0.000000000000000000e+00
