0.000000000000000000e+00 -6.416687472934310982e-04 2.130774076718103380e-04 -1.702622963753945128e-04 1.583274641193569234e-04 1.615969965649667953e-03 -3.142966273474295802e-04 -8.277971462743135330e-04 2.843430561048096526e-05 -4.990799677425022734e-04 -1.166784152473503768e-04 7.658713690562669917e-04
-6.416687472934310982e-04 0.000000000000000000e+00 -1.765493789094489219e-04 -2.372679803967381481e-04 -3.428542106470900699e-04 -5.987433950283434746e-04 -3.855604598205812574e-04 -1.189779391908130481e-03 -1.051408153716529562e-06 -1.054277318636458096e-03 5.626550578486320118e-05 -1.531878363691740325e-03
2.130774076718103380e-04 -1.765493789094489219e-04 0.000000000000000000e+00 -6.064876664386712390e-04 -8.711928801821087467e-05 1.163090809994911075e-03 -3.865179814421135321e-05 -7.121389539021778054e-04 1.848733405260905645e-04 -1.237411841523682879e-03 -4.263005360060708078e-04 3.494608295764327268e-04
-1.702622963753945128e-04 -2.372679803967381481e-04 -6.064876664386712390e-04 0.000000000000000000e+00 -1.101225427008086768e-04 7.169570625235933449e-04 1.786865468708750038e-04 2.249910326964033253e-04 1.749847480426610616e-04 7.675729737885613998e-04 -1.968535531991252960e-04 -4.330959633316034383e-05
1.583274641193569234e-04 -3.428542106470900699e-04 -8.711928801821087467e-05 -1.101225427008086768e-04 0.000000000000000000e+00 -5.089689036835796238e-04 5.815503887041036405e-05 -4.574393758851342932e-04 5.370779392873194268e-04 -3.114292090187030103e-04 -2.761238836005200348e-04 -9.385408166187806495e-05
1.615969965649667953e-03 -5.987433950283434746e-04 1.163090809994911075e-03 7.169570625235933449e-04 -5.089689036835796238e-04 0.000000000000000000e+00 -4.203858028664226036e-04 -2.163096148670447250e-03 9.565240147769867550e-04 1.541130752836830566e-03 1.001229462960847791e-03 1.250463993759267744e-04
-3.142966273474295802e-04 -3.855604598205812574e-04 -3.865179814421135321e-05 1.786865468708750038e-04 5.815503887041036405e-05 -4.203858028664226036e-04 0.000000000000000000e+00 5.470526207505509164e-04 3.961064485812653053e-04 -9.411999972607317704e-04 3.754958482494895246e-04 -3.108026964107849931e-04
-8.277971462743135330e-04 -1.189779391908130481e-03 -7.121389539021778054e-04 2.249910326964033253e-04 -4.574393758851342932e-04 -2.163096148670447250e-03 5.470526207505509164e-04 0.000000000000000000e+00 3.935942861700401246e-04 1.573390126115884044e-03 -4.958341113498120848e-04 1.340690286592033376e-03
2.843430561048096526e-05 -1.051408153716529562e-06 1.848733405260905645e-04 1.749847480426610616e-04 5.370779392873194268e-04 9.565240147769867550e-04 3.961064485812653053e-04 3.935942861700401246e-04 0.000000000000000000e+00 -7.162144931936562271e-04 4.043825533153720415e-04 2.357249452072928146e-04
-4.990799677425022734e-04 -1.054277318636458096e-03 -1.237411841523682879e-03 7.675729737885613998e-04 -3.114292090187030103e-04 1.541130752836830566e-03 -9.411999972607317704e-04 1.573390126115884044e-03 -7.162144931936562271e-04 0.000000000000000000e+00 1.856521327743225328e-04 3.214992868175107609e-03
-1.166784152473503768e-04 5.626550578486320118e-05 -4.263005360060708078e-04 -1.968535531991252960e-04 -2.761238836005200348e-04 1.001229462960847791e-03 3.754958482494895246e-04 -4.958341113498120848e-04 4.043825533153720415e-04 1.856521327743225328e-04 0.000000000000000000e+00 -4.856326591323965056e-04
7.658713690562669917e-04 -1.531878363691740325e-03 3.494608295764327268e-04 -4.330959633316034383e-05 -9.385408166187806495e-05 1.250463993759267744e-04 -3.108026964107849931e-04 1.340690286592033376e-03 2.357249452072928146e-04 3.214992868175107609e-03 -4.856326591323965056e-04 0.000000000000000000e+00
