0.000000000000000000e+00 -4.046443232651574917e-04 1.954454897481757748e-03 -6.736607836670107036e-04 1.147155917293743313e-03 -1.299603848029607777e-03 -2.398009471220244456e-04 2.030586927512448379e-03 -1.438292587772973283e-04 6.800051630272554515e-04 5.056928341403808412e-05 8.721489464524008256e-04
-4.046443232651574917e-04 0.000000000000000000e+00 -3.766785840868290612e-04 1.973848952011786079e-03 -1.839235563780274518e-04 2.183853691113689962e-04 4.155135401980793067e-04 -1.006695160793292252e-03 -6.964025560601428549e-04 1.169290636195747282e-04 -1.929938519660499819e-04 -5.700407814935778148e-04
1.954454897481757748e-03 -3.766785840868290612e-04 0.000000000000000000e+00 -1.744670579531546481e-03 1.485360267917005877e-04 -3.444319963301443869e-04 1.226622139569089108e-04 -1.578036381117922269e-03 3.487155550252766449e-04 3.869189706050047729e-04 -7.314938862057704947e-04 2.269413303353313624e-04
-6.736607836670107036e-04 1.973848952011786079e-03 -1.744670579531546481e-03 0.000000000000000000e+00 1.627528205755577554e-03 -4.930400983161089797e-04 2.446993740491792404e-04 -1.968965944615242401e-03 -4.440941560247875118e-04 -4.824803549559774545e-04 -1.098131150760888386e-03 -2.061199500328707822e-04
1.147155917293743313e-03 -1.839235563780274518e-04 1.485360267917005877e-04 1.627528205755577554e-03 0.000000000000000000e+00 -3.011205674594517054e-04 5.253561171632881345e-05 -2.889339762785446126e-04 -1.825789064683553461e-04 -6.595163959626418717e-04 1.472084247444245455e-04 -7.112997236448255749e-04
-1.299603848029607777e-03 2.183853691113689962e-04 -3.444319963301443869e-04 -4.930400983161089797e-04 -3.011205674594517054e-04 0.000000000000000000e+00 3.669220564343534416e-04 3.864458883250895035e-04 1.116577390248910524e-04 -3.771014669018183350e-04 -3.492399945878922910e-04 1.080302251351592966e-03
-2.398009471220244456e-04 4.155135401980793067e-04 1.226622139569089108e-04 2.446993740491792404e-04 5.253561171632881345e-05 3.669220564343534416e-04 0.000000000000000000e+00 -8.655309372618127191e-05 1.455934138511574859e-04 5.365000037688046888e-05 -1.962751423040700715e-04 3.393739827683429065e-04
2.030586927512448379e-03 -1.006695160793292252e-03 -1.578036381117922269e-03 -1.968965944615242401e-03 -2.889339762785446126e-04 3.864458883250895035e-04 -8.655309372618127191e-05 0.000000000000000000e+00 -1.042313120310623016e-03 -9.562605632013902648e-04 6.074853677248790319e-04 -8.209243548631746552e-04
-1.438292587772973283e-04 -6.964025560601428549e-04 3.487155550252766449e-04 -4.440941560247875118e-04 -1.825789064683553461e-04 1.116577390248910524e-04 1.455934138511574859e-04 -1.042313120310623016e-03 0.000000000000000000e+00 3.713454340502848937e-04 5.328937636629946521e-05 3.580358520718332125e-04
6.800051630272554515e-04 1.169290636195747282e-04 3.869189706050047729e-04 -4.824803549559774545e-04 -6.595163959626418717e-04 -3.771014669018183350e-04 5.365000037688046888e-05 -9.562605632013902648e-04 3.713454340502848937e-04 0.000000000000000000e+00 -7.519428124784260003e-05 -6.631858874509834146e-04
5.056928341403808412e-05 -1.929938519660499819e-04 -7.314938862057704947e-04 -1.098131150760888386e-03 1.472084247444245455e-04 -3.492399945878922910e-04 -1.962751423040700715e-04 6.074853677248790319e-04 5.328937636629946521e-05 -7.519428124784260003e-05 0.000000000000000000e+00 2.388528192574673498e-04
8.721489464524008256e-04 -5.700407814935778148e-04 2.269413303353313624e-04 -2.061199500328707822e-04 -7.112997236448255749e-04 1.080302251351592966e-03 3.393739827683429065e-04 -8.209243548631746552e-04 3.580358520718332125e-04 -6.631858874509834146e-04 2.388528192574673498e-04 0.000000000000000000e+00
