0.000000000000000000e+00 8.411310967998411538e-05 8.391895959012932128e-04 -1.907760470821731526e-03 -1.287087496085399286e-04 -1.635591130773270075e-03 6.561595760133369804e-04 -2.748178561091536940e-03 9.108420405476685532e-04 7.842111374407957679e-04 1.700883222178740885e-04 1.703333033239270294e-03
8.411310967998411538e-05 0.000000000000000000e+00 2.498543617286946156e-04 -1.121022953650288676e-03 -1.772627743122504105e-04 -9.211392909290447620e-05 3.611196447447072994e-04 1.298232470403834667e-03 5.967534892351934782e-04 -3.779256210630673319e-04 -6.910533183569386425e-04 9.961019119059707615e-04
8.391895959012932128e-04 2.498543617286946156e-04 0.000000000000000000e+00 8.491809679953199116e-04 -1.138640534399629374e-04 -4.153593546831016469e-04 -5.492055469625223773e-05 6.007665668905609428e-04 2.682061755226289291e-04 -1.298355553245321198e-04 1.491588134845801101e-04 2.908111460752590711e-04
-1.907760470821731526e-03 -1.121022953650288676e-03 8.491809679953199116e-04 0.000000000000000000e+00 -1.151508112633238328e-03 -8.921957015159708883e-04 -7.852536514199155932e-04 -1.599681303356840015e-03 -1.395935617115854515e-04 1.100726193381433701e-03 1.842183414392882101e-05 -1.749893719365825783e-03
-1.287087496085399286e-04 -1.772627743122504105e-04 -1.138640534399629374e-04 -1.151508112633238328e-03 0.000000000000000000e+00 -2.954104318537637062e-04 1.723522169912746860e-04 6.468711432665197759e-04 3.991447562019500564e-04 5.892812734433710122e-04 -2.027645301036313998e-04 -5.177190153377612611e-04
-1.635591130773270075e-03 -9.211392909290447620e-05 -4.153593546831016469e-04 -8.921957015159708883e-04 -2.954104318537637062e-04 0.000000000000000000e+00 2.896778672120195464e-04 -2.775684743471222327e-05 8.841602738241895242e-05 -6.563175669661698588e-06 -2.620437275168056943e-04 1.677008456299243033e-04
6.561595760133369804e-04 3.611196447447072994e-04 -5.492055469625223773e-05 -7.852536514199155932e-04 1.723522169912746860e-04 2.896778672120195464e-04 0.000000000000000000e+00 -2.331218016810253086e-04 6.475155342699134495e-06 -3.182171031925363634e-04 1.155502510779411968e-04 3.045555728530391208e-04
-2.748178561091536940e-03 1.298232470403834667e-03 6.007665668905609428e-04 -1.599681303356840015e-03 6.468711432665197759e-04 -2.775684743471222327e-05 -2.331218016810253086e-04 0.000000000000000000e+00 -1.024422203768042463e-03 2.631256772265946398e-04 -3.480355149055267558e-04 1.565825990393238413e-03
9.108420405476685532e-04 5.967534892351934782e-04 2.682061755226289291e-04 -1.395935617115854515e-04 3.991447562019500564e-04 8.841602738241895242e-05 6.475155342699134495e-06 -1.024422203768042463e-03 0.000000000000000000e+00 -3.379373114298805957e-04 -1.941415871490822533e-04 -5.765254971691915987e-04
7.842111374407957679e-04 -3.779256210630673319e-04 -1.298355553245321198e-04 1.100726193381433701e-03 5.892812734433710122e-04 -6.563175669661698588e-06 -3.182171031925363634e-04 2.631256772265946398e-04 -3.379373114298805957e-04 0.000000000000000000e+00 -7.595173192300629832e-05 -9.345498499857880391e-04
1.700883222178740885e-04 -6.910533183569386425e-04 1.491588134845801101e-04 1.842183414392882101e-05 -2.027645301036313998e-04 -2.620437275168056943e-04 1.155502510779411968e-04 -3.480355149055267558e-04 -1.941415871490822533e-04 -7.595173192300629832e-05 0.000000000000000000e+00 7.405494290882835276e-04
1.703333033239270294e-03 9.961019119059707615e-04 2.908111460752590711e-04 -1.749893719365825783e-03 -5.177190153377612611e-04 1.677008456299243033e-04 3.045555728530391208e-04 1.565825990393238413e-03 -5.765254971691915987e-04 -9.345498499857880391e-04 7.405494290882835276e-04 0.000000000000000000e+00
