0.000000000000000000e+00 -2.538222282989764677e-04 -5.475422364916484588e-04 -1.239490271942682341e-03 -3.203864454369541185e-04 -4.031217449438227111e-04 9.345989117537006679e-04 1.420510391755162643e-03 2.548873692875879503e-04 1.463542142201513336e-03 -1.540676058188565666e-03 -3.250583075927512681e-04
-2.538222282989764677e-04 0.000000000000000000e+00 -2.934292875428187101e-04 2.534549545336797077e-05 8.008168864077793011e-04 4.825076875450737377e-04 7.704810614788644776e-04 1.071349816892245123e-03 -4.009781618832224527e-04 -7.189090295871576998e-04 1.426977454439391942e-04 -1.381739880742347427e-03
-5.475422364916484588e-04 -2.934292875428187101e-04 0.000000000000000000e+00 6.431828045951179171e-04 -7.340507339676264568e-05 2.287389439015044068e-04 -1.819376012419641098e-04 -9.981302799972789023e-04 -2.112642391788605706e-04 -4.984194928537038658e-04 2.948468364365879361e-04 -7.852797494051311049e-04
-1.239490271942682341e-03 2.534549545336797077e-05 6.431828045951179171e-04 0.000000000000000000e+00 -9.027846597028421670e-04 1.372093050445399516e-05 -1.447396450108756681e-04 -6.460317302958475940e-04 7.501966417825311562e-04 -1.457557323763948760e-03 -6.728254454375323960e-04 -3.650336032268492684e-03
-3.203864454369541185e-04 8.008168864077793011e-04 -7.340507339676264568e-05 -9.027846597028421670e-04 0.000000000000000000e+00 -7.466098735152476497e-05 1.499234240884862463e-04 -1.688948281389542357e-06 -1.375215896061579644e-04 1.014400931738231943e-04 2.734521701386664850e-04 1.187023754326714450e-04
-4.031217449438227111e-04 4.825076875450737377e-04 2.287389439015044068e-04 1.372093050445399516e-05 -7.466098735152476497e-05 0.000000000000000000e+00 3.786647662910063621e-04 2.442452771306414367e-04 -2.832994348256665613e-04 4.798697290205819217e-04 1.564375375524440113e-04 4.912535167736485934e-04
9.345989117537006679e-04 7.704810614788644776e-04 -1.819376012419641098e-04 -1.447396450108756681e-04 1.499234240884862463e-04 3.786647662910063621e-04 0.000000000000000000e+00 -6.243899246989090658e-04 -3.062388353034540835e-06 4.230165552830728493e-04 -1.664165516452833138e-04 -8.102061442351876511e-04
1.420510391755162643e-03 1.071349816892245123e-03 -9.981302799972789023e-04 -6.460317302958475940e-04 -1.688948281389542357e-06 2.442452771306414367e-04 -6.243899246989090658e-04 0.000000000000000000e+00 4.465521493763003675e-05 -1.371458318995980334e-03 -4.052789899108008098e-04 2.200475967460829244e-03
2.548873692875879503e-04 -4.009781618832224527e-04 -2.112642391788605706e-04 7.501966417825311562e-04 -1.375215896061579644e-04 -2.832994348256665613e-04 -3.062388353034540835e-06 4.465521493763003675e-05 0.000000000000000000e+00 9.465212357223931562e-05 -5.288158264486206235e-05 9.464217794770154286e-05
1.463542142201513336e-03 -7.189090295871576998e-04 -4.984194928537038658e-04 -1.457557323763948760e-03 1.014400931738231943e-04 4.798697290205819217e-04 4.230165552830728493e-04 -1.371458318995980334e-03 9.465212357223931562e-05 0.000000000000000000e+00 -4.157953478731766617e-04 2.664740838029171850e-04
-1.540676058188565666e-03 1.426977454439391942e-04 2.948468364365879361e-04 -6.728254454375323960e-04 2.734521701386664850e-04 1.564375375524440113e-04 -1.664165516452833138e-04 -4.052789899108008098e-04 -5.288158264486206235e-05 -4.157953478731766617e-04 0.000000000000000000e+00 7.009535315007327846e-04
-3.250583075927512681e-04 -1.381739880742347427e-03 -7.852797494051311049e-04 -3.650336032268492684e-03 1.187023754326714450e-04 4.912535167736485934e-04 -8.102061442351876511e-04 2.200475967460829244e-03 9.464217794770154286e-05 2.664740838029171850e-04 7.009535315007327846e-04 0.000000000000000000e+00
