0.000000000000000000e+00 -1.149489744862377356e-03 -4.932561871395343056e-04 1.951649003950836798e-03 -4.220088459799907878e-04 -3.530808966363874527e-04 2.648812098890211621e-04 9.529190836051987885e-05 2.351662116572069295e-04 3.162547672110247159e-04 3.376282033631581008e-04 6.247234506341685324e-04
-1.149489744862377356e-03 0.000000000000000000e+00 -2.290082136236159282e-05 -9.825592145292659160e-04 -9.818073786238552911e-05 1.834164956330453682e-04 6.461502325477328727e-05 -9.850253642486424472e-05 -3.858702853334160915e-04 -2.857405492231328867e-04 -1.884841906464806917e-04 3.843665164535357793e-04
-4.932561871395343056e-04 -2.290082136236159282e-05 0.000000000000000000e+00 -1.020053413080432205e-03 1.557845212762529684e-04 -1.539737488101934962e-04 -1.585230289074851431e-04 -1.018754962290057070e-03 5.410008866428344873e-04 -2.345669836983688996e-04 1.677749020097004491e-04 1.615232437932519216e-04
1.951649003950836798e-03 -9.825592145292659160e-04 -1.020053413080432205e-03 0.000000000000000000e+00 6.189945155314878229e-04 -4.116270630710347446e-04 1.988972301415864352e-05 -2.151237014314339932e-03 8.368774876053476771e-04 1.641498344273071338e-04 1.046235910528136139e-03 5.889095756804553277e-04
-4.220088459799907878e-04 -9.818073786238552911e-05 1.557845212762529684e-04 6.189945155314878229e-04 0.000000000000000000e+00 2.969374062725854994e-04 1.210074185085455156e-04 -6.959168813816171955e-04 -2.026729444080160782e-04 6.909040981457414228e-04 7.391969793770625371e-05 -1.665192540840416035e-04
-3.530808966363874527e-04 1.834164956330453682e-04 -1.539737488101934962e-04 -4.116270630710347446e-04 2.969374062725854994e-04 0.000000000000000000e+00 -1.234743252261227971e-04 -9.002500660046112903e-04 3.899354249857413002e-05 -8.481893165235328139e-04 4.828509977316674672e-04 1.514471686842296886e-03
2.648812098890211621e-04 6.461502325477328727e-05 -1.585230289074851431e-04 1.988972301415864352e-05 1.210074185085455156e-04 -1.234743252261227971e-04 0.000000000000000000e+00 6.489913770715873540e-05 -2.969713281345905576e-04 9.626234034324733979e-05 -1.845336454560138762e-04 1.324488625101348689e-03
9.529190836051987885e-05 -9.850253642486424472e-05 -1.018754962290057070e-03 -2.151237014314339932e-03 -6.959168813816171955e-04 -9.002500660046112903e-04 6.489913770715873540e-05 0.000000000000000000e+00 -8.460905470524467706e-05 7.527035542858523170e-04 9.285412941757191160e-04 -3.098827563234267564e-03
2.351662116572069295e-04 -3.858702853334160915e-04 5.410008866428344873e-04 8.368774876053476771e-04 -2.026729444080160782e-04 3.899354249857413002e-05 -2.969713281345905576e-04 -8.460905470524467706e-05 0.000000000000000000e+00 3.046800239785076798e-05 4.722752581300172260e-04 2.871980067285287148e-04
3.162547672110247159e-04 -2.857405492231328867e-04 -2.345669836983688996e-04 1.641498344273071338e-04 6.909040981457414228e-04 -8.481893165235328139e-04 9.626234034324733979e-05 7.527035542858523170e-04 3.046800239785076798e-05 0.000000000000000000e+00 -1.534553060806676612e-04 5.528697236151061982e-04
3.376282033631581008e-04 -1.884841906464806917e-04 1.677749020097004491e-04 1.046235910528136139e-03 7.391969793770625371e-05 4.828509977316674672e-04 -1.845336454560138762e-04 9.285412941757191160e-04 4.722752581300172260e-04 -1.534553060806676612e-04 0.000000000000000000e+00 3.627333749675492095e-04
6.247234506341685324e-04 3.843665164535357793e-04 1.615232437932519216e-04 5.889095756804553277e-04 -1.665192540840416035e-04 1.514471686842296886e-03 1.324488625101348689e-03 -3.098827563234267564e-03 2.871980067285287148e-04 5.528697236151061982e-04 3.627333749675492095e-04 0.000000000000000000e+00
