0.000000000000000000e+00 -1.153906666130186825e-04 1.351756572857660578e-03 -6.701570235761101406e-04 -3.331125670657699833e-04 -3.339798224563296936e-04 3.650145718963487308e-04 8.938073340907536947e-04 1.126792997196974459e-03 3.354221211835688101e-04 -3.149282112483980239e-04 -9.736636411787036012e-04
-1.153906666130186825e-04 0.000000000000000000e+00 -1.330207992568177089e-03 -2.575888839770150689e-04 -5.487500672539495639e-04 3.190321737332063329e-04 -2.620286664924961545e-04 -1.470585277452656501e-03 1.638317096579241174e-05 2.252892520351302240e-04 2.947763363695213865e-04 -2.107579335465446487e-04
1.351756572857660578e-03 -1.330207992568177089e-03 0.000000000000000000e+00 3.469459368406668711e-04 -2.920055151492316481e-03 5.878185152354701085e-04 6.975066886014775688e-04 1.405131546122833589e-04 4.356318646596301540e-04 -4.255461987760781792e-04 -3.071216385437617463e-04 2.733233057322493166e-04
-6.701570235761101406e-04 -2.575888839770150689e-04 3.469459368406668711e-04 0.000000000000000000e+00 4.092574438801334434e-04 -1.341426771579668159e-04 6.045249764521963901e-04 -3.821872466084408402e-04 -5.102128893385646105e-04 5.258803689765296141e-04 -1.042023799582583813e-04 -1.825795302285400444e-04
-3.331125670657699833e-04 -5.487500672539495639e-04 -2.920055151492316481e-03 4.092574438801334434e-04 0.000000000000000000e+00 -5.637876246570314512e-04 4.697252728887756968e-06 2.883243557129472833e-04 5.963023564317947211e-05 -1.069102566866871095e-03 7.512703439635714468e-04 -7.360609230279010432e-04
-3.339798224563296936e-04 3.190321737332063329e-04 5.878185152354701085e-04 -1.341426771579668159e-04 -5.637876246570314512e-04 0.000000000000000000e+00 -2.974142022072230273e-05 -7.456249739354410423e-06 -6.222821192030164247e-04 -5.834079006370434389e-04 7.340532178144200653e-05 2.065966550926106628e-04
3.650145718963487308e-04 -2.620286664924961545e-04 6.975066886014775688e-04 6.045249764521963901e-04 4.697252728887756968e-06 -2.974142022072230273e-05 0.000000000000000000e+00 -4.560693410786248979e-04 1.723301589224833529e-04 8.868838112463372635e-05 -4.161736517872090995e-04 3.631840098594840493e-05
8.938073340907536947e-04 -1.470585277452656501e-03 1.405131546122833589e-04 -3.821872466084408402e-04 2.883243557129472833e-04 -7.456249739354410423e-06 -4.560693410786248979e-04 0.000000000000000000e+00 5.159804517317043192e-04 -4.210037250360679478e-04 -1.076774022858454835e-04 -3.080200669601980423e-05
1.126792997196974459e-03 1.638317096579241174e-05 4.356318646596301540e-04 -5.102128893385646105e-04 5.963023564317947211e-05 -6.222821192030164247e-04 1.723301589224833529e-04 5.159804517317043192e-04 0.000000000000000000e+00 -8.426110404360390117e-04 -2.256804027913591798e-04 1.405810548942805559e-04
3.354221211835688101e-04 2.252892520351302240e-04 -4.255461987760781792e-04 5.258803689765296141e-04 -1.069102566866871095e-03 -5.834079006370434389e-04 8.868838112463372635e-05 -4.210037250360679478e-04 -8.426110404360390117e-04 0.000000000000000000e+00 -5.622452719793645482e-04 -1.039245641722849557e-04
-3.149282112483980239e-04 2.947763363695213865e-04 -3.071216385437617463e-04 -1.042023799582583813e-04 7.512703439635714468e-04 7.340532178144200653e-05 -4.161736517872090995e-04 -1.076774022858454835e-04 -2.256804027913591798e-04 -5.622452719793645482e-04 0.000000000000000000e+00 -7.258950804407507959e-04
-9.736636411787036012e-04 -2.107579335465446487e-04 2.733233057322493166e-04 -1.825795302285400444e-04 -7.360609230279010432e-04 2.065966550926106628e-04 3.631840098594840493e-05 -3.080200669601980423e-05 1.405810548942805559e-04 -1.039245641722849557e-04 -7.258950804407507959e-04 0.000000000000000000e+00
