0.000000000000000000e+00 1.049749963274538254e-03 7.300424262249459364e-04 -4.457941761705093409e-04 -3.703436629609610162e-03 1.367995527118022947e-03 2.213153427123231245e-04 -3.860590270659763706e-04 7.273296937190653483e-04 -2.896446808629696192e-03 -2.630717630868953513e-04 2.322894308723958117e-04
1.049749963274538254e-03 0.000000000000000000e+00 2.141472901755093507e-03 -3.264901270802877801e-04 -2.335023328840781735e-03 1.637452182295417221e-04 -8.553570544159710542e-05 2.417259249220709335e-04 -3.848214901252856879e-05 -8.197677402724685416e-04 9.999509162590305544e-04 -4.586589101063343965e-04
7.300424262249459364e-04 2.141472901755093507e-03 0.000000000000000000e+00 1.009083958893590427e-03 -1.604585417852138259e-03 -6.647874113113738659e-05 -5.897359560674078367e-04 -2.009500040809883469e-04 -7.984511717038224278e-04 1.130355164157923788e-03 -1.413801615552324944e-04 1.905570488793111874e-04
-4.457941761705093409e-04 -3.264901270802877801e-04 1.009083958893590427e-03 0.000000000000000000e+00 -4.717988920982263434e-04 -3.904621097107594148e-05 -3.137424939298444186e-05 -4.750377605971493758e-04 -2.687379640228617673e-04 -5.710953292819473913e-04 -2.024420470869263151e-04 3.993421312479944192e-04
-3.703436629609610162e-03 -2.335023328840781735e-03 -1.604585417852138259e-03 -4.717988920982263434e-04 0.000000000000000000e+00 1.339085402974813516e-03 3.446937804448752581e-04 1.981155364127660818e-03 -1.352096445690822470e-03 6.259153996599109600e-04 -1.092534959992632953e-03 8.823837662067172526e-04
1.367995527118022947e-03 1.637452182295417221e-04 -6.647874113113738659e-05 -3.904621097107594148e-05 1.339085402974813516e-03 0.000000000000000000e+00 -2.024100643378094213e-04 2.666048083267408123e-04 -3.442354807350866399e-04 5.012785158730643934e-04 -3.721977867522342168e-04 -2.952496590813932401e-05
2.213153427123231245e-04 -8.553570544159710542e-05 -5.897359560674078367e-04 -3.137424939298444186e-05 3.446937804448752581e-04 -2.024100643378094213e-04 0.000000000000000000e+00 -5.248796940266988635e-04 1.128313158917944434e-04 -8.309134335459724427e-05 -4.110112731208936032e-04 2.423204536962390767e-04
-3.860590270659763706e-04 2.417259249220709335e-04 -2.009500040809883469e-04 -4.750377605971493758e-04 1.981155364127660818e-03 2.666048083267408123e-04 -5.248796940266988635e-04 0.000000000000000000e+00 1.223354162826329849e-04 -1.149286338226269705e-03 -8.451224370574647810e-04 4.128003426667750599e-04
7.273296937190653483e-04 -3.848214901252856879e-05 -7.984511717038224278e-04 -2.687379640228617673e-04 -1.352096445690822470e-03 -3.442354807350866399e-04 1.128313158917944434e-04 1.223354162826329849e-04 0.000000000000000000e+00 -2.079164797709390884e-04 -3.470837104457573288e-04 1.379483604009445628e-04
-2.896446808629696192e-03 -8.197677402724685416e-04 1.130355164157923788e-03 -5.710953292819473913e-04 6.259153996599109600e-04 5.012785158730643934e-04 -8.309134335459724427e-05 -1.149286338226269705e-03 -2.079164797709390884e-04 0.000000000000000000e+00 2.449646631017494752e-04 -4.591798180782052105e-04
-2.630717630868953513e-04 9.999509162590305544e-04 -1.413801615552324944e-04 -2.024420470869263151e-04 -1.092534959992632953e-03 -3.721977867522342168e-04 -4.110112731208936032e-04 -8.451224370574647810e-04 -3.470837104457573288e-04 2.449646631017494752e-04 0.000000000000000000e+00 -5.532122980750989442e-06
2.322894308723958117e-04 -4.586589101063343965e-04 1.905570488793111874e-04 3.993421312479944192e-04 8.823837662067172526e-04 -2.952496590813932401e-05 2.423204536962390767e-04 4.128003426667750599e-04 1.379483604009445628e-04 -4.591798180782052105e-04 -5.532122980750989442e-06 0.000000000000000000e+00
