0.000000000000000000e+00 6.385561989166338188e-05 -1.903748319458520159e-04 7.317915912504267383e-04 -3.709799821430500612e-03 -8.782283729865115714e-04 -1.136955177925906037e-03 5.606849695490621161e-04 -9.286462178819499891e-04 -1.155976029057877164e-03 6.644786020270157263e-04 1.486542873430673258e-04
6.385561989166338188e-05 0.000000000000000000e+00 4.933696896604297969e-04 -4.567472766702914094e-04 -9.401259231582370169e-04 -5.062091632780249756e-04 6.864102095189149495e-04 -6.215947227448984872e-04 -7.308611815328114282e-04 -3.606963850688870723e-04 -7.465922941310863727e-04 -2.801841542252194546e-04
-1.903748319458520159e-04 4.933696896604297969e-04 0.000000000000000000e+00 -1.705058007088717056e-04 5.285690951728296873e-04 1.682643094985022936e-04 3.868496781812675277e-04 1.473263426666098115e-03 -3.219505107555653296e-04 -1.162394523491602251e-03 -2.964634646979240860e-04 -3.568785563584209836e-05
7.317915912504267383e-04 -4.567472766702914094e-04 -1.705058007088717056e-04 0.000000000000000000e+00 2.190265737165753620e-03 1.849747030631433968e-04 -3.754642221973635311e-04 -9.968689597674126640e-05 -8.876295411143669866e-04 3.554241426474518111e-04 1.660812116114686072e-04 -4.200597266401133391e-04
-3.709799821430500612e-03 -9.401259231582370169e-04 5.285690951728296873e-04 2.190265737165753620e-03 0.000000000000000000e+00 1.345315232235928327e-03 9.672091774635663188e-04 1.884147829806943723e-03 -3.541795981989319972e-04 2.014129700874413981e-03 -9.927526881880451091e-05 -2.734169214924480609e-04
-8.782283729865115714e-04 -5.062091632780249756e-04 1.682643094985022936e-04 1.849747030631433968e-04 1.345315232235928327e-03 0.000000000000000000e+00 -5.368357372815496607e-04 -8.486989237323755008e-05 -1.912294480506151182e-04 -9.810287227893395561e-04 1.237333544228387636e-04 8.872934925354616518e-05
-1.136955177925906037e-03 6.864102095189149495e-04 3.868496781812675277e-04 -3.754642221973635311e-04 9.672091774635663188e-04 -5.368357372815496607e-04 0.000000000000000000e+00 -2.688742349520885475e-04 -1.573088622926101102e-04 6.230369136289561158e-04 -6.124639252311826778e-07 2.019911224685118174e-05
5.606849695490621161e-04 -6.215947227448984872e-04 1.473263426666098115e-03 -9.968689597674126640e-05 1.884147829806943723e-03 -8.486989237323755008e-05 -2.688742349520885475e-04 0.000000000000000000e+00 3.196084808928432129e-04 5.786522445341821578e-05 -3.940443926695013223e-04 4.553972895041191542e-04
-9.286462178819499891e-04 -7.308611815328114282e-04 -3.219505107555653296e-04 -8.876295411143669866e-04 -3.541795981989319972e-04 -1.912294480506151182e-04 -1.573088622926101102e-04 3.196084808928432129e-04 0.000000000000000000e+00 -6.781601215081686784e-05 -3.149593573681426376e-04 -1.942853354911029575e-04
-1.155976029057877164e-03 -3.606963850688870723e-04 -1.162394523491602251e-03 3.554241426474518111e-04 2.014129700874413981e-03 -9.810287227893395561e-04 6.230369136289561158e-04 5.786522445341821578e-05 -6.781601215081686784e-05 0.000000000000000000e+00 7.765081012591360313e-04 3.213044895947693609e-04
6.644786020270157263e-04 -7.465922941310863727e-04 -2.964634646979240860e-04 1.660812116114686072e-04 -9.927526881880451091e-05 1.237333544228387636e-04 -6.124639252311826778e-07 -3.940443926695013223e-04 -3.149593573681426376e-04 7.765081012591360313e-04 0.000000000000000000e+00 1.287634179851015548e-04
1.486542873430673258e-04 -2.801841542252194546e-04 -3.568785563584209836e-05 -4.200597266401133391e-04 -2.734169214924480609e-04 8.872934925354616518e-05 2.019911224685118174e-05 4.553972895041191542e-04 -1.942853354911029575e-04 3.213044895947693609e-04 1.287634179851015548e-04 0.000000000000000000e+00
