0.000000000000000000e+00 -1.366334083043698952e-03 -7.375288844106009508e-04 8.549963023005484287e-04 5.425808713339473491e-04 6.690792976044166373e-04 -6.693341678726526809e-04 1.834661559113514239e-04 1.860429802430012877e-03 6.189235478974610804e-04 4.486579050942777753e-04 5.337656727876893391e-04
-1.366334083043698952e-03 0.000000000000000000e+00 1.215266878685158491e-03 -4.366127267277041782e-04 3.000928762342888398e-03 2.871004023391899446e-04 -2.461443776937947579e-04 8.901467731954220742e-05 4.737544237930426012e-04 1.288402212754018086e-03 -4.000774684847187903e-05 -1.450483620849950684e-04
-7.375288844106009508e-04 1.215266878685158491e-03 0.000000000000000000e+00 7.636633401330293093e-04 -1.236469474955368677e-03 8.238631167830695254e-04 4.119500042018341504e-04 3.487762565024907116e-04 3.238793050788833870e-04 8.933697684248613708e-04 -1.217155087432284215e-03 6.561229899192340181e-04
8.549963023005484287e-04 -4.366127267277041782e-04 7.636633401330293093e-04 0.000000000000000000e+00 -7.045419369278834104e-04 2.879353199246093334e-04 1.454747461416109092e-04 -2.765555062758857951e-04 -1.888465301282429810e-04 1.092367451970240435e-03 -3.097004766791785981e-04 -9.411289737022353558e-05
5.425808713339473491e-04 3.000928762342888398e-03 -1.236469474955368677e-03 -7.045419369278834104e-04 0.000000000000000000e+00 -1.811993666385793792e-03 -9.443097044235143666e-04 -5.467837254612501949e-05 1.427696273950599618e-03 2.554295889840155816e-03 -1.582181384551497845e-03 7.711601294322699245e-04
6.690792976044166373e-04 2.871004023391899446e-04 8.238631167830695254e-04 2.879353199246093334e-04 -1.811993666385793792e-03 0.000000000000000000e+00 -3.340926600851074763e-04 7.694083033622997614e-04 2.927436605506382071e-04 9.488675784727682158e-04 6.178812864858805121e-04 3.458213131173976324e-04
-6.693341678726526809e-04 -2.461443776937947579e-04 4.119500042018341504e-04 1.454747461416109092e-04 -9.443097044235143666e-04 -3.340926600851074763e-04 0.000000000000000000e+00 2.092699225792696174e-04 -8.483587303241793445e-05 1.538778319061912773e-04 -1.167125141081900100e-04 -1.559831591758037775e-04
1.834661559113514239e-04 8.901467731954220742e-05 3.487762565024907116e-04 -2.765555062758857951e-04 -5.467837254612501949e-05 7.694083033622997614e-04 2.092699225792696174e-04 0.000000000000000000e+00 -6.727852325432523038e-04 6.385715615026982825e-04 1.338400726627220368e-04 3.001448855086041780e-04
1.860429802430012877e-03 4.737544237930426012e-04 3.238793050788833870e-04 -1.888465301282429810e-04 1.427696273950599618e-03 2.927436605506382071e-04 -8.483587303241793445e-05 -6.727852325432523038e-04 0.000000000000000000e+00 -2.813109066779218167e-04 -1.951614640585281604e-04 -1.153385044734025176e-04
6.189235478974610804e-04 1.288402212754018086e-03 8.933697684248613708e-04 1.092367451970240435e-03 2.554295889840155816e-03 9.488675784727682158e-04 1.538778319061912773e-04 6.385715615026982825e-04 -2.813109066779218167e-04 0.000000000000000000e+00 2.339394342014548313e-04 1.396385500697753265e-04
4.486579050942777753e-04 -4.000774684847187903e-05 -1.217155087432284215e-03 -3.097004766791785981e-04 -1.582181384551497845e-03 6.178812864858805121e-04 -1.167125141081900100e-04 1.338400726627220368e-04 -1.951614640585281604e-04 2.339394342014548313e-04 0.000000000000000000e+00 -3.697103669987350408e-04
5.337656727876893391e-04 -1.450483620849950684e-04 6.561229899192340181e-04 -9.411289737022353558e-05 7.711601294322699245e-04 3.458213131173976324e-04 -1.559831591758037775e-04 3.001448855086041780e-04 -1.153385044734025176e-04 1.396385500697753265e-04 -3.697103669987350408e-04 0.000000000000000000e+00
