0.000000000000000000e+00 4.055152574990239034e-04 -2.795938033365554442e-04 2.443290604629997850e-04 -4.545389091364178858e-04 7.770432887058377404e-05 1.172000302024434678e-04 -3.837510670468889749e-04 -2.924899023792362730e-04 4.720075087599410590e-04 5.084417484059195868e-04 -1.127166831282139047e-04
4.055152574990239034e-04 0.000000000000000000e+00 -2.413094161768973502e-04 6.813465453948335622e-04 -1.119629005969171361e-03 -5.090990882674650050e-04 9.693902652047350042e-04 8.768294822729915923e-04 -1.297503985722847511e-03 -1.482233873916819888e-03 1.261717641209275436e-03 1.383857289383942863e-03
-2.795938033365554442e-04 -2.413094161768973502e-04 0.000000000000000000e+00 -3.948362453620778492e-04 -3.118877899098994300e-04 -2.423302992485201616e-04 4.795080789828912626e-04 9.313441897458958000e-05 -6.240750789842915234e-04 8.510248824112859973e-04 1.803725934404385139e-04 -6.529926481745730680e-04
2.443290604629997850e-04 6.813465453948335622e-04 -3.948362453620778492e-04 0.000000000000000000e+00 1.987835522364098779e-04 2.853880267425727550e-04 2.926374458826102904e-04 7.910163893162759034e-05 -6.540667836856041721e-04 9.663849656551918047e-04 2.997083093694600468e-04 1.061266159657343173e-04
-4.545389091364178858e-04 -1.119629005969171361e-03 -3.118877899098994300e-04 1.987835522364098779e-04 0.000000000000000000e+00 5.243605192889458561e-05 1.026310236101109913e-03 -6.563773826313568094e-04 -8.491952919460604157e-05 -1.278249015097072212e-03 -9.613778668840022119e-04 1.361536277000175398e-03
7.770432887058377404e-05 -5.090990882674650050e-04 -2.423302992485201616e-04 2.853880267425727550e-04 5.243605192889458561e-05 0.000000000000000000e+00 2.545171271847756263e-04 -1.182836077238783338e-03 -9.385277411375767464e-04 -2.298144148728650284e-03 -2.095011624967978766e-03 -1.191867586146160788e-03
1.172000302024434678e-04 9.693902652047350042e-04 4.795080789828912626e-04 2.926374458826102904e-04 1.026310236101109913e-03 2.545171271847756263e-04 0.000000000000000000e+00 -8.260311674125554639e-05 -1.771785228293910311e-04 6.035509416098735076e-05 2.379122422572698629e-04 5.760646542995382074e-04
-3.837510670468889749e-04 8.768294822729915923e-04 9.313441897458958000e-05 7.910163893162759034e-05 -6.563773826313568094e-04 -1.182836077238783338e-03 -8.260311674125554639e-05 0.000000000000000000e+00 9.784456650982103262e-04 -8.989460147446180381e-04 -8.895098404802722096e-04 -2.689610717443675155e-04
-2.924899023792362730e-04 -1.297503985722847511e-03 -6.240750789842915234e-04 -6.540667836856041721e-04 -8.491952919460604157e-05 -9.385277411375767464e-04 -1.771785228293910311e-04 9.784456650982103262e-04 0.000000000000000000e+00 3.716740998017396217e-03 -2.687442019294996112e-03 1.822507695557033965e-03
4.720075087599410590e-04 -1.482233873916819888e-03 8.510248824112859973e-04 9.663849656551918047e-04 -1.278249015097072212e-03 -2.298144148728650284e-03 6.035509416098735076e-05 -8.989460147446180381e-04 3.716740998017396217e-03 0.000000000000000000e+00 -3.137377639131036511e-03 -6.761345309536236255e-04
5.084417484059195868e-04 1.261717641209275436e-03 1.803725934404385139e-04 2.997083093694600468e-04 -9.613778668840022119e-04 -2.095011624967978766e-03 2.379122422572698629e-04 -8.895098404802722096e-04 -2.687442019294996112e-03 -3.137377639131036511e-03 0.000000000000000000e+00 2.171925273488057131e-04
-1.127166831282139047e-04 1.383857289383942863e-03 -6.529926481745730680e-04 1.061266159657343173e-04 1.361536277000175398e-03 -1.191867586146160788e-03 5.760646542995382074e-04 -2.689610717443675155e-04 1.822507695557033965e-03 -6.761345309536236255e-04 2.171925273488057131e-04 0.000000000000000000e+00
