0.000000000000000000e+00 -2.098000011179244147e-04 -1.501257921131248516e-04 7.022592267074528047e-05 1.800404102042502238e-04 -2.851754826638898464e-04 -5.238286383951138445e-05 1.148957065573836628e-04 5.683764051762944195e-04 8.319529976349287212e-04 -6.149006493378001478e-04 -3.050350225011957267e-04
-2.098000011179244147e-04 0.000000000000000000e+00 4.532862787140431201e-04 3.096236743488049595e-04 -1.954530323206366189e-04 -3.461103153124802322e-04 7.414070377853445399e-04 -3.809608465504495979e-04 -1.626683311697284381e-03 1.256444708285625904e-03 -2.104939924613367919e-04 -9.759305185780461347e-04
-1.501257921131248516e-04 4.532862787140431201e-04 0.000000000000000000e+00 1.044069583266272108e-05 2.949775138228395059e-04 2.743569795025851748e-04 -5.027435582513946089e-05 -1.454561352768354670e-04 7.742750293976071200e-04 -6.660236803341139855e-04 4.457123109759430937e-04 1.480757387222098487e-04
7.022592267074528047e-05 3.096236743488049595e-04 1.044069583266272108e-05 0.000000000000000000e+00 9.166138327170594651e-05 3.033532596665079349e-04 -2.777949050214804363e-04 -4.370957463203652919e-04 4.639917551555184359e-04 -3.036368682814892203e-04 -4.804070138495923408e-04 -9.013606285442422644e-05
1.800404102042502238e-04 -1.954530323206366189e-04 2.949775138228395059e-04 9.166138327170594651e-05 0.000000000000000000e+00 5.225777138691548506e-04 -8.255538926101884290e-05 4.562901591079889202e-04 -1.495157737579865019e-03 -1.254545178604347814e-03 7.975929756077114420e-04 -6.604174502295551922e-04
-2.851754826638898464e-04 -3.461103153124802322e-04 2.743569795025851748e-04 3.033532596665079349e-04 5.225777138691548506e-04 0.000000000000000000e+00 -1.472534277835919371e-04 -4.724626999800371941e-04 -2.310892014482027711e-03 -6.604783654338755843e-04 -1.827085803193937135e-03 8.184409757361716872e-04
-5.238286383951138445e-05 7.414070377853445399e-04 -5.027435582513946089e-05 -2.777949050214804363e-04 -8.255538926101884290e-05 -1.472534277835919371e-04 0.000000000000000000e+00 6.610490531175245994e-05 -9.087327976982305356e-05 -5.284463806313418905e-04 -8.412122394607850857e-05 -5.361357762281667881e-04
1.148957065573836628e-04 -3.809608465504495979e-04 -1.454561352768354670e-04 -4.370957463203652919e-04 4.562901591079889202e-04 -4.724626999800371941e-04 6.610490531175245994e-05 0.000000000000000000e+00 -1.339990510625778473e-04 -2.109047929350633521e-04 8.078944692027720947e-04 -9.637843060354865849e-05
5.683764051762944195e-04 -1.626683311697284381e-03 7.742750293976071200e-04 4.639917551555184359e-04 -1.495157737579865019e-03 -2.310892014482027711e-03 -9.087327976982305356e-05 -1.339990510625778473e-04 0.000000000000000000e+00 -2.660684880303003635e-03 -1.987247926950336946e-03 -1.218697235431356191e-03
8.319529976349287212e-04 1.256444708285625904e-03 -6.660236803341139855e-04 -3.036368682814892203e-04 -1.254545178604347814e-03 -6.604783654338755843e-04 -5.284463806313418905e-04 -2.109047929350633521e-04 -2.660684880303003635e-03 0.000000000000000000e+00 1.678122708953392510e-03 1.061539795507984154e-03
-6.149006493378001478e-04 -2.104939924613367919e-04 4.457123109759430937e-04 -4.804070138495923408e-04 7.975929756077114420e-04 -1.827085803193937135e-03 -8.412122394607850857e-05 8.078944692027720947e-04 -1.987247926950336946e-03 1.678122708953392510e-03 0.000000000000000000e+00 -4.810179600853108734e-04
-3.050350225011957267e-04 -9.759305185780461347e-04 1.480757387222098487e-04 -9.013606285442422644e-05 -6.604174502295551922e-04 8.184409757361716872e-04 -5.361357762281667881e-04 -9.637843060354865849e-05 -1.218697235431356191e-03 1.061539795507984154e-03 -4.810179600853108734e-04 0.000000000000000000e+00
