0.000000000000000000e+00 1.009454650009937140e-04 -1.806400684966411442e-04 3.339145528923168787e-04 -3.861290414406682008e-04 -3.938565287406169276e-04 7.982031150966352809e-05 1.607757205971177474e-04 -4.406061189894331233e-04 1.025539241247061181e-03 -5.325140529294023612e-05 1.351868104900768295e-04
1.009454650009937140e-04 0.000000000000000000e+00 -3.883875803123522288e-04 -3.444811461984661994e-04 -4.150904062810849586e-04 8.594839239374996121e-04 3.128515261415472175e-04 9.440411703349915100e-04 2.700801229011191591e-03 3.880575633338719291e-04 2.583963569177752558e-03 -2.767818487341396419e-04
-1.806400684966411442e-04 -3.883875803123522288e-04 0.000000000000000000e+00 -1.166702960198855984e-04 -7.435195497931142410e-04 -1.590373399556760793e-04 -1.114777331120078442e-04 6.524727973462123541e-04 4.855197562168870815e-04 -6.782374367449988273e-04 1.421421559217648882e-04 1.715566547410119858e-04
3.339145528923168787e-04 -3.444811461984661994e-04 -1.166702960198855984e-04 0.000000000000000000e+00 -1.972214466409874338e-04 -4.029963660208872394e-04 -1.336189021213735680e-04 1.660592977565255484e-04 -5.868594488443888615e-04 6.797461863237914178e-04 3.274265004196086023e-04 -4.665821412739777586e-04
-3.861290414406682008e-04 -4.150904062810849586e-04 -7.435195497931142410e-04 -1.972214466409874338e-04 0.000000000000000000e+00 -7.650489083155592664e-05 -6.732053430487876895e-05 3.639033323623650082e-04 -1.809227231452440170e-03 1.237894806427771149e-04 -1.651082019438348397e-03 8.042883285008725625e-04
-3.938565287406169276e-04 8.594839239374996121e-04 -1.590373399556760793e-04 -4.029963660208872394e-04 -7.650489083155592664e-05 0.000000000000000000e+00 4.190168187193071673e-04 -6.599171338372310561e-05 1.351660999900589164e-03 -2.093524855985660481e-04 -4.811281832683925869e-04 -7.313554111686817235e-04
7.982031150966352809e-05 3.128515261415472175e-04 -1.114777331120078442e-04 -1.336189021213735680e-04 -6.732053430487876895e-05 4.190168187193071673e-04 0.000000000000000000e+00 4.959904637878959728e-04 -4.292627164054041292e-07 -5.713534438465099228e-04 -1.937322465943127400e-04 -4.263506221795449543e-04
1.607757205971177474e-04 9.440411703349915100e-04 6.524727973462123541e-04 1.660592977565255484e-04 3.639033323623650082e-04 -6.599171338372310561e-05 4.959904637878959728e-04 0.000000000000000000e+00 -1.249556103688745931e-03 7.235406338868204763e-04 1.846541697854259560e-03 -4.540600284804787172e-04
-4.406061189894331233e-04 2.700801229011191591e-03 4.855197562168870815e-04 -5.868594488443888615e-04 -1.809227231452440170e-03 1.351660999900589164e-03 -4.292627164054041292e-07 -1.249556103688745931e-03 0.000000000000000000e+00 6.962181283304725177e-04 2.615392142610756558e-04 1.001378825811494308e-03
1.025539241247061181e-03 3.880575633338719291e-04 -6.782374367449988273e-04 6.797461863237914178e-04 1.237894806427771149e-04 -2.093524855985660481e-04 -5.713534438465099228e-04 7.235406338868204763e-04 6.962181283304725177e-04 0.000000000000000000e+00 -1.967731671349770388e-03 -1.287279259718615543e-04
-5.325140529294023612e-05 2.583963569177752558e-03 1.421421559217648882e-04 3.274265004196086023e-04 -1.651082019438348397e-03 -4.811281832683925869e-04 -1.937322465943127400e-04 1.846541697854259560e-03 2.615392142610756558e-04 -1.967731671349770388e-03 0.000000000000000000e+00 3.884776924063901185e-04
1.351868104900768295e-04 -2.767818487341396419e-04 1.715566547410119858e-04 -4.665821412739777586e-04 8.042883285008725625e-04 -7.313554111686817235e-04 -4.263506221795449543e-04 -4.540600284804787172e-04 1.001378825811494308e-03 -1.287279259718615543e-04 3.884776924063901185e-04 0.000000000000000000e+00
