0.000000000000000000e+00 6.882465319911988113e-04 -1.200792853994853897e-04 -7.137582157221070806e-05 9.095843144962890143e-06 4.351310596630619310e-04 1.264353644489019568e-04 -1.221822417738571232e-04 1.801223041627296245e-03 -4.344977955632012517e-04 7.938042867170812342e-04 6.025877234263060786e-04
6.882465319911988113e-04 0.000000000000000000e+00 2.786033384563098422e-04 -4.182934379034759331e-04 -1.327241951910477146e-03 2.950021828832104665e-04 6.064572944612831810e-04 -1.351150096575899368e-04 1.312631616146740917e-03 -1.421459991034423713e-03 2.103016407354287975e-03 -1.928047462477743554e-04
-1.200792853994853897e-04 2.786033384563098422e-04 0.000000000000000000e+00 -4.624555037320971618e-05 -2.575932797330626059e-05 -3.350058908595321210e-04 2.031780862975477331e-04 3.771093799436328543e-04 8.578063611483021473e-04 1.903131355453861458e-04 -1.341627933566221312e-04 3.663435293725439412e-04
-7.137582157221070806e-05 -4.182934379034759331e-04 -4.624555037320971618e-05 0.000000000000000000e+00 -2.014060521325253771e-04 -1.354423068990006740e-04 -4.295666841576115179e-04 3.187857581654624634e-04 -3.511768583199326795e-04 -1.771132152311474491e-04 -3.739982844118485165e-04 2.177501627296349774e-04
9.095843144962890143e-06 -1.327241951910477146e-03 -2.575932797330626059e-05 -2.014060521325253771e-04 0.000000000000000000e+00 1.849924841988467199e-03 1.171785921074244738e-04 3.589904238315689655e-04 -1.709653229310413103e-03 -1.188398282789948157e-03 -5.078585920538745968e-04 2.189958629341146946e-04
4.351310596630619310e-04 2.950021828832104665e-04 -3.350058908595321210e-04 -1.354423068990006740e-04 1.849924841988467199e-03 0.000000000000000000e+00 -2.849830819478476967e-04 -2.299311623617464209e-04 7.463653117422533500e-04 -7.311011168323142823e-04 3.580338523305252830e-04 4.320018705200561046e-04
1.264353644489019568e-04 6.064572944612831810e-04 2.031780862975477331e-04 -4.295666841576115179e-04 1.171785921074244738e-04 -2.849830819478476967e-04 0.000000000000000000e+00 7.305727478300525738e-05 -1.407411032824771018e-03 -7.694991423854190878e-04 7.819192122380356916e-04 2.823664985993278270e-04
-1.221822417738571232e-04 -1.351150096575899368e-04 3.771093799436328543e-04 3.187857581654624634e-04 3.589904238315689655e-04 -2.299311623617464209e-04 7.305727478300525738e-05 0.000000000000000000e+00 1.300965525875055751e-04 -4.032896921235867220e-04 6.707351852303277068e-04 -2.330001319302828862e-04
1.801223041627296245e-03 1.312631616146740917e-03 8.578063611483021473e-04 -3.511768583199326795e-04 -1.709653229310413103e-03 7.463653117422533500e-04 -1.407411032824771018e-03 1.300965525875055751e-04 0.000000000000000000e+00 -4.309975339422330047e-04 -3.325760656889864639e-03 8.004340898591665900e-05
-4.344977955632012517e-04 -1.421459991034423713e-03 1.903131355453861458e-04 -1.771132152311474491e-04 -1.188398282789948157e-03 -7.311011168323142823e-04 -7.694991423854190878e-04 -4.032896921235867220e-04 -4.309975339422330047e-04 0.000000000000000000e+00 -2.059872684762679203e-03 1.661847154442322796e-03
7.938042867170812342e-04 2.103016407354287975e-03 -1.341627933566221312e-04 -3.739982844118485165e-04 -5.078585920538745968e-04 3.580338523305252830e-04 7.819192122380356916e-04 6.707351852303277068e-04 -3.325760656889864639e-03 -2.059872684762679203e-03 0.000000000000000000e+00 6.724979862346318121e-04
6.025877234263060786e-04 -1.928047462477743554e-04 3.663435293725439412e-04 2.177501627296349774e-04 2.189958629341146946e-04 4.320018705200561046e-04 2.823664985993278270e-04 -2.330001319302828862e-04 8.004340898591665900e-05 1.661847154442322796e-03 6.724979862346318121e-04 0.000000000000000000e+00
