0.000000000000000000e+00 3.781136001823711366e-03 4.540091885143136526e-04 -5.916320721149013204e-04 -1.209059465928264570e-04 1.492375496245223077e-04 6.435101614820311127e-04 -1.006532368435307306e-03 5.944757255329026534e-04 2.419842690970640958e-04 2.305211223455553692e-03 8.705949875456509739e-04
3.781136001823711366e-03 0.000000000000000000e+00 -3.509603922825098483e-03 -2.619249669902032102e-04 2.162081822398115262e-04 -3.376760780428775775e-04 8.661182900667388344e-05 2.528131713635789327e-04 -9.639470848443439446e-04 1.646123820078783731e-03 8.946029312456616226e-04 4.264414987949378131e-04
4.540091885143136526e-04 -3.509603922825098483e-03 0.000000000000000000e+00 4.744904569563381305e-05 1.976992403975992801e-04 8.231786016519276449e-04 1.480454668553554434e-05 -1.537545955877294389e-03 2.532315072743444666e-04 2.156945409660243076e-04 2.566418099244830017e-04 8.518804121733016292e-04
-5.916320721149013204e-04 -2.619249669902032102e-04 4.744904569563381305e-05 0.000000000000000000e+00 -3.233612666662609990e-06 1.282669566256399850e-04 -2.706126158244942536e-04 8.160942194521522610e-04 -7.517063613917217670e-04 -6.089576434362010526e-04 4.763389903396907121e-04 5.579120820925672215e-05
-1.209059465928264570e-04 2.162081822398115262e-04 1.976992403975992801e-04 -3.233612666662609990e-06 0.000000000000000000e+00 4.059516347685726827e-05 -1.050278806731995364e-04 -5.569043614825010431e-04 3.129859727042302040e-04 6.882480960078578877e-05 2.313479262030755179e-04 -3.242374611224571189e-04
1.492375496245223077e-04 -3.376760780428775775e-04 8.231786016519276449e-04 1.282669566256399850e-04 4.059516347685726827e-05 0.000000000000000000e+00 1.597071895610441424e-04 -8.345503773449436529e-06 2.074231997267638101e-04 -2.530408183042335678e-04 5.581319995681561239e-04 3.576141346500365855e-04
6.435101614820311127e-04 8.661182900667388344e-05 1.480454668553554434e-05 -2.706126158244942536e-04 -1.050278806731995364e-04 1.597071895610441424e-04 0.000000000000000000e+00 7.194637421976344529e-04 1.541598561979355339e-04 -8.898575050529045831e-05 -2.554360742526519856e-04 4.534942416731116768e-04
-1.006532368435307306e-03 2.528131713635789327e-04 -1.537545955877294389e-03 8.160942194521522610e-04 -5.569043614825010431e-04 -8.345503773449436529e-06 7.194637421976344529e-04 0.000000000000000000e+00 -6.490700874292043565e-04 -2.560783109285127892e-03 1.089865274925266555e-03 1.199842794238401131e-04
5.944757255329026534e-04 -9.639470848443439446e-04 2.532315072743444666e-04 -7.517063613917217670e-04 3.129859727042302040e-04 2.074231997267638101e-04 1.541598561979355339e-04 -6.490700874292043565e-04 0.000000000000000000e+00 -1.217114619900911028e-03 5.016419652024486095e-04 -2.143729087952282806e-04
2.419842690970640958e-04 1.646123820078783731e-03 2.156945409660243076e-04 -6.089576434362010526e-04 6.882480960078578877e-05 -2.530408183042335678e-04 -8.898575050529045831e-05 -2.560783109285127892e-03 -1.217114619900911028e-03 0.000000000000000000e+00 -1.235923065364303913e-03 8.625516310357978639e-04
2.305211223455553692e-03 8.946029312456616226e-04 2.566418099244830017e-04 4.763389903396907121e-04 2.313479262030755179e-04 5.581319995681561239e-04 -2.554360742526519856e-04 1.089865274925266555e-03 5.016419652024486095e-04 -1.235923065364303913e-03 0.000000000000000000e+00 -5.892220587239380700e-04
8.705949875456509739e-04 4.264414987949378131e-04 8.518804121733016292e-04 5.579120820925672215e-05 -3.242374611224571189e-04 3.576141346500365855e-04 4.534942416731116768e-04 1.199842794238401131e-04 -2.143729087952282806e-04 8.625516310357978639e-04 -5.892220587239380700e-04 0.000000000000000000e+00
