0.000000000000000000e+00 2.300832728630945560e-03 2.229639954936125674e-03 -8.539193040030495889e-04 5.428443587889012807e-05 7.191867387643803133e-04 5.829725362802634300e-04 -2.566898713726543328e-03 1.376111186841919444e-04 -2.376068433837931568e-03 1.123733783458608017e-04 -6.610550669155545783e-05
2.300832728630945560e-03 0.000000000000000000e+00 1.472754312592899212e-03 4.991336760721238686e-04 -7.845149183776619402e-04 1.209047056037560212e-03 -1.484082090905105341e-03 -1.107913487043534493e-03 -7.608063934469203819e-04 2.765898770075283630e-03 5.180952080422125726e-04 2.596008309030700028e-04
2.229639954936125674e-03 1.472754312592899212e-03 0.000000000000000000e+00 -3.178029100614290317e-06 9.900137889637353628e-04 -1.294353665444017854e-03 -1.108443919954441590e-03 3.176639164291756396e-04 3.386524590499177573e-04 -1.316546549894730697e-03 -2.210716474856496959e-05 6.377165196795424318e-04
-8.539193040030495889e-04 4.991336760721238686e-04 -3.178029100614290317e-06 0.000000000000000000e+00 -6.373637357404416098e-04 -2.078653562244429313e-04 -5.147027210484394003e-04 6.682875450573317416e-08 -3.185557179124881262e-04 -6.584479001783944373e-04 4.761909007239660411e-04 -3.495534099847174593e-04
5.428443587889012807e-05 -7.845149183776619402e-04 9.900137889637353628e-04 -6.373637357404416098e-04 0.000000000000000000e+00 4.795759772457418909e-04 -9.115437460508555982e-05 2.447318652894716240e-04 3.124736661345042885e-04 -6.292817442775154406e-05 -4.155043265209785205e-04 -3.844614136885840983e-04
7.191867387643803133e-04 1.209047056037560212e-03 -1.294353665444017854e-03 -2.078653562244429313e-04 4.795759772457418909e-04 0.000000000000000000e+00 -2.596857760878984868e-04 9.799384616982324565e-04 -8.926202098046541206e-05 1.487206337692265892e-03 3.833021671577572376e-05 -2.926802325934444197e-04
5.829725362802634300e-04 -1.484082090905105341e-03 -1.108443919954441590e-03 -5.147027210484394003e-04 -9.115437460508555982e-05 -2.596857760878984868e-04 0.000000000000000000e+00 -3.024647447476755944e-04 3.942751325819416025e-04 -6.520813109551607022e-04 2.769008328085872917e-04 1.007548204438054413e-04
-2.566898713726543328e-03 -1.107913487043534493e-03 3.176639164291756396e-04 6.682875450573317416e-08 2.447318652894716240e-04 9.799384616982324565e-04 -3.024647447476755944e-04 0.000000000000000000e+00 4.463485665183237376e-04 -7.473598731267247410e-04 1.160685448235284668e-03 8.857954234350001152e-06
1.376111186841919444e-04 -7.608063934469203819e-04 3.386524590499177573e-04 -3.185557179124881262e-04 3.124736661345042885e-04 -8.926202098046541206e-05 3.942751325819416025e-04 4.463485665183237376e-04 0.000000000000000000e+00 1.030452219155853465e-03 2.444808700831269024e-04 -1.093246136057661213e-05
-2.376068433837931568e-03 2.765898770075283630e-03 -1.316546549894730697e-03 -6.584479001783944373e-04 -6.292817442775154406e-05 1.487206337692265892e-03 -6.520813109551607022e-04 -7.473598731267247410e-04 1.030452219155853465e-03 0.000000000000000000e+00 -5.068172480462292909e-04 -2.327473529933803749e-04
1.123733783458608017e-04 5.180952080422125726e-04 -2.210716474856496959e-05 4.761909007239660411e-04 -4.155043265209785205e-04 3.833021671577572376e-05 2.769008328085872917e-04 1.160685448235284668e-03 2.444808700831269024e-04 -5.068172480462292909e-04 0.000000000000000000e+00 -1.557975011254935315e-04
-6.610550669155545783e-05 2.596008309030700028e-04 6.377165196795424318e-04 -3.495534099847174593e-04 -3.844614136885840983e-04 -2.926802325934444197e-04 1.007548204438054413e-04 8.857954234350001152e-06 -1.093246136057661213e-05 -2.327473529933803749e-04 -1.557975011254935315e-04 0.000000000000000000e+00
