0.000000000000000000e+00 4.205261288913558185e-04 1.446426217312628834e-03 -3.751430344478721090e-04 -1.235672651678106169e-03 6.890369653285279092e-04 1.860566990405848731e-05 -9.482437015342825778e-04 -3.953508036242020019e-04 -9.115040428217722167e-04 -1.112376979952018393e-03 6.095342128038546249e-04
4.205261288913558185e-04 0.000000000000000000e+00 -1.004736103539329234e-03 -1.644446188054055167e-04 -5.837533784089592300e-04 -1.002137318910805049e-03 -4.502972783872414837e-04 1.855374206358149447e-03 -8.544966810258877005e-06 -2.693926336460894001e-03 -8.359993471415968569e-04 9.772894835781606969e-04
1.446426217312628834e-03 -1.004736103539329234e-03 0.000000000000000000e+00 3.356472077793682621e-04 5.078850444648278905e-04 5.051815283696577596e-04 -1.193307780527332550e-04 -2.044496256849827678e-03 6.780837087073576710e-04 -1.358195872640627702e-03 -5.967550505713846735e-04 6.235687336498432591e-04
-3.751430344478721090e-04 -1.644446188054055167e-04 3.356472077793682621e-04 0.000000000000000000e+00 1.636877831691711772e-05 4.360095358336756673e-04 3.542301894745792843e-04 7.259003576910612581e-04 3.338143367812169949e-04 2.791017501931232492e-04 -3.877386162143209368e-04 1.637128567899815671e-04
-1.235672651678106169e-03 -5.837533784089592300e-04 5.078850444648278905e-04 1.636877831691711772e-05 0.000000000000000000e+00 3.204427308035620809e-04 -6.011213680075335922e-05 6.897640976318807342e-05 -5.057669739490752069e-05 -6.882563994169262284e-04 -5.210451890238513567e-06 -2.571217293235698192e-04
6.890369653285279092e-04 -1.002137318910805049e-03 5.051815283696577596e-04 4.360095358336756673e-04 3.204427308035620809e-04 0.000000000000000000e+00 -3.996709687197292976e-04 8.768053943890999694e-04 -4.432547514514325682e-04 8.260013372507287897e-04 -4.482517703203419530e-04 -2.359946688650613232e-04
1.860566990405848731e-05 -4.502972783872414837e-04 -1.193307780527332550e-04 3.542301894745792843e-04 -6.011213680075335922e-05 -3.996709687197292976e-04 0.000000000000000000e+00 -6.886739564114559981e-04 1.731417100347721629e-04 -3.711191210690488788e-04 6.940024439678210168e-05 8.039458950858112372e-06
-9.482437015342825778e-04 1.855374206358149447e-03 -2.044496256849827678e-03 7.259003576910612581e-04 6.897640976318807342e-05 8.768053943890999694e-04 -6.886739564114559981e-04 0.000000000000000000e+00 -7.128450595754428146e-04 2.726456134755640389e-04 2.198610894881619312e-04 1.779825885464900040e-04
-3.953508036242020019e-04 -8.544966810258877005e-06 6.780837087073576710e-04 3.338143367812169949e-04 -5.057669739490752069e-05 -4.432547514514325682e-04 1.731417100347721629e-04 -7.128450595754428146e-04 0.000000000000000000e+00 7.403801344265762167e-04 -5.998535952426467082e-05 1.470451606365271639e-04
-9.115040428217722167e-04 -2.693926336460894001e-03 -1.358195872640627702e-03 2.791017501931232492e-04 -6.882563994169262284e-04 8.260013372507287897e-04 -3.711191210690488788e-04 2.726456134755640389e-04 7.403801344265762167e-04 0.000000000000000000e+00 7.205039185765033235e-04 1.791624560863100662e-04
-1.112376979952018393e-03 -8.359993471415968569e-04 -5.967550505713846735e-04 -3.877386162143209368e-04 -5.210451890238513567e-06 -4.482517703203419530e-04 6.940024439678210168e-05 2.198610894881619312e-04 -5.998535952426467082e-05 7.205039185765033235e-04 0.000000000000000000e+00 3.093361465401212452e-04
6.095342128038546249e-04 9.772894835781606969e-04 6.235687336498432591e-04 1.637128567899815671e-04 -2.571217293235698192e-04 -2.359946688650613232e-04 8.039458950858112372e-06 1.779825885464900040e-04 1.470451606365271639e-04 1.791624560863100662e-04 3.093361465401212452e-04 0.000000000000000000e+00
