0.000000000000000000e+00 7.326916107191818730e-04 -9.745602752949290718e-04 -7.938700812543437622e-04 -6.027276406606566373e-04 -5.198496898420294906e-04 2.069840519849039395e-04 1.788581648924586400e-03 -3.179003318492218508e-04 -2.770040740694969424e-03 1.437589735358402393e-03 7.100433243253452987e-05
7.326916107191818730e-04 0.000000000000000000e+00 -2.494166280831546737e-03 -1.368829323936134436e-03 3.736246915348214576e-04 1.946588464409889198e-04 -1.558078584147376967e-04 -1.951018165173040286e-03 -1.470146382246435162e-04 8.601831737466540955e-05 -5.635758084071691926e-04 -5.870410861293807060e-04
-9.745602752949290718e-04 -2.494166280831546737e-03 0.000000000000000000e+00 -2.315468822983970032e-04 5.142273414475619780e-04 1.284921212286946335e-03 3.586160871336283528e-04 1.950845348496027271e-03 -7.721869017327803736e-06 -3.094981715106220888e-03 -7.607381371702965581e-04 3.252630660264086847e-04
-7.938700812543437622e-04 -1.368829323936134436e-03 -2.315468822983970032e-04 0.000000000000000000e+00 -5.480755892983795981e-04 4.369739282405391261e-04 3.081387267453101543e-04 9.011834536724815342e-05 5.396254009610077342e-04 3.720965394517432409e-04 1.437237790119258651e-05 2.485697269208452117e-04
-6.027276406606566373e-04 3.736246915348214576e-04 5.142273414475619780e-04 -5.480755892983795981e-04 0.000000000000000000e+00 -1.013341908489585332e-04 -1.103569106120688481e-04 -5.138765998607668778e-04 2.316052422385695244e-04 -3.608472331388658477e-05 -1.324891391409046475e-04 -1.559295768564952333e-04
-5.198496898420294906e-04 1.946588464409889198e-04 1.284921212286946335e-03 4.369739282405391261e-04 -1.013341908489585332e-04 0.000000000000000000e+00 2.197582086446224793e-05 -3.719399071337278393e-04 5.721249751175780732e-04 3.738746255523145434e-04 -4.902873386176840806e-04 -1.774597755257118013e-04
2.069840519849039395e-04 -1.558078584147376967e-04 3.586160871336283528e-04 3.081387267453101543e-04 -1.103569106120688481e-04 2.197582086446224793e-05 0.000000000000000000e+00 1.020667696402547016e-03 -2.593996254059029020e-04 9.368268544850238402e-04 -4.091532617652744318e-04 1.114958670441901228e-04
1.788581648924586400e-03 -1.951018165173040286e-03 1.950845348496027271e-03 9.011834536724815342e-05 -5.138765998607668778e-04 -3.719399071337278393e-04 1.020667696402547016e-03 0.000000000000000000e+00 1.266255478405898906e-05 2.572830582273344900e-04 7.527086918104410366e-05 2.289189976146683843e-05
-3.179003318492218508e-04 -1.470146382246435162e-04 -7.721869017327803736e-06 5.396254009610077342e-04 2.316052422385695244e-04 5.721249751175780732e-04 -2.593996254059029020e-04 1.266255478405898906e-05 0.000000000000000000e+00 1.064297218237524696e-03 6.939231900370892991e-04 3.052344968581723202e-04
-2.770040740694969424e-03 8.601831737466540955e-05 -3.094981715106220888e-03 3.720965394517432409e-04 -3.608472331388658477e-05 3.738746255523145434e-04 9.368268544850238402e-04 2.572830582273344900e-04 1.064297218237524696e-03 0.000000000000000000e+00 -1.149927221319419629e-03 5.065607188716726673e-04
1.437589735358402393e-03 -5.635758084071691926e-04 -7.607381371702965581e-04 1.437237790119258651e-05 -1.324891391409046475e-04 -4.902873386176840806e-04 -4.091532617652744318e-04 7.527086918104410366e-05 6.939231900370892991e-04 -1.149927221319419629e-03 0.000000000000000000e+00 -3.614117698635876063e-04
7.100433243253452987e-05 -5.870410861293807060e-04 3.252630660264086847e-04 2.485697269208452117e-04 -1.559295768564952333e-04 -1.774597755257118013e-04 1.114958670441901228e-04 2.289189976146683843e-05 3.052344968581723202e-04 5.065607188716726673e-04 -3.614117698635876063e-04 0.000000000000000000e+00
