0.000000000000000000e+00 -5.575218711176359830e-04 8.210902981790576313e-05 -2.833728797734509186e-04 3.281906224302553543e-04 5.923983067620720860e-05 -1.076585019082646833e-03 -4.844056673791661801e-04 1.249239317316454604e-04 -3.246420218237689066e-04 -2.166703945163856490e-04 -4.739843087011744258e-04
-5.575218711176359830e-04 0.000000000000000000e+00 3.758662299306498873e-05 -2.668605169046097758e-04 -3.265828119802449887e-04 5.721631295591060552e-04 8.387520301315850614e-04 -1.495211412882136391e-04 4.128569629353967497e-04 1.018432205862098719e-05 5.961555427041575605e-04 -1.054962776025642618e-03
8.210902981790576313e-05 3.758662299306498873e-05 0.000000000000000000e+00 3.899433164275520379e-04 2.302927717090117669e-04 3.992356796281976410e-04 4.058009711682708542e-04 3.315506020822473485e-04 2.752499927719495349e-04 1.037944689367248759e-04 -2.116083664619824610e-04 -7.472888815750788655e-05
-2.833728797734509186e-04 -2.668605169046097758e-04 3.899433164275520379e-04 0.000000000000000000e+00 -3.310299476958693081e-04 6.245246650854497121e-04 -9.237257379444570294e-05 6.347836934108405573e-04 -2.843580446198716713e-04 -3.442545446501474120e-04 4.265149810904246834e-04 -6.367550890330067950e-04
3.281906224302553543e-04 -3.265828119802449887e-04 2.302927717090117669e-04 -3.310299476958693081e-04 0.000000000000000000e+00 6.778265936166748837e-04 9.153464356056685482e-04 6.716973742770721608e-05 5.821266172686911065e-04 -3.454486231908848455e-04 3.245602214738704892e-04 1.083108227211063493e-03
5.923983067620720860e-05 5.721631295591060552e-04 3.992356796281976410e-04 6.245246650854497121e-04 6.778265936166748837e-04 0.000000000000000000e+00 1.243945586190159987e-03 -7.812132931223773934e-04 -3.773455030372003952e-04 -4.526530534702460982e-05 2.532181340307183143e-03 1.379321386912631033e-03
-1.076585019082646833e-03 8.387520301315850614e-04 4.058009711682708542e-04 -9.237257379444570294e-05 9.153464356056685482e-04 1.243945586190159987e-03 0.000000000000000000e+00 1.048614820678464815e-04 -3.928076314907760747e-04 -1.552180925860627107e-03 -2.084685147942581980e-03 2.103958838188128670e-03
-4.844056673791661801e-04 -1.495211412882136391e-04 3.315506020822473485e-04 6.347836934108405573e-04 6.716973742770721608e-05 -7.812132931223773934e-04 1.048614820678464815e-04 0.000000000000000000e+00 9.886258276160394230e-04 5.644398170192972903e-04 -3.081299222300850271e-04 -8.711952514559202776e-04
1.249239317316454604e-04 4.128569629353967497e-04 2.752499927719495349e-04 -2.843580446198716713e-04 5.821266172686911065e-04 -3.773455030372003952e-04 -3.928076314907760747e-04 9.886258276160394230e-04 0.000000000000000000e+00 -2.270489076774940781e-04 7.032265647525557479e-04 -1.617427170204797579e-03
-3.246420218237689066e-04 1.018432205862098719e-05 1.037944689367248759e-04 -3.442545446501474120e-04 -3.454486231908848455e-04 -4.526530534702460982e-05 -1.552180925860627107e-03 5.644398170192972903e-04 -2.270489076774940781e-04 0.000000000000000000e+00 3.551376800550082899e-04 1.576608236597480716e-03
-2.166703945163856490e-04 5.961555427041575605e-04 -2.116083664619824610e-04 4.265149810904246834e-04 3.245602214738704892e-04 2.532181340307183143e-03 -2.084685147942581980e-03 -3.081299222300850271e-04 7.032265647525557479e-04 3.551376800550082899e-04 0.000000000000000000e+00 -3.604988744781356322e-04
-4.739843087011744258e-04 -1.054962776025642618e-03 -7.472888815750788655e-05 -6.367550890330067950e-04 1.083108227211063493e-03 1.379321386912631033e-03 2.103958838188128670e-03 -8.711952514559202776e-04 -1.617427170204797579e-03 1.576608236597480716e-03 -3.604988744781356322e-04 0.000000000000000000e+00
