0.000000000000000000e+00 1.252164508915769119e-04 -1.240973966610129631e-05 -4.265703331275783419e-04 -2.576488335091038208e-06 2.512813813060543397e-04 9.714484478815200389e-04 -2.432786043887645241e-04 6.337186884142518390e-04 1.332116423162393360e-04 7.108399094883081264e-04 2.909224456069925595e-05
1.252164508915769119e-04 0.000000000000000000e+00 -2.733205760471911949e-04 -2.854638785235667883e-04 1.789317976550782309e-04 1.918529643740067906e-04 -6.718323212778713055e-04 4.383389060326328473e-04 6.979872866552728258e-04 1.938890481793574354e-04 -6.173671690598442081e-04 7.732583885374903505e-04
-1.240973966610129631e-05 -2.733205760471911949e-04 0.000000000000000000e+00 -1.315333359586510922e-04 3.005515060885115687e-04 6.001554548918595347e-04 -9.290094246456361005e-04 8.360328284545411959e-04 -3.482308051360415960e-04 8.608349127036437742e-05 4.457323975619803058e-04 -2.139415166946611138e-04
-4.265703331275783419e-04 -2.854638785235667883e-04 -1.315333359586510922e-04 0.000000000000000000e+00 4.244619731223778724e-04 7.149919045283184560e-04 1.004542237892326259e-03 -1.042133458474438635e-04 -8.399990922227708887e-04 -3.369590680761832104e-04 -4.209652695337191071e-04 8.359962052193725115e-04
-2.576488335091038208e-06 1.789317976550782309e-04 3.005515060885115687e-04 4.244619731223778724e-04 0.000000000000000000e+00 -7.214286151149841000e-04 -4.655076708162317594e-04 -6.059977683443186621e-04 -1.700217518743207422e-04 4.654841968323722369e-04 1.543075794070425117e-04 -6.421439164409056604e-04
2.512813813060543397e-04 1.918529643740067906e-04 6.001554548918595347e-04 7.149919045283184560e-04 -7.214286151149841000e-04 0.000000000000000000e+00 -1.896829191197128492e-03 1.354571662499559062e-03 1.266708143760974061e-04 6.464986893574312891e-04 1.489096903519346229e-03 2.822377985419532477e-03
9.714484478815200389e-04 -6.718323212778713055e-04 -9.290094246456361005e-04 1.004542237892326259e-03 -4.655076708162317594e-04 -1.896829191197128492e-03 0.000000000000000000e+00 -1.734885849956231728e-03 1.514163954120202778e-03 3.832772022112496536e-04 1.111526316431246490e-03 2.841941127936721719e-03
-2.432786043887645241e-04 4.383389060326328473e-04 8.360328284545411959e-04 -1.042133458474438635e-04 -6.059977683443186621e-04 1.354571662499559062e-03 -1.734885849956231728e-03 0.000000000000000000e+00 -2.882276065482082560e-04 -3.337668598994812533e-04 -6.306229413472619208e-04 1.319017933082196380e-03
6.337186884142518390e-04 6.979872866552728258e-04 -3.482308051360415960e-04 -8.399990922227708887e-04 -1.700217518743207422e-04 1.266708143760974061e-04 1.514163954120202778e-03 -2.882276065482082560e-04 0.000000000000000000e+00 -7.180916840660120804e-05 -1.021056156666734710e-04 -1.657556423053103316e-03
1.332116423162393360e-04 1.938890481793574354e-04 8.608349127036437742e-05 -3.369590680761832104e-04 4.654841968323722369e-04 6.464986893574312891e-04 3.832772022112496536e-04 -3.337668598994812533e-04 -7.180916840660120804e-05 0.000000000000000000e+00 1.350310112004019360e-04 -1.339185106425264748e-06
7.108399094883081264e-04 -6.173671690598442081e-04 4.457323975619803058e-04 -4.209652695337191071e-04 1.543075794070425117e-04 1.489096903519346229e-03 1.111526316431246490e-03 -6.306229413472619208e-04 -1.021056156666734710e-04 1.350310112004019360e-04 0.000000000000000000e+00 -5.857068503896630581e-04
2.909224456069925595e-05 7.732583885374903505e-04 -2.139415166946611138e-04 8.359962052193725115e-04 -6.421439164409056604e-04 2.822377985419532477e-03 2.841941127936721719e-03 1.319017933082196380e-03 -1.657556423053103316e-03 -1.339185106425264748e-06 -5.857068503896630581e-04 0.000000000000000000e+00
