0.000000000000000000e+00 7.353264437237095903e-05 1.746603636818036374e-05 -4.634424223633343829e-05 3.909521681625123643e-05 -4.960326363190859476e-04 7.654813767754249177e-04 9.678272793683085858e-05 -5.294505397065688186e-04 7.251769876768020360e-05 1.011203099565509281e-03 2.975142899046554824e-04
7.353264437237095903e-05 0.000000000000000000e+00 -1.246609893696381456e-05 1.828162021263047676e-04 -1.672230851501252673e-04 -9.264565076954569178e-05 -6.503299686252651205e-04 -2.215896255760456185e-04 -9.960365271592160757e-04 1.315906654622443425e-04 1.131000431139581345e-04 9.423899172489610769e-05
1.746603636818036374e-05 -1.246609893696381456e-05 0.000000000000000000e+00 -3.931715086455284136e-05 4.035521400203862647e-05 4.592046144185781388e-04 4.711458557399571560e-04 -3.000173909342880585e-04 4.705383067957579608e-05 1.997723546045869025e-04 -1.265728572124515279e-04 -8.420706388451328203e-04
-4.634424223633343829e-05 1.828162021263047676e-04 -3.931715086455284136e-05 0.000000000000000000e+00 -2.627443117505525957e-04 -4.199074904158256417e-04 4.838438042524661879e-04 -4.413145306722290027e-05 5.725284290983267401e-04 2.925057725320642649e-05 7.317892029039892339e-05 -4.765273104268728192e-04
3.909521681625123643e-05 -1.672230851501252673e-04 4.035521400203862647e-05 -2.627443117505525957e-04 0.000000000000000000e+00 -8.429361099065477245e-05 1.092728284561534985e-03 -3.270600795818712333e-05 3.620889021965307468e-04 -3.130477005594975654e-04 -1.163681836389067557e-04 7.621479075441078095e-04
-4.960326363190859476e-04 -9.264565076954569178e-05 4.592046144185781388e-04 -4.199074904158256417e-04 -8.429361099065477245e-05 0.000000000000000000e+00 -2.013560511073714341e-03 -9.005999927656258659e-04 -4.403762515161157415e-04 -5.247315902476443411e-04 9.998174464716496485e-04 -2.061342434285775172e-03
7.654813767754249177e-04 -6.503299686252651205e-04 4.711458557399571560e-04 4.838438042524661879e-04 1.092728284561534985e-03 -2.013560511073714341e-03 0.000000000000000000e+00 -9.080872919207765275e-04 -6.185886147891601124e-04 9.219377014650388929e-04 -2.528671050582728674e-03 1.400142090501557040e-03
9.678272793683085858e-05 -2.215896255760456185e-04 -3.000173909342880585e-04 -4.413145306722290027e-05 -3.270600795818712333e-05 -9.005999927656258659e-04 -9.080872919207765275e-04 0.000000000000000000e+00 -1.067946225307646628e-03 1.325768606117371472e-04 -1.040076929562431174e-03 1.798250931328008572e-03
-5.294505397065688186e-04 -9.960365271592160757e-04 4.705383067957579608e-05 5.725284290983267401e-04 3.620889021965307468e-04 -4.403762515161157415e-04 -6.185886147891601124e-04 -1.067946225307646628e-03 0.000000000000000000e+00 3.920667128810598439e-04 -1.333128997586160861e-03 -2.001164676053417829e-03
7.251769876768020360e-05 1.315906654622443425e-04 1.997723546045869025e-04 2.925057725320642649e-05 -3.130477005594975654e-04 -5.247315902476443411e-04 9.219377014650388929e-04 1.325768606117371472e-04 3.920667128810598439e-04 0.000000000000000000e+00 -7.239051128652549587e-04 -2.275299414994834337e-04
1.011203099565509281e-03 1.131000431139581345e-04 -1.265728572124515279e-04 7.317892029039892339e-05 -1.163681836389067557e-04 9.998174464716496485e-04 -2.528671050582728674e-03 -1.040076929562431174e-03 -1.333128997586160861e-03 -7.239051128652549587e-04 0.000000000000000000e+00 3.053895217527877702e-03
2.975142899046554824e-04 9.423899172489610769e-05 -8.420706388451328203e-04 -4.765273104268728192e-04 7.621479075441078095e-04 -2.061342434285775172e-03 1.400142090501557040e-03 1.798250931328008572e-03 -2.001164676053417829e-03 -2.275299414994834337e-04 3.053895217527877702e-03 0.000000000000000000e+00
