0.000000000000000000e+00 1.003060286939909884e-04 1.228497140678421438e-04 7.090450833140512403e-04 6.426892481654364418e-04 -4.915603354819291187e-05 -6.720694608143861805e-04 -4.617579550113890116e-04 -2.563932253527139707e-04 -1.198907643826413493e-04 -2.038132867477929721e-04 -3.688788502351242229e-04
1.003060286939909884e-04 0.000000000000000000e+00 -3.613966363537183570e-04 4.969105093900961145e-04 -3.578675053214434290e-04 -3.508184275425702773e-04 -2.956942431685531019e-04 1.140132779852982809e-04 -4.064343824035885635e-04 -7.584102862344511238e-04 -2.094506141845502866e-05 2.985075465108170630e-04
1.228497140678421438e-04 -3.613966363537183570e-04 0.000000000000000000e+00 -1.443388070265874734e-05 4.502821501482440268e-04 -1.785234884462422048e-04 -4.382112264256152190e-04 -2.278503529750918724e-04 8.318942228017797529e-04 8.798178703330380296e-04 -1.146780783335850200e-03 3.983234924506519402e-04
7.090450833140512403e-04 4.969105093900961145e-04 -1.443388070265874734e-05 0.000000000000000000e+00 -2.345425337530722225e-05 8.686767512550986866e-04 8.154548517875588511e-04 -5.349849448524334481e-04 -2.762260609843474653e-03 -3.072412711968790407e-03 -1.800825892777164951e-03 1.695438231900941198e-05
6.426892481654364418e-04 -3.578675053214434290e-04 4.502821501482440268e-04 -2.345425337530722225e-05 0.000000000000000000e+00 -2.994851683581004607e-04 -2.993725127814815621e-04 -4.697177190476519077e-04 -1.111639501277346658e-03 1.906706678050669305e-04 -1.093127423611668257e-03 -4.390290261985705083e-04
-4.915603354819291187e-05 -3.508184275425702773e-04 -1.785234884462422048e-04 8.686767512550986866e-04 -2.994851683581004607e-04 0.000000000000000000e+00 -2.192415901362389317e-04 1.132617465864914260e-05 5.692274015793253961e-06 -5.680804886749823111e-04 -2.468796130183199293e-05 1.899455757978464534e-04
-6.720694608143861805e-04 -2.956942431685531019e-04 -4.382112264256152190e-04 8.154548517875588511e-04 -2.993725127814815621e-04 -2.192415901362389317e-04 0.000000000000000000e+00 8.418702600372866135e-04 -3.165453305330522514e-03 8.970931358257896191e-05 2.142953810618682380e-03 1.435674677330229837e-04
-4.617579550113890116e-04 1.140132779852982809e-04 -2.278503529750918724e-04 -5.349849448524334481e-04 -4.697177190476519077e-04 1.132617465864914260e-05 8.418702600372866135e-04 0.000000000000000000e+00 -1.085172708010075397e-03 1.397961245423303724e-03 7.152571041532949968e-05 -6.871062347537379780e-04
-2.563932253527139707e-04 -4.064343824035885635e-04 8.318942228017797529e-04 -2.762260609843474653e-03 -1.111639501277346658e-03 5.692274015793253961e-06 -3.165453305330522514e-03 -1.085172708010075397e-03 0.000000000000000000e+00 -4.229495630101531389e-04 1.476886187657265983e-03 3.485760755497068083e-04
-1.198907643826413493e-04 -7.584102862344511238e-04 8.798178703330380296e-04 -3.072412711968790407e-03 1.906706678050669305e-04 -5.680804886749823111e-04 8.970931358257896191e-05 1.397961245423303724e-03 -4.229495630101531389e-04 0.000000000000000000e+00 -1.034719323088789146e-03 5.851173279196344957e-04
-2.038132867477929721e-04 -2.094506141845502866e-05 -1.146780783335850200e-03 -1.800825892777164951e-03 -1.093127423611668257e-03 -2.468796130183199293e-05 2.142953810618682380e-03 7.152571041532949968e-05 1.476886187657265983e-03 -1.034719323088789146e-03 0.000000000000000000e+00 -2.191401139160108398e-04
-3.688788502351242229e-04 2.985075465108170630e-04 3.983234924506519402e-04 1.695438231900941198e-05 -4.390290261985705083e-04 1.899455757978464534e-04 1.435674677330229837e-04 -6.871062347537379780e-04 3.485760755497068083e-04 5.851173279196344957e-04 -2.191401139160108398e-04 0.000000000000000000e+00
