0.000000000000000000e+00 -2.176851343786227180e-04 -9.412504173112313903e-05 6.632024593079473588e-04 -2.004255833495092206e-04 -3.374818111187026840e-05 -7.540858149906445656e-04 -3.637486422970471469e-04 -1.112568203192548268e-03 7.198963478710357225e-04 -2.151311040929034294e-04 5.081478172457213038e-05
-2.176851343786227180e-04 0.000000000000000000e+00 -1.168435515330042775e-04 4.923681397306236369e-04 4.836627615604268001e-04 5.335733355487411116e-06 -2.401545943590754570e-04 5.164522060317361136e-05 5.916884592214581053e-04 -1.561576409648003357e-04 6.249404233496638544e-04 -1.424646604056655614e-04
-9.412504173112313903e-05 -1.168435515330042775e-04 0.000000000000000000e+00 -9.035591769448842684e-04 7.253050952831524437e-04 2.992590754929617784e-04 2.755559516820197297e-04 8.359023111729072322e-04 -1.281804376099965294e-03 -7.712453847131393219e-04 4.034102994465961424e-04 2.950153239754067981e-05
6.632024593079473588e-04 4.923681397306236369e-04 -9.035591769448842684e-04 0.000000000000000000e+00 5.332626312626431286e-04 -1.886889487537579365e-04 1.075669454954322063e-03 -1.118240858505716983e-03 -1.057766342476714654e-03 -2.285592309918489228e-03 -1.247883358177509332e-03 -8.759161584512921471e-04
-2.004255833495092206e-04 4.836627615604268001e-04 7.253050952831524437e-04 5.332626312626431286e-04 0.000000000000000000e+00 -2.076340635614797806e-04 -1.186238206209624919e-04 4.711654711988829780e-04 -3.750953022293568697e-04 1.421344260306886239e-04 5.838151865438037804e-05 4.120437338806990616e-04
-3.374818111187026840e-05 5.335733355487411116e-06 2.992590754929617784e-04 -1.886889487537579365e-04 -2.076340635614797806e-04 0.000000000000000000e+00 1.924634959051860054e-04 3.113884140400350665e-04 2.463496091331159456e-04 3.169306062432573938e-05 4.393244055840398203e-04 5.890606085712229441e-05
-7.540858149906445656e-04 -2.401545943590754570e-04 2.755559516820197297e-04 1.075669454954322063e-03 -1.186238206209624919e-04 1.924634959051860054e-04 0.000000000000000000e+00 9.591575265660216669e-04 -1.393717005305528849e-03 1.719640238654991746e-03 -2.345769557729459557e-03 3.861665254560519493e-04
-3.637486422970471469e-04 5.164522060317361136e-05 8.359023111729072322e-04 -1.118240858505716983e-03 4.711654711988829780e-04 3.113884140400350665e-04 9.591575265660216669e-04 0.000000000000000000e+00 6.410752667514286280e-04 1.426504713579680630e-04 7.368988640536025840e-04 3.790173004606042388e-06
-1.112568203192548268e-03 5.916884592214581053e-04 -1.281804376099965294e-03 -1.057766342476714654e-03 -3.750953022293568697e-04 2.463496091331159456e-04 -1.393717005305528849e-03 6.410752667514286280e-04 0.000000000000000000e+00 -2.371440631302751227e-03 -4.116021583062057302e-05 3.293375749329448070e-04
7.198963478710357225e-04 -1.561576409648003357e-04 -7.712453847131393219e-04 -2.285592309918489228e-03 1.421344260306886239e-04 3.169306062432573938e-05 1.719640238654991746e-03 1.426504713579680630e-04 -2.371440631302751227e-03 0.000000000000000000e+00 -1.552677041018578862e-03 9.716193963786508856e-05
-2.151311040929034294e-04 6.249404233496638544e-04 4.034102994465961424e-04 -1.247883358177509332e-03 5.838151865438037804e-05 4.393244055840398203e-04 -2.345769557729459557e-03 7.368988640536025840e-04 -4.116021583062057302e-05 -1.552677041018578862e-03 0.000000000000000000e+00 -4.076594784769310307e-04
5.081478172457213038e-05 -1.424646604056655614e-04 2.950153239754067981e-05 -8.759161584512921471e-04 4.120437338806990616e-04 5.890606085712229441e-05 3.861665254560519493e-04 3.790173004606042388e-06 3.293375749329448070e-04 9.716193963786508856e-05 -4.076594784769310307e-04 0.000000000000000000e+00
