0.000000000000000000e+00 -2.496628011840919931e-04 -5.702691553415052683e-04 -1.198520539875034228e-03 -1.223573905600157190e-04 1.741517757769265782e-04 -3.070582237622438955e-04 -5.312318604003324254e-04 -8.595747350614178686e-04 -1.997931800908377532e-04 1.126602605756134908e-03 1.374021310754835394e-04
-2.496628011840919931e-04 0.000000000000000000e+00 5.343649535575888555e-04 8.857905728543813504e-04 -4.263762011495976414e-04 -1.894595300223334531e-04 9.278476008581839360e-04 -2.877939134121828050e-04 3.007639621825609010e-04 -4.044271466896000918e-04 -7.816292972519306914e-04 3.164697746183849471e-04
-5.702691553415052683e-04 5.343649535575888555e-04 0.000000000000000000e+00 -1.381664581994065683e-03 2.658852125636137847e-04 -2.550248010288547068e-05 9.512272429237290570e-05 -5.714496180815083074e-04 -5.573903457795752756e-04 1.497606980883276254e-04 -9.719202129485285261e-04 2.124939621528677814e-04
-1.198520539875034228e-03 8.857905728543813504e-04 -1.381664581994065683e-03 0.000000000000000000e+00 -1.099619639970927844e-03 7.129502133333480126e-04 -2.257122354214565960e-03 8.893001304234346253e-04 -1.544202157350244107e-03 2.746956033436914746e-03 -2.646258920677126408e-03 5.965982438517061304e-04
-1.223573905600157190e-04 -4.263762011495976414e-04 2.658852125636137847e-04 -1.099619639970927844e-03 0.000000000000000000e+00 1.678804372090439781e-04 2.891603184852860526e-04 3.730578372307225650e-04 -1.513335203423089772e-03 6.970566132316644925e-04 -1.964928002489805408e-04 1.604894352839128513e-04
1.741517757769265782e-04 -1.894595300223334531e-04 -2.550248010288547068e-05 7.129502133333480126e-04 1.678804372090439781e-04 0.000000000000000000e+00 3.080283937828847307e-04 -3.956633132265878787e-04 -2.386154649408737699e-04 7.168169661196245167e-04 -3.529795090820186834e-04 2.661022032665217728e-04
-3.070582237622438955e-04 9.278476008581839360e-04 9.512272429237290570e-05 -2.257122354214565960e-03 2.891603184852860526e-04 3.080283937828847307e-04 0.000000000000000000e+00 3.120059342152256511e-04 3.546302203303006601e-05 -6.088869410604331360e-04 -1.746212084999949812e-03 -4.734174459520085676e-04
-5.312318604003324254e-04 -2.877939134121828050e-04 -5.714496180815083074e-04 8.893001304234346253e-04 3.730578372307225650e-04 -3.956633132265878787e-04 3.120059342152256511e-04 0.000000000000000000e+00 -2.288897390387579763e-04 -4.556163699292959052e-04 2.231286918768627498e-04 -3.933240381932328277e-04
-8.595747350614178686e-04 3.007639621825609010e-04 -5.573903457795752756e-04 -1.544202157350244107e-03 -1.513335203423089772e-03 -2.386154649408737699e-04 3.546302203303006601e-05 -2.288897390387579763e-04 0.000000000000000000e+00 -1.239422995887969970e-03 -2.762414495533639658e-03 -4.184527029518217357e-04
-1.997931800908377532e-04 -4.044271466896000918e-04 1.497606980883276254e-04 2.746956033436914746e-03 6.970566132316644925e-04 7.168169661196245167e-04 -6.088869410604331360e-04 -4.556163699292959052e-04 -1.239422995887969970e-03 0.000000000000000000e+00 -1.028518410441380069e-03 3.853952955459423934e-04
1.126602605756134908e-03 -7.816292972519306914e-04 -9.719202129485285261e-04 -2.646258920677126408e-03 -1.964928002489805408e-04 -3.529795090820186834e-04 -1.746212084999949812e-03 2.231286918768627498e-04 -2.762414495533639658e-03 -1.028518410441380069e-03 0.000000000000000000e+00 -2.015867729977229234e-04
1.374021310754835394e-04 3.164697746183849471e-04 2.124939621528677814e-04 5.965982438517061304e-04 1.604894352839128513e-04 2.661022032665217728e-04 -4.734174459520085676e-04 -3.933240381932328277e-04 -4.184527029518217357e-04 3.853952955459423934e-04 -2.015867729977229234e-04 0.000000000000000000e+00
