0.000000000000000000e+00 -1.497457557271353410e-04 -3.997074626218710550e-04 4.029641052111889495e-04 6.779112581650270164e-04 5.420493843121216909e-04 -8.181955191472560225e-05 -2.004040671888759645e-04 1.373556241001567830e-04 3.340422496940157870e-04 7.638781770090791136e-04 -1.225535895275992699e-03
-1.497457557271353410e-04 0.000000000000000000e+00 -2.347024964667537654e-04 4.927759041269025070e-05 4.506139951438152055e-06 -7.821163780372289529e-05 4.777715449643435528e-04 4.039805622995901006e-04 -2.248335027383532197e-05 -2.899210796908651853e-04 5.648174659643480627e-04 -2.536002186047403594e-04
-3.997074626218710550e-04 -2.347024964667537654e-04 0.000000000000000000e+00 -2.826385079075104155e-04 7.088253890911800422e-05 -4.143185065028111009e-04 -6.630200187329510133e-05 1.026369641215756366e-04 4.411787913147248701e-04 7.757147115746509209e-04 4.755608966207465011e-05 -1.305557731971457129e-03
4.029641052111889495e-04 4.927759041269025070e-05 -2.826385079075104155e-04 0.000000000000000000e+00 -6.136719701913428320e-04 2.815275704570415795e-04 -7.342260538400296977e-04 8.146407015147434779e-04 8.155889431724277572e-04 -2.235475990875839501e-03 -3.552726950728423046e-03 2.227716192689575912e-04
6.779112581650270164e-04 4.506139951438152055e-06 7.088253890911800422e-05 -6.136719701913428320e-04 0.000000000000000000e+00 3.621832100010865868e-04 4.499385269617569866e-04 -4.930834800945023020e-04 2.842422133052832471e-04 -5.985371098646047241e-04 6.398742009310790868e-04 1.270001420529916865e-03
5.420493843121216909e-04 -7.821163780372289529e-05 -4.143185065028111009e-04 2.815275704570415795e-04 3.621832100010865868e-04 0.000000000000000000e+00 5.050169553229847319e-04 -1.069559362987122188e-05 3.313138857006302598e-05 5.339770308098891862e-04 -1.592548799521307232e-04 3.469090439363380833e-04
-8.181955191472560225e-05 4.777715449643435528e-04 -6.630200187329510133e-05 -7.342260538400296977e-04 4.499385269617569866e-04 5.050169553229847319e-04 0.000000000000000000e+00 4.597856211779516224e-04 -5.038855143237390118e-04 -1.153391326325643973e-04 -7.319645001429219647e-05 -4.024410008457127868e-04
-2.004040671888759645e-04 4.039805622995901006e-04 1.026369641215756366e-04 8.146407015147434779e-04 -4.930834800945023020e-04 -1.069559362987122188e-05 4.597856211779516224e-04 0.000000000000000000e+00 -5.035273476049022517e-04 2.445517474696910928e-04 -1.725674500050305700e-04 -3.617567790421571971e-04
1.373556241001567830e-04 -2.248335027383532197e-05 4.411787913147248701e-04 8.155889431724277572e-04 2.842422133052832471e-04 3.313138857006302598e-05 -5.038855143237390118e-04 -5.035273476049022517e-04 0.000000000000000000e+00 -7.644393065270755358e-04 -2.808412439790042531e-04 -4.877574527459423116e-04
3.340422496940157870e-04 -2.899210796908651853e-04 7.757147115746509209e-04 -2.235475990875839501e-03 -5.985371098646047241e-04 5.339770308098891862e-04 -1.153391326325643973e-04 2.445517474696910928e-04 -7.644393065270755358e-04 0.000000000000000000e+00 -2.388957796821406746e-03 -2.290516808925994151e-03
7.638781770090791136e-04 5.648174659643480627e-04 4.755608966207465011e-05 -3.552726950728423046e-03 6.398742009310790868e-04 -1.592548799521307232e-04 -7.319645001429219647e-05 -1.725674500050305700e-04 -2.808412439790042531e-04 -2.388957796821406746e-03 0.000000000000000000e+00 -3.893498713039664216e-03
-1.225535895275992699e-03 -2.536002186047403594e-04 -1.305557731971457129e-03 2.227716192689575912e-04 1.270001420529916865e-03 3.469090439363380833e-04 -4.024410008457127868e-04 -3.617567790421571971e-04 -4.877574527459423116e-04 -2.290516808925994151e-03 -3.893498713039664216e-03 0.000000000000000000e+00
