0.000000000000000000e+00 4.449326175522370377e-04 -2.742584595043521460e-04 8.120866876728586019e-04 -1.612801237344599077e-04 -5.490204495330228921e-04 2.682753252510973788e-04 -4.677266817209955731e-05 -1.435116134894934476e-04 -2.811434134865740562e-04 -1.215354796231423113e-03 -9.832059821940650288e-04
4.449326175522370377e-04 0.000000000000000000e+00 6.168111598606406353e-05 -3.383974591688159177e-04 -1.103838573991121070e-04 4.683128364651264233e-06 8.612745371271431452e-05 2.090043171739572304e-04 2.884545575393450954e-05 5.389150816379572988e-04 -6.743140664481313620e-04 6.936451012224626529e-05
-2.742584595043521460e-04 6.168111598606406353e-05 0.000000000000000000e+00 -1.209095238289373026e-04 3.958559650026258463e-04 2.020745145631710744e-04 -3.729490833009837017e-04 7.213940156778065856e-04 3.231466425471614189e-05 -9.148045805425752399e-04 2.650462741968654182e-04 -2.513588441954476790e-04
8.120866876728586019e-04 -3.383974591688159177e-04 -1.209095238289373026e-04 0.000000000000000000e+00 6.384699930642641916e-04 -2.726557107982934447e-04 -1.578095951944010226e-03 1.746369619598523316e-03 -3.385902951495197290e-04 1.425234604272147994e-03 -1.434059397034057656e-03 -1.423390076210876007e-03
-1.612801237344599077e-04 -1.103838573991121070e-04 3.958559650026258463e-04 6.384699930642641916e-04 0.000000000000000000e+00 -2.363920059475173091e-04 -2.040942759935665031e-04 5.419227087161990284e-04 2.553437284331603599e-04 -7.932105900060585800e-04 -2.464407174063383880e-04 -7.464720239619837419e-04
-5.490204495330228921e-04 4.683128364651264233e-06 2.020745145631710744e-04 -2.726557107982934447e-04 -2.363920059475173091e-04 0.000000000000000000e+00 -8.224031820207406904e-04 -2.397586975978016177e-04 -3.994735883032814313e-04 1.506666279212639592e-04 -8.211313028942987091e-05 7.651750351786693223e-04
2.682753252510973788e-04 8.612745371271431452e-05 -3.729490833009837017e-04 -1.578095951944010226e-03 -2.040942759935665031e-04 -8.224031820207406904e-04 0.000000000000000000e+00 -2.155292596682283827e-04 -1.455753289944503024e-05 -8.868465862049351245e-04 9.007006557414247482e-04 -4.760160195861359400e-04
-4.677266817209955731e-05 2.090043171739572304e-04 7.213940156778065856e-04 1.746369619598523316e-03 5.419227087161990284e-04 -2.397586975978016177e-04 -2.155292596682283827e-04 0.000000000000000000e+00 7.836805763421531793e-05 -1.811969508075718675e-04 3.879483816114025728e-04 1.868929503749726200e-04
-1.435116134894934476e-04 2.884545575393450954e-05 3.231466425471614189e-05 -3.385902951495197290e-04 2.553437284331603599e-04 -3.994735883032814313e-04 -1.455753289944503024e-05 7.836805763421531793e-05 0.000000000000000000e+00 9.738831780378359249e-04 1.851035328938661472e-03 -9.790423960446745493e-04
-2.811434134865740562e-04 5.389150816379572988e-04 -9.148045805425752399e-04 1.425234604272147994e-03 -7.932105900060585800e-04 1.506666279212639592e-04 -8.868465862049351245e-04 -1.811969508075718675e-04 9.738831780378359249e-04 0.000000000000000000e+00 -1.551137527100070797e-04 2.920328957109679735e-04
-1.215354796231423113e-03 -6.743140664481313620e-04 2.650462741968654182e-04 -1.434059397034057656e-03 -2.464407174063383880e-04 -8.211313028942987091e-05 9.007006557414247482e-04 3.879483816114025728e-04 1.851035328938661472e-03 -1.551137527100070797e-04 0.000000000000000000e+00 3.506188350835440053e-03
-9.832059821940650288e-04 6.936451012224626529e-05 -2.513588441954476790e-04 -1.423390076210876007e-03 -7.464720239619837419e-04 7.651750351786693223e-04 -4.760160195861359400e-04 1.868929503749726200e-04 -9.790423960446745493e-04 2.920328957109679735e-04 3.506188350835440053e-03 0.000000000000000000e+00
