0.000000000000000000e+00 5.215453466524768599e-05 2.797509115690391076e-04 -8.100806025920289516e-05 2.835418269941965947e-04 -1.504553013360367933e-04 2.913319087477882620e-04 2.898275412458300440e-04 -8.363491948590236766e-05 -4.312899192163732222e-04 6.232318885621743838e-04 -7.993734033242518499e-04
5.215453466524768599e-05 0.000000000000000000e+00 -7.007616034811867838e-05 -8.007034084321070855e-05 -3.364328123986825669e-04 -1.068912455682806661e-04 1.612337954858290902e-05 -6.378651569579964513e-04 6.542733798776826459e-07 -5.750536939862290094e-04 -1.235060311793187253e-03 -1.254148602904828127e-03
2.797509115690391076e-04 -7.007616034811867838e-05 0.000000000000000000e+00 -5.727429694532130185e-04 3.197129895381255302e-04 -4.098242245399991005e-04 2.086523504485022292e-04 -5.591802706954471193e-04 1.124170355765587663e-04 -8.444555249573521428e-04 4.132937617643920323e-04 -4.706512744733360311e-04
-8.100806025920289516e-05 -8.007034084321070855e-05 -5.727429694532130185e-04 0.000000000000000000e+00 1.353145200306932324e-03 1.168016245634041772e-04 -1.555437065851224547e-04 8.641165330862855690e-04 -1.409472002304993808e-03 7.674309287946636188e-04 -2.711844623691419404e-04 -2.630793558972084525e-03
2.835418269941965947e-04 -3.364328123986825669e-04 3.197129895381255302e-04 1.353145200306932324e-03 0.000000000000000000e+00 1.874608292052055817e-04 4.535399151851831527e-04 4.906378232737457646e-04 2.590366583676387583e-04 -9.004722873729146702e-04 -1.357418735688839485e-03 -9.985751051645047355e-04
-1.504553013360367933e-04 -1.068912455682806661e-04 -4.098242245399991005e-04 1.168016245634041772e-04 1.874608292052055817e-04 0.000000000000000000e+00 2.014480675203453395e-04 -3.260612691774269784e-04 -2.242295335063755561e-05 9.076889314204783163e-04 -1.025667270693302914e-03 -1.160963534698832808e-04
2.913319087477882620e-04 1.612337954858290902e-05 2.086523504485022292e-04 -1.555437065851224547e-04 4.535399151851831527e-04 2.014480675203453395e-04 0.000000000000000000e+00 -4.200512828881449367e-04 5.261793546806365230e-04 3.447404316568938865e-04 -1.090426544179605699e-03 -1.317931580237336310e-03
2.898275412458300440e-04 -6.378651569579964513e-04 -5.591802706954471193e-04 8.641165330862855690e-04 4.906378232737457646e-04 -3.260612691774269784e-04 -4.200512828881449367e-04 0.000000000000000000e+00 -8.603925379424495897e-05 -4.901211412289759343e-04 1.022263074413655177e-03 9.726557782322130512e-04
-8.363491948590236766e-05 6.542733798776826459e-07 1.124170355765587663e-04 -1.409472002304993808e-03 2.590366583676387583e-04 -2.242295335063755561e-05 5.261793546806365230e-04 -8.603925379424495897e-05 0.000000000000000000e+00 4.720526112326744322e-04 6.816959906014196432e-04 8.570292981194637771e-05
-4.312899192163732222e-04 -5.750536939862290094e-04 -8.444555249573521428e-04 7.674309287946636188e-04 -9.004722873729146702e-04 9.076889314204783163e-04 3.447404316568938865e-04 -4.901211412289759343e-04 4.720526112326744322e-04 0.000000000000000000e+00 2.831567436292210804e-03 -2.411940826285716068e-03
6.232318885621743838e-04 -1.235060311793187253e-03 4.132937617643920323e-04 -2.711844623691419404e-04 -1.357418735688839485e-03 -1.025667270693302914e-03 -1.090426544179605699e-03 1.022263074413655177e-03 6.816959906014196432e-04 2.831567436292210804e-03 0.000000000000000000e+00 -1.840792491383180188e-03
-7.993734033242518499e-04 -1.254148602904828127e-03 -4.706512744733360311e-04 -2.630793558972084525e-03 -9.985751051645047355e-04 -1.160963534698832808e-04 -1.317931580237336310e-03 9.726557782322130512e-04 8.570292981194637771e-05 -2.411940826285716068e-03 -1.840792491383180188e-03 0.000000000000000000e+00
