0.000000000000000000e+00 -1.042089182326429999e-04 -1.309921692249291767e-04 -1.182914175347126763e-03 1.272226360892423638e-04 -8.964754291185271279e-05 -2.156409072856011020e-04 2.141909106721064169e-04 5.958874639383926084e-04 1.116016370948157447e-03 -2.993297325183530834e-04 4.480388935411007520e-04
-1.042089182326429999e-04 0.000000000000000000e+00 -2.610692778508912244e-04 4.384102888624954726e-04 -1.266274348481776543e-04 -1.458785589636838256e-04 -5.409806807868338492e-04 7.266040262559162485e-05 -4.469996378963028987e-04 6.326870155779562924e-04 6.707571321849313919e-05 4.979478244596010619e-04
-1.309921692249291767e-04 -2.610692778508912244e-04 0.000000000000000000e+00 -7.694743508007437314e-04 3.955372681466392832e-04 -2.896512396043627539e-04 -5.517797710548949172e-04 -2.034178686645359262e-04 1.392577425585717586e-04 1.894185886839646477e-04 1.146876736515839218e-03 2.417168722788932955e-04
-1.182914175347126763e-03 4.384102888624954726e-04 -7.694743508007437314e-04 0.000000000000000000e+00 6.969104694851527065e-04 -1.429676502844128482e-03 8.473794859260292247e-04 -4.232923068272470665e-05 -5.603070457559685812e-04 -1.537613148475705646e-03 2.093074159335233265e-03 -1.959849511433580001e-03
1.272226360892423638e-04 -1.266274348481776543e-04 3.955372681466392832e-04 6.969104694851527065e-04 0.000000000000000000e+00 -2.623254785712836150e-04 -8.965695680939728520e-04 -8.189551563719840005e-05 2.104713562625079636e-04 -1.090295373337400324e-04 7.679690247233665482e-04 -9.762674336286492191e-04
-8.964754291185271279e-05 -1.458785589636838256e-04 -2.896512396043627539e-04 -1.429676502844128482e-03 -2.623254785712836150e-04 0.000000000000000000e+00 4.295054854769467446e-05 1.367694336870369843e-04 -8.835482789187577238e-04 -1.508077739602520627e-05 1.809729057373350692e-04 8.419182793137160213e-04
-2.156409072856011020e-04 -5.409806807868338492e-04 -5.517797710548949172e-04 8.473794859260292247e-04 -8.965695680939728520e-04 4.295054854769467446e-05 0.000000000000000000e+00 -5.108113672085321487e-04 -5.541223540022644509e-04 8.217257340056928526e-04 -2.013742059591960062e-03 3.310634009919646609e-04
2.141909106721064169e-04 7.266040262559162485e-05 -2.034178686645359262e-04 -4.232923068272470665e-05 -8.189551563719840005e-05 1.367694336870369843e-04 -5.108113672085321487e-04 0.000000000000000000e+00 -1.739167728661286866e-04 2.027167288535772823e-03 -1.574817392327495635e-03 -8.421506787260577302e-04
5.958874639383926084e-04 -4.469996378963028987e-04 1.392577425585717586e-04 -5.603070457559685812e-04 2.104713562625079636e-04 -8.835482789187577238e-04 -5.541223540022644509e-04 -1.739167728661286866e-04 0.000000000000000000e+00 -3.322366044709697741e-04 1.205314251224356937e-03 1.788589646070862325e-03
1.116016370948157447e-03 6.326870155779562924e-04 1.894185886839646477e-04 -1.537613148475705646e-03 -1.090295373337400324e-04 -1.508077739602520627e-05 8.217257340056928526e-04 2.027167288535772823e-03 -3.322366044709697741e-04 0.000000000000000000e+00 8.707329557278666770e-04 -2.441242187628906921e-04
-2.993297325183530834e-04 6.707571321849313919e-05 1.146876736515839218e-03 2.093074159335233265e-03 7.679690247233665482e-04 1.809729057373350692e-04 -2.013742059591960062e-03 -1.574817392327495635e-03 1.205314251224356937e-03 8.707329557278666770e-04 0.000000000000000000e+00 -3.134329787880137910e-05
4.480388935411007520e-04 4.979478244596010619e-04 2.417168722788932955e-04 -1.959849511433580001e-03 -9.762674336286492191e-04 8.419182793137160213e-04 3.310634009919646609e-04 -8.421506787260577302e-04 1.788589646070862325e-03 -2.441242187628906921e-04 -3.134329787880137910e-05 0.000000000000000000e+00
