0.000000000000000000e+00 7.763814134887824447e-05 8.873564718204422601e-05 9.410360411841421906e-05 6.187933956288516968e-05 7.565188684312237389e-05 2.392815879475278912e-04 -1.274756870540623465e-04 -4.067378555888110275e-05 1.118321004460442027e-03 4.175803858368621582e-04 1.232491062781813495e-04
7.763814134887824447e-05 0.000000000000000000e+00 -6.564171166698110061e-05 -6.832239144273008621e-04 7.039829399931778284e-05 3.258861689397007195e-04 -6.269286896973459049e-04 4.905536410304973645e-05 1.762319936022067239e-04 -6.603667947725715527e-04 9.224575576847530945e-04 -2.889424905905771000e-04
8.873564718204422601e-05 -6.564171166698110061e-05 0.000000000000000000e+00 -1.715139550428660623e-04 -5.095528505962082988e-04 -2.709242506812615189e-05 -5.472060205726936733e-04 6.852024396280260304e-04 1.762194098787984108e-04 -6.356343085602226672e-04 1.185063053408493645e-03 3.702407790358173880e-04
9.410360411841421906e-05 -6.832239144273008621e-04 -1.715139550428660623e-04 0.000000000000000000e+00 -7.573439942572979689e-04 8.995785675509821756e-04 7.653587671777370817e-04 5.401961457531270728e-04 1.491717938713184538e-04 1.136972788356789337e-03 -1.085199300826990287e-03 -3.072733694343036427e-03
6.187933956288516968e-05 7.039829399931778284e-05 -5.095528505962082988e-04 -7.573439942572979689e-04 0.000000000000000000e+00 2.566423416110759749e-04 4.602018703847889623e-04 -9.492140540865346039e-04 -9.399677496373200951e-04 7.737246687984100386e-04 -5.205401236923495488e-04 9.885573862858129494e-04
7.565188684312237389e-05 3.258861689397007195e-04 -2.709242506812615189e-05 8.995785675509821756e-04 2.566423416110759749e-04 0.000000000000000000e+00 -2.995596514688635245e-04 -2.292473163779138259e-04 4.891279797058679804e-04 8.127558494239456440e-04 3.631763384258572102e-04 -1.187482928372445229e-03
2.392815879475278912e-04 -6.269286896973459049e-04 -5.472060205726936733e-04 7.653587671777370817e-04 4.602018703847889623e-04 -2.995596514688635245e-04 0.000000000000000000e+00 -7.979906033420260201e-04 -1.821633885407674281e-04 -9.311229423618703344e-04 -1.433493572153925460e-03 -4.271983319491200995e-04
-1.274756870540623465e-04 4.905536410304973645e-05 6.852024396280260304e-04 5.401961457531270728e-04 -9.492140540865346039e-04 -2.292473163779138259e-04 -7.979906033420260201e-04 0.000000000000000000e+00 6.753344995771467770e-04 6.099901828173427725e-05 -1.833202133984698692e-03 -4.125264967261357829e-04
-4.067378555888110275e-05 1.762319936022067239e-04 1.762194098787984108e-04 1.491717938713184538e-04 -9.399677496373200951e-04 4.891279797058679804e-04 -1.821633885407674281e-04 6.753344995771467770e-04 0.000000000000000000e+00 4.343490846405622437e-04 -1.587949867915546031e-03 1.309390419069463929e-03
1.118321004460442027e-03 -6.603667947725715527e-04 -6.356343085602226672e-04 1.136972788356789337e-03 7.737246687984100386e-04 8.127558494239456440e-04 -9.311229423618703344e-04 6.099901828173427725e-05 4.343490846405622437e-04 0.000000000000000000e+00 -1.531870385263539233e-03 -2.595128003016198334e-04
4.175803858368621582e-04 9.224575576847530945e-04 1.185063053408493645e-03 -1.085199300826990287e-03 -5.205401236923495488e-04 3.631763384258572102e-04 -1.433493572153925460e-03 -1.833202133984698692e-03 -1.587949867915546031e-03 -1.531870385263539233e-03 0.000000000000000000e+00 -2.710840629930991435e-03
1.232491062781813495e-04 -2.889424905905771000e-04 3.702407790358173880e-04 -3.072733694343036427e-03 9.885573862858129494e-04 -1.187482928372445229e-03 -4.271983319491200995e-04 -4.125264967261357829e-04 1.309390419069463929e-03 -2.595128003016198334e-04 -2.710840629930991435e-03 0.000000000000000000e+00
