0.000000000000000000e+00 -1.139335657896098711e-03 -1.270868488838829418e-04 -6.762631768668824405e-04 4.823882308232431046e-04 -5.277364474421974462e-04 -6.109194515025034855e-04 8.733755661864442106e-04 1.790577688807836734e-03 -5.576685156554271860e-05 -3.193780645382232261e-04 9.464002735426051442e-04
-1.139335657896098711e-03 0.000000000000000000e+00 -1.092724050571748174e-03 1.147237043798458736e-03 -7.359990171396703102e-04 -2.965720681300341045e-04 2.486205015332061587e-03 1.454827787671069544e-03 3.230286529660206934e-03 -7.055376191219163906e-04 7.382013604225951594e-04 1.495476954553422774e-04
-1.270868488838829418e-04 -1.092724050571748174e-03 0.000000000000000000e+00 -6.318019379048812325e-04 -6.714468596996705238e-04 -4.300844308176696358e-04 7.751720739787738151e-04 -3.675155433733786887e-04 -1.941533481607886011e-03 -3.450125061962511035e-04 1.401348452791067024e-04 5.251539590725855548e-04
-6.762631768668824405e-04 1.147237043798458736e-03 -6.318019379048812325e-04 0.000000000000000000e+00 2.391103674535765040e-05 -4.043365586367008487e-04 1.585835673473075334e-03 -4.797361873660872474e-04 1.863781982321445008e-03 5.875065697367630934e-04 2.140583250449965501e-04 4.165460529169414511e-04
4.823882308232431046e-04 -7.359990171396703102e-04 -6.714468596996705238e-04 2.391103674535765040e-05 0.000000000000000000e+00 1.231476209744701599e-04 -4.567116357448191188e-06 -3.839456244733901102e-04 4.890839386066670727e-04 -4.282120989353698512e-04 -1.714972075029946061e-04 2.295843341124906203e-04
-5.277364474421974462e-04 -2.965720681300341045e-04 -4.300844308176696358e-04 -4.043365586367008487e-04 1.231476209744701599e-04 0.000000000000000000e+00 6.921541242571531243e-04 1.500996213467682813e-04 -6.405970944048446384e-04 -8.849321837767049783e-06 2.559308688208111640e-04 -2.986716972628726506e-05
-6.109194515025034855e-04 2.486205015332061587e-03 7.751720739787738151e-04 1.585835673473075334e-03 -4.567116357448191188e-06 6.921541242571531243e-04 0.000000000000000000e+00 4.735028812776190710e-04 -1.444994994446161278e-03 -1.023669008513855040e-03 -2.487713784305533400e-04 6.918088354323525570e-04
8.733755661864442106e-04 1.454827787671069544e-03 -3.675155433733786887e-04 -4.797361873660872474e-04 -3.839456244733901102e-04 1.500996213467682813e-04 4.735028812776190710e-04 0.000000000000000000e+00 -1.055187941840747285e-03 -2.224158699328570711e-05 3.333474687268982292e-04 3.407863952598422577e-04
1.790577688807836734e-03 3.230286529660206934e-03 -1.941533481607886011e-03 1.863781982321445008e-03 4.890839386066670727e-04 -6.405970944048446384e-04 -1.444994994446161278e-03 -1.055187941840747285e-03 0.000000000000000000e+00 6.371385020099701443e-04 1.527543879409108490e-04 1.038893863794658349e-03
-5.576685156554271860e-05 -7.055376191219163906e-04 -3.450125061962511035e-04 5.875065697367630934e-04 -4.282120989353698512e-04 -8.849321837767049783e-06 -1.023669008513855040e-03 -2.224158699328570711e-05 6.371385020099701443e-04 0.000000000000000000e+00 2.193591419413862958e-04 1.882541999581152821e-04
-3.193780645382232261e-04 7.382013604225951594e-04 1.401348452791067024e-04 2.140583250449965501e-04 -1.714972075029946061e-04 2.559308688208111640e-04 -2.487713784305533400e-04 3.333474687268982292e-04 1.527543879409108490e-04 2.193591419413862958e-04 0.000000000000000000e+00 1.569073064375557170e-04
9.464002735426051442e-04 1.495476954553422774e-04 5.251539590725855548e-04 4.165460529169414511e-04 2.295843341124906203e-04 -2.986716972628726506e-05 6.918088354323525570e-04 3.407863952598422577e-04 1.038893863794658349e-03 1.882541999581152821e-04 1.569073064375557170e-04 0.000000000000000000e+00
