0.000000000000000000e+00 1.153992985162294142e-03 -1.016679060332261906e-03 1.080537855535653076e-03 -3.585804169322593326e-04 -2.830159644258915374e-04 -6.137354672085330561e-05 -9.280521993573676747e-05 -1.242917928486831540e-03 8.918975812581216066e-04 1.961287168750991148e-05 1.900976032163227778e-04
1.153992985162294142e-03 0.000000000000000000e+00 4.074636239721265703e-04 1.814137741045260916e-03 -7.766493767320632128e-04 6.707965766126790241e-04 -1.232535701931246840e-04 -1.237722561583696991e-03 2.344702768274608152e-03 -1.445012129882597917e-04 5.101935973168715685e-04 9.197042687707464650e-04
-1.016679060332261906e-03 4.074636239721265703e-04 0.000000000000000000e+00 -1.131419597197104530e-03 -6.188586652393777607e-05 -5.939745700189977712e-05 -1.768956997930853968e-03 -1.124976359973110535e-03 1.935391996301809346e-03 3.803691103916584100e-04 2.660557946794545243e-04 4.330549667414721306e-04
1.080537855535653076e-03 1.814137741045260916e-03 -1.131419597197104530e-03 0.000000000000000000e+00 -3.208233136853498048e-04 -5.405729462735511760e-04 -6.232860528037545552e-04 -3.961837615505402243e-04 1.027573289987749683e-03 -3.470359905880107481e-04 -3.408530519965016927e-05 1.938486274894865233e-04
-3.585804169322593326e-04 -7.766493767320632128e-04 -6.188586652393777607e-05 -3.208233136853498048e-04 0.000000000000000000e+00 -1.793000806148456851e-04 8.856245649731301045e-05 -6.081987512162452493e-04 1.763162589647739899e-03 1.049229799554306138e-04 -4.093864134857424716e-04 -2.169129531943805357e-04
-2.830159644258915374e-04 6.707965766126790241e-04 -5.939745700189977712e-05 -5.405729462735511760e-04 -1.793000806148456851e-04 0.000000000000000000e+00 8.217487472517827699e-04 6.101858458768519202e-04 -1.722255149586954961e-05 -2.131699956445938754e-04 -2.458744793960468780e-04 4.518100754024039108e-04
-6.137354672085330561e-05 -1.232535701931246840e-04 -1.768956997930853968e-03 -6.232860528037545552e-04 8.856245649731301045e-05 8.217487472517827699e-04 0.000000000000000000e+00 -9.808683317676157414e-04 1.409024279476752328e-03 -2.017194258287874039e-04 4.804429299615646564e-04 -7.445473106400363975e-04
-9.280521993573676747e-05 -1.237722561583696991e-03 -1.124976359973110535e-03 -3.961837615505402243e-04 -6.081987512162452493e-04 6.101858458768519202e-04 -9.808683317676157414e-04 0.000000000000000000e+00 3.783966323972894562e-04 5.156878482022306991e-04 -3.631290319842683280e-04 3.478345050963911893e-04
-1.242917928486831540e-03 2.344702768274608152e-03 1.935391996301809346e-03 1.027573289987749683e-03 1.763162589647739899e-03 -1.722255149586954961e-05 1.409024279476752328e-03 3.783966323972894562e-04 0.000000000000000000e+00 9.516693981328814113e-04 1.684321619524215962e-04 1.473184735711287785e-04
8.918975812581216066e-04 -1.445012129882597917e-04 3.803691103916584100e-04 -3.470359905880107481e-04 1.049229799554306138e-04 -2.131699956445938754e-04 -2.017194258287874039e-04 5.156878482022306991e-04 9.516693981328814113e-04 0.000000000000000000e+00 3.862440830990832756e-04 -3.794928971007676321e-04
1.961287168750991148e-05 5.101935973168715685e-04 2.660557946794545243e-04 -3.408530519965016927e-05 -4.093864134857424716e-04 -2.458744793960468780e-04 4.804429299615646564e-04 -3.631290319842683280e-04 1.684321619524215962e-04 3.862440830990832756e-04 0.000000000000000000e+00 2.264527868767611302e-04
1.900976032163227778e-04 9.197042687707464650e-04 4.330549667414721306e-04 1.938486274894865233e-04 -2.169129531943805357e-04 4.518100754024039108e-04 -7.445473106400363975e-04 3.478345050963911893e-04 1.473184735711287785e-04 -3.794928971007676321e-04 2.264527868767611302e-04 0.000000000000000000e+00
