0.000000000000000000e+00 2.088716671578689209e-04 7.713376318317435865e-04 2.412692975814427878e-04 2.209857932957809390e-04 -4.995487711929053206e-05 3.277881632914437073e-04 -7.816676396673683316e-04 7.736997426290689232e-05 -4.290814996077298550e-04 -3.092766854209153763e-04 4.049505442103941465e-04
2.088716671578689209e-04 0.000000000000000000e+00 -7.567660711303414965e-04 -5.123650190303473710e-04 -6.916281150309133013e-04 9.987397803767904031e-05 4.395662627121568918e-04 -1.253098440756953140e-04 -2.422592500068678628e-03 1.017134033805479299e-03 -2.315928795827475130e-04 -6.695550744401522394e-04
7.713376318317435865e-04 -7.567660711303414965e-04 0.000000000000000000e+00 -1.019040188656663562e-03 -1.540217616298623763e-04 5.769696986242355815e-05 -1.916682228160248571e-03 -1.034636337581585101e-04 1.790440524114747609e-03 -4.897407200273760572e-04 -4.742970882898592450e-04 2.699083826416279826e-04
2.412692975814427878e-04 -5.123650190303473710e-04 -1.019040188656663562e-03 0.000000000000000000e+00 1.853779567747930164e-04 2.682869368080246673e-04 2.090811271252239999e-03 1.044660641744019243e-03 1.261794374656466768e-03 -3.344398683841561014e-04 5.247801160179591017e-04 1.013658054262984044e-03
2.209857932957809390e-04 -6.916281150309133013e-04 -1.540217616298623763e-04 1.853779567747930164e-04 0.000000000000000000e+00 4.843268889065375539e-04 2.564714287396915675e-04 -9.226909939616170504e-05 -5.716523158819901559e-05 3.505255708490270881e-04 -8.934530996634655489e-05 4.701091742113685515e-04
-4.995487711929053206e-05 9.987397803767904031e-05 5.769696986242355815e-05 2.682869368080246673e-04 4.843268889065375539e-04 0.000000000000000000e+00 -1.534575016676470037e-04 -3.596164601866552149e-04 -5.164041555446345026e-04 2.834430057377193037e-04 -1.155702137267816811e-04 4.817340149705688851e-04
3.277881632914437073e-04 4.395662627121568918e-04 -1.916682228160248571e-03 2.090811271252239999e-03 2.564714287396915675e-04 -1.534575016676470037e-04 0.000000000000000000e+00 -6.124871662621282978e-04 -7.296987747125094001e-04 -4.657432613964812454e-04 2.193995762021793650e-05 -1.281934983663573320e-03
-7.816676396673683316e-04 -1.253098440756953140e-04 -1.034636337581585101e-04 1.044660641744019243e-03 -9.226909939616170504e-05 -3.596164601866552149e-04 -6.124871662621282978e-04 0.000000000000000000e+00 1.906702970700988693e-03 8.191899598619055683e-04 -1.121590751487208589e-04 7.827929161410176855e-04
7.736997426290689232e-05 -2.422592500068678628e-03 1.790440524114747609e-03 1.261794374656466768e-03 -5.716523158819901559e-05 -5.164041555446345026e-04 -7.296987747125094001e-04 1.906702970700988693e-03 0.000000000000000000e+00 9.468134247199346942e-05 -7.114839088820752375e-04 -1.237030953582483016e-03
-4.290814996077298550e-04 1.017134033805479299e-03 -4.897407200273760572e-04 -3.344398683841561014e-04 3.505255708490270881e-04 2.834430057377193037e-04 -4.657432613964812454e-04 8.191899598619055683e-04 9.468134247199346942e-05 0.000000000000000000e+00 -2.119003652405608324e-05 -6.954193256738547366e-05
-3.092766854209153763e-04 -2.315928795827475130e-04 -4.742970882898592450e-04 5.247801160179591017e-04 -8.934530996634655489e-05 -1.155702137267816811e-04 2.193995762021793650e-05 -1.121590751487208589e-04 -7.114839088820752375e-04 -2.119003652405608324e-05 0.000000000000000000e+00 2.293258060445748942e-04
4.049505442103941465e-04 -6.695550744401522394e-04 2.699083826416279826e-04 1.013658054262984044e-03 4.701091742113685515e-04 4.817340149705688851e-04 -1.281934983663573320e-03 7.827929161410176855e-04 -1.237030953582483016e-03 -6.954193256738547366e-05 2.293258060445748942e-04 0.000000000000000000e+00
