0.000000000000000000e+00 -1.262352242145853504e-03 -8.525224171368318924e-04 7.914454214633030553e-04 -2.440577880169063644e-04 2.393829687717206737e-04 1.322126898310284739e-03 -1.064102646203924068e-03 1.487741765814011271e-03 -4.357193230472648218e-04 -5.185823945001504995e-05 -5.084375330262149470e-05
-1.262352242145853504e-03 0.000000000000000000e+00 -5.910602296255042893e-04 -7.419526861362448671e-04 1.604844956972459899e-04 -4.411876197752625812e-04 -1.944818766219067211e-03 -1.610673751748046808e-03 -2.559552895867859591e-03 -6.426600090070850929e-04 3.812728766136304717e-04 8.186007512073475772e-04
-8.525224171368318924e-04 -5.910602296255042893e-04 0.000000000000000000e+00 1.324468232614805108e-03 -5.717567028821778682e-05 -2.197294687099032157e-04 1.300692130978922363e-03 7.657999994013857089e-04 -2.048030792141230811e-03 -2.428001564626280028e-04 -3.977459574304989987e-04 -2.523611062930471638e-04
7.914454214633030553e-04 -7.419526861362448671e-04 1.324468232614805108e-03 0.000000000000000000e+00 2.591709209048132629e-04 -4.120294834165858498e-04 -1.644174811620655757e-04 1.129168158108474936e-03 1.932017265082979504e-03 2.456645718830635129e-04 -7.672684057170986839e-04 -1.124370681593822124e-04
-2.440577880169063644e-04 1.604844956972459899e-04 -5.717567028821778682e-05 2.591709209048132629e-04 0.000000000000000000e+00 1.093287564762480512e-04 -1.051777099513670575e-03 -2.623420991089551904e-04 1.088416417837387339e-03 1.144362890979649141e-04 1.812061385697415910e-04 -2.058960703662069834e-04
2.393829687717206737e-04 -4.411876197752625812e-04 -2.197294687099032157e-04 -4.120294834165858498e-04 1.093287564762480512e-04 0.000000000000000000e+00 -3.235575536748278068e-04 9.912190425738114715e-05 9.658792223133428646e-04 -2.556575671299867532e-04 1.627459535535496799e-04 1.701711423416552482e-04
1.322126898310284739e-03 -1.944818766219067211e-03 1.300692130978922363e-03 -1.644174811620655757e-04 -1.051777099513670575e-03 -3.235575536748278068e-04 0.000000000000000000e+00 -9.150852935503079200e-04 2.589364876537111806e-03 -5.103025751518167107e-04 8.323889251999864883e-04 -1.883953981950842204e-04
-1.064102646203924068e-03 -1.610673751748046808e-03 7.657999994013857089e-04 1.129168158108474936e-03 -2.623420991089551904e-04 9.912190425738114715e-05 -9.150852935503079200e-04 0.000000000000000000e+00 -4.600553016065385848e-04 7.172210461780790841e-05 5.169218891957906949e-05 9.768244493816556368e-04
1.487741765814011271e-03 -2.559552895867859591e-03 -2.048030792141230811e-03 1.932017265082979504e-03 1.088416417837387339e-03 9.658792223133428646e-04 2.589364876537111806e-03 -4.600553016065385848e-04 0.000000000000000000e+00 -1.932814323177947441e-04 -9.595568156423773956e-04 4.364191386679547335e-04
-4.357193230472648218e-04 -6.426600090070850929e-04 -2.428001564626280028e-04 2.456645718830635129e-04 1.144362890979649141e-04 -2.556575671299867532e-04 -5.103025751518167107e-04 7.172210461780790841e-05 -1.932814323177947441e-04 0.000000000000000000e+00 -1.554072957972307963e-04 4.643383815577668394e-04
-5.185823945001504995e-05 3.812728766136304717e-04 -3.977459574304989987e-04 -7.672684057170986839e-04 1.812061385697415910e-04 1.627459535535496799e-04 8.323889251999864883e-04 5.169218891957906949e-05 -9.595568156423773956e-04 -1.554072957972307963e-04 0.000000000000000000e+00 -7.323543416844598619e-05
-5.084375330262149470e-05 8.186007512073475772e-04 -2.523611062930471638e-04 -1.124370681593822124e-04 -2.058960703662069834e-04 1.701711423416552482e-04 -1.883953981950842204e-04 9.768244493816556368e-04 4.364191386679547335e-04 4.643383815577668394e-04 -7.323543416844598619e-05 0.000000000000000000e+00
