0.000000000000000000e+00 4.974497391953441904e-05 1.702850656910732138e-04 5.347059193976868999e-04 -4.876127097138057700e-05 1.084159584097980011e-04 -2.795746172192829435e-04 4.336378852562366515e-04 3.826963617499559960e-05 -2.186317738652675225e-04 -3.725408906126240487e-04 7.503608839838796316e-04
4.974497391953441904e-05 0.000000000000000000e+00 -1.707112849677376847e-03 -3.610108842170772574e-04 -2.898365423338338420e-04 9.486594775316086825e-04 -2.149133644120665345e-03 -2.809663189352392819e-04 -5.007128349401492994e-04 8.777060988926568559e-05 7.470496205324279144e-04 7.514953611643810901e-04
1.702850656910732138e-04 -1.707112849677376847e-03 0.000000000000000000e+00 -1.685844814391816498e-04 1.783589229612887923e-04 -6.704230303033130965e-04 1.379944613527269489e-03 2.124456360980669228e-04 -8.507450198344026484e-04 -2.816874348869669075e-04 -9.287735579181653951e-05 -7.795893253632732358e-04
5.347059193976868999e-04 -3.610108842170772574e-04 -1.685844814391816498e-04 0.000000000000000000e+00 3.945512243865619949e-04 3.097352981078601219e-04 1.918544030544185345e-03 -1.269696391370739265e-03 1.507184364146640964e-03 -5.511980463116598330e-04 3.323838290209420697e-04 -4.624008550363389500e-04
-4.876127097138057700e-05 -2.898365423338338420e-04 1.783589229612887923e-04 3.945512243865619949e-04 0.000000000000000000e+00 1.737393770561412583e-04 -9.570073788424740546e-05 1.830085415362279089e-04 6.040664261349333293e-04 4.608078699480907593e-04 -2.105366254206703764e-04 5.844712574759102842e-05
1.084159584097980011e-04 9.486594775316086825e-04 -6.704230303033130965e-04 3.097352981078601219e-04 1.737393770561412583e-04 0.000000000000000000e+00 5.750957381635324371e-04 2.111798614749745592e-04 -1.760238998272342084e-03 5.413308865053457716e-05 8.618467728438093634e-05 -3.576342364451891775e-04
-2.795746172192829435e-04 -2.149133644120665345e-03 1.379944613527269489e-03 1.918544030544185345e-03 -9.570073788424740546e-05 5.750957381635324371e-04 0.000000000000000000e+00 -1.564039256474331497e-03 -4.007774337281980528e-03 2.352066822458436250e-04 8.191839660893221681e-04 1.149932633094825256e-03
4.336378852562366515e-04 -2.809663189352392819e-04 2.124456360980669228e-04 -1.269696391370739265e-03 1.830085415362279089e-04 2.111798614749745592e-04 -1.564039256474331497e-03 0.000000000000000000e+00 -2.273666248265222324e-03 -5.880944347949194125e-04 -3.571271964171973917e-04 -1.065913848185848174e-04
3.826963617499559960e-05 -5.007128349401492994e-04 -8.507450198344026484e-04 1.507184364146640964e-03 6.040664261349333293e-04 -1.760238998272342084e-03 -4.007774337281980528e-03 -2.273666248265222324e-03 0.000000000000000000e+00 3.262971773593097711e-04 -1.915711167596592321e-04 -1.921229490833799595e-03
-2.186317738652675225e-04 8.777060988926568559e-05 -2.816874348869669075e-04 -5.511980463116598330e-04 4.608078699480907593e-04 5.413308865053457716e-05 2.352066822458436250e-04 -5.880944347949194125e-04 3.262971773593097711e-04 0.000000000000000000e+00 -1.327338722470630748e-04 6.102013124775504480e-04
-3.725408906126240487e-04 7.470496205324279144e-04 -9.287735579181653951e-05 3.323838290209420697e-04 -2.105366254206703764e-04 8.618467728438093634e-05 8.191839660893221681e-04 -3.571271964171973917e-04 -1.915711167596592321e-04 -1.327338722470630748e-04 0.000000000000000000e+00 -1.556827285557496696e-04
7.503608839838796316e-04 7.514953611643810901e-04 -7.795893253632732358e-04 -4.624008550363389500e-04 5.844712574759102842e-05 -3.576342364451891775e-04 1.149932633094825256e-03 -1.065913848185848174e-04 -1.921229490833799595e-03 6.102013124775504480e-04 -1.556827285557496696e-04 0.000000000000000000e+00
