0.000000000000000000e+00 1.970683645187736987e-03 -2.947819435309727027e-03 -7.983634711666898242e-04 -2.743142649119576079e-04 1.026293389891243159e-03 7.770840866747171156e-06 7.387280733824021705e-04 1.098268859866161599e-04 -3.081638903888929025e-04 -7.996669717954007529e-04 5.293079237204482415e-04
1.970683645187736987e-03 0.000000000000000000e+00 3.191621755108708155e-03 -2.360296894210359847e-03 2.139256854959769400e-04 1.264252405449302818e-03 -4.022896845911868094e-04 8.225122558509187541e-04 1.281276565436362909e-03 -1.792101998342007525e-03 -6.429995791049511683e-04 1.153225874652165708e-03
-2.947819435309727027e-03 3.191621755108708155e-03 0.000000000000000000e+00 -1.821035325891309092e-03 -4.758164492314107235e-05 -4.398017186883130305e-05 -5.038347912045630357e-05 -4.491581515269162973e-04 -5.148123216410358709e-04 -6.780228651697961777e-04 5.495630608348984624e-05 -5.515694374497820364e-04
-7.983634711666898242e-04 -2.360296894210359847e-03 -1.821035325891309092e-03 0.000000000000000000e+00 2.161295572103490322e-04 -4.297367051324386652e-04 -5.448426071396247341e-04 1.604474269464835692e-04 2.747036673449745306e-04 1.399860258930539069e-03 -1.264179826563117958e-04 8.728576840611889818e-04
-2.743142649119576079e-04 2.139256854959769400e-04 -4.758164492314107235e-05 2.161295572103490322e-04 0.000000000000000000e+00 -8.357090048423275388e-05 -2.888539425685902298e-04 -3.295818700281891557e-05 -8.666563511245478852e-04 -1.144192320455573059e-04 2.677580760538205156e-04 -2.725276316873985710e-04
1.026293389891243159e-03 1.264252405449302818e-03 -4.398017186883130305e-05 -4.297367051324386652e-04 -8.357090048423275388e-05 0.000000000000000000e+00 -7.414110300419505693e-04 1.708575902374642719e-04 3.260451297213929288e-04 2.684316179631815675e-04 -1.987071258692935105e-04 -4.944872065454488730e-06
7.770840866747171156e-06 -4.022896845911868094e-04 -5.038347912045630357e-05 -5.448426071396247341e-04 -2.888539425685902298e-04 -7.414110300419505693e-04 0.000000000000000000e+00 -2.033186362714337005e-04 1.147465423873762552e-03 -2.246761936318838169e-05 -2.738780540258594384e-04 -2.567449482632979557e-04
7.387280733824021705e-04 8.225122558509187541e-04 -4.491581515269162973e-04 1.604474269464835692e-04 -3.295818700281891557e-05 1.708575902374642719e-04 -2.033186362714337005e-04 0.000000000000000000e+00 -1.388850279347247061e-04 -3.582861535726083297e-04 -2.863895751403367895e-04 2.328107282662930709e-04
1.098268859866161599e-04 1.281276565436362909e-03 -5.148123216410358709e-04 2.747036673449745306e-04 -8.666563511245478852e-04 3.260451297213929288e-04 1.147465423873762552e-03 -1.388850279347247061e-04 0.000000000000000000e+00 -6.103617465888631259e-04 3.981759897664637364e-05 -8.137752314026834534e-05
-3.081638903888929025e-04 -1.792101998342007525e-03 -6.780228651697961777e-04 1.399860258930539069e-03 -1.144192320455573059e-04 2.684316179631815675e-04 -2.246761936318838169e-05 -3.582861535726083297e-04 -6.103617465888631259e-04 0.000000000000000000e+00 -5.004194362182021790e-04 7.066011941042628071e-05
-7.996669717954007529e-04 -6.429995791049511683e-04 5.495630608348984624e-05 -1.264179826563117958e-04 2.677580760538205156e-04 -1.987071258692935105e-04 -2.738780540258594384e-04 -2.863895751403367895e-04 3.981759897664637364e-05 -5.004194362182021790e-04 0.000000000000000000e+00 2.284121479242101204e-04
5.293079237204482415e-04 1.153225874652165708e-03 -5.515694374497820364e-04 8.728576840611889818e-04 -2.725276316873985710e-04 -4.944872065454488730e-06 -2.567449482632979557e-04 2.328107282662930709e-04 -8.137752314026834534e-05 7.066011941042628071e-05 2.284121479242101204e-04 0.000000000000000000e+00
