0.000000000000000000e+00 -2.068003628925444825e-03 -7.877933231963406323e-04 4.136918770611524307e-04 -2.086355680650619332e-04 4.843854462469325046e-05 9.714981844543000341e-04 8.071143498187767539e-04 9.567359831688185007e-04 9.710765139883908818e-04 -1.485070462982029081e-04 -2.467909564811982676e-04
-2.068003628925444825e-03 0.000000000000000000e+00 9.190591542184602244e-04 -3.910516739598506736e-03 -2.225209984048264822e-04 5.267141582441716308e-04 -1.868043281024690935e-03 -4.810988166141868692e-04 2.246994420445698210e-03 1.315288928451945494e-03 2.250953312781205215e-04 -1.388323366147287737e-03
-7.877933231963406323e-04 9.190591542184602244e-04 0.000000000000000000e+00 7.241410671640557614e-04 -2.994404681014108159e-04 1.508796200453375598e-04 -2.946791884276781393e-04 3.356230860227047016e-04 -3.309805469346689742e-04 -1.177905188699127428e-04 5.107934450770115417e-04 -4.405621502782749868e-04
4.136918770611524307e-04 -3.910516739598506736e-03 7.241410671640557614e-04 0.000000000000000000e+00 -5.630356660598686419e-04 7.824541873564159989e-04 -4.373515418222058567e-04 1.782312133240594753e-04 -1.778788288815336344e-03 1.055696619852050205e-04 -3.144295832028446000e-04 -6.069447931448085061e-04
-2.086355680650619332e-04 -2.225209984048264822e-04 -2.994404681014108159e-04 -5.630356660598686419e-04 0.000000000000000000e+00 8.033140112105148164e-05 -3.979830832142453777e-05 -8.889371084393508319e-05 3.461213145579676201e-05 -1.447685752040838878e-05 -1.294083428081029680e-04 2.133215571725256593e-04
4.843854462469325046e-05 5.267141582441716308e-04 1.508796200453375598e-04 7.824541873564159989e-04 8.033140112105148164e-05 0.000000000000000000e+00 -3.957648482060444647e-04 1.552122712935473912e-04 1.066473623918252640e-03 -6.854410389869022879e-05 1.141715010908421344e-04 3.531181619120777422e-04
9.714981844543000341e-04 -1.868043281024690935e-03 -2.946791884276781393e-04 -4.373515418222058567e-04 -3.979830832142453777e-05 -3.957648482060444647e-04 0.000000000000000000e+00 -3.212413314565111598e-04 3.888221630402158616e-04 -3.593613568809811919e-04 1.619785431448419956e-04 -1.461642863108958412e-04
8.071143498187767539e-04 -4.810988166141868692e-04 3.356230860227047016e-04 1.782312133240594753e-04 -8.889371084393508319e-05 1.552122712935473912e-04 -3.212413314565111598e-04 0.000000000000000000e+00 2.833164959210268352e-05 -6.446052049949559863e-05 2.537389204656761077e-04 7.618217992661241065e-05
9.567359831688185007e-04 2.246994420445698210e-03 -3.309805469346689742e-04 -1.778788288815336344e-03 3.461213145579676201e-05 1.066473623918252640e-03 3.888221630402158616e-04 2.833164959210268352e-05 0.000000000000000000e+00 5.132675845535481212e-04 -1.126140677789636139e-05 4.256867222421736635e-04
9.710765139883908818e-04 1.315288928451945494e-03 -1.177905188699127428e-04 1.055696619852050205e-04 -1.447685752040838878e-05 -6.854410389869022879e-05 -3.593613568809811919e-04 -6.446052049949559863e-05 5.132675845535481212e-04 0.000000000000000000e+00 -2.131291865907129312e-04 -5.200351442248417767e-04
-1.485070462982029081e-04 2.250953312781205215e-04 5.107934450770115417e-04 -3.144295832028446000e-04 -1.294083428081029680e-04 1.141715010908421344e-04 1.619785431448419956e-04 2.537389204656761077e-04 -1.126140677789636139e-05 -2.131291865907129312e-04 0.000000000000000000e+00 1.061068347279898848e-04
-2.467909564811982676e-04 -1.388323366147287737e-03 -4.405621502782749868e-04 -6.069447931448085061e-04 2.133215571725256593e-04 3.531181619120777422e-04 -1.461642863108958412e-04 7.618217992661241065e-05 4.256867222421736635e-04 -5.200351442248417767e-04 1.061068347279898848e-04 0.000000000000000000e+00
