0.000000000000000000e+00 2.765395706930190520e-03 -1.841802319843106558e-04 1.236588769099618464e-03 5.704205670667313304e-04 4.617508950442281070e-04 -8.716143662629841820e-04 -1.328543728118461041e-04 1.015385415823198082e-03 9.144840490868967869e-04 -2.259615825859962910e-04 4.561642572289419822e-04
2.765395706930190520e-03 0.000000000000000000e+00 -2.160788385702621175e-03 -6.697825840525482464e-04 3.646646543089836798e-04 1.828108721798454354e-05 4.900192632275899652e-04 -2.325122131799529836e-03 2.521019309753237160e-03 -2.183885123194449209e-04 2.692247656575808305e-04 -9.962784942717001387e-04
-1.841802319843106558e-04 -2.160788385702621175e-03 0.000000000000000000e+00 1.051537592064395298e-03 -4.356978935733884324e-04 8.500501379484608764e-05 -1.795101381082128754e-04 -6.074639558510283545e-04 8.815957524143541203e-04 6.055995748456869613e-05 2.823382441283910928e-04 4.285354600142351621e-04
1.236588769099618464e-03 -6.697825840525482464e-04 1.051537592064395298e-03 0.000000000000000000e+00 3.730255599570168716e-04 9.351028635591598828e-04 -1.410775216833446560e-03 5.586049967264080946e-04 2.165919167559239144e-03 -1.735693821410422711e-04 9.075739314170463068e-04 -3.950552050067708955e-04
5.704205670667313304e-04 3.646646543089836798e-04 -4.356978935733884324e-04 3.730255599570168716e-04 0.000000000000000000e+00 -1.351660373775482541e-04 2.927501374703708487e-04 2.955891554259487144e-04 6.295713291795866856e-04 -2.730194876801513037e-04 1.596023738459542284e-04 -5.888804281671043781e-04
4.617508950442281070e-04 1.828108721798454354e-05 8.500501379484608764e-05 9.351028635591598828e-04 -1.351660373775482541e-04 0.000000000000000000e+00 7.893461116552560192e-04 4.525111382148030515e-04 3.027727940207454015e-04 -6.004446368318813905e-04 -1.018109328172574543e-04 6.042205450276717967e-04
-8.716143662629841820e-04 4.900192632275899652e-04 -1.795101381082128754e-04 -1.410775216833446560e-03 2.927501374703708487e-04 7.893461116552560192e-04 0.000000000000000000e+00 -2.012408265716742156e-04 -1.531220615918742352e-04 -8.476179632422264866e-04 4.168748554763814320e-04 7.190919501216801342e-05
-1.328543728118461041e-04 -2.325122131799529836e-03 -6.074639558510283545e-04 5.586049967264080946e-04 2.955891554259487144e-04 4.525111382148030515e-04 -2.012408265716742156e-04 0.000000000000000000e+00 -7.000274513406243640e-04 -3.485256483704675325e-04 1.414528995254329545e-04 4.709149043948017898e-04
1.015385415823198082e-03 2.521019309753237160e-03 8.815957524143541203e-04 2.165919167559239144e-03 6.295713291795866856e-04 3.027727940207454015e-04 -1.531220615918742352e-04 -7.000274513406243640e-04 0.000000000000000000e+00 -2.771641333418583793e-04 -6.563566860824403737e-05 6.289566539450696314e-05
9.144840490868967869e-04 -2.183885123194449209e-04 6.055995748456869613e-05 -1.735693821410422711e-04 -2.730194876801513037e-04 -6.004446368318813905e-04 -8.476179632422264866e-04 -3.485256483704675325e-04 -2.771641333418583793e-04 0.000000000000000000e+00 -3.718950160033515466e-04 -6.833509295514951249e-04
-2.259615825859962910e-04 2.692247656575808305e-04 2.823382441283910928e-04 9.075739314170463068e-04 1.596023738459542284e-04 -1.018109328172574543e-04 4.168748554763814320e-04 1.414528995254329545e-04 -6.563566860824403737e-05 -3.718950160033515466e-04 0.000000000000000000e+00 -2.618486811247947130e-04
4.561642572289419822e-04 -9.962784942717001387e-04 4.285354600142351621e-04 -3.950552050067708955e-04 -5.888804281671043781e-04 6.042205450276717967e-04 7.190919501216801342e-05 4.709149043948017898e-04 6.289566539450696314e-05 -6.833509295514951249e-04 -2.618486811247947130e-04 0.000000000000000000e+00
