0.000000000000000000e+00 2.500604209939444756e-03 -3.860240588565206255e-04 1.798281348530193519e-03 -5.937390090461262902e-04 3.697476083651972173e-04 1.735989436198158984e-04 -5.768118810645312192e-04 8.612240066113967122e-04 4.160246699780088624e-04 1.369098402083674965e-03 1.246900377423040742e-04
2.500604209939444756e-03 0.000000000000000000e+00 -6.375767509091664941e-04 -5.983981507482081727e-04 -1.401401132820221870e-03 -1.821025134479449482e-03 2.105581413195618324e-04 -5.269929530435928274e-04 2.614708639962083202e-03 -3.131751946608821494e-04 -2.080657047790351617e-03 -1.047019872579801978e-03
-3.860240588565206255e-04 -6.375767509091664941e-04 0.000000000000000000e+00 -5.200832064963272676e-04 -3.020994186272726672e-04 -8.028376028053216479e-04 3.125090290726273748e-04 -7.413234664933767001e-04 -4.644166766603687621e-05 3.564802759569041940e-04 3.213753936266686189e-05 7.602049263537237651e-04
1.798281348530193519e-03 -5.983981507482081727e-04 -5.200832064963272676e-04 0.000000000000000000e+00 7.438265626444513778e-04 9.431566922482509168e-04 -7.557676420529739003e-04 1.465007167335172732e-04 6.968995643799144493e-05 -5.997199042184986556e-04 -7.862227779049149037e-04 3.244985813733036067e-05
-5.937390090461262902e-04 -1.401401132820221870e-03 -3.020994186272726672e-04 7.438265626444513778e-04 0.000000000000000000e+00 -2.966251796074119036e-05 6.383002784411080177e-04 -1.090813543467464384e-04 -1.207730382777368055e-04 -8.702425676774432680e-05 3.768698895248605079e-04 2.556239714160438658e-04
3.697476083651972173e-04 -1.821025134479449482e-03 -8.028376028053216479e-04 9.431566922482509168e-04 -2.966251796074119036e-05 0.000000000000000000e+00 2.065053975053378658e-04 -1.747042913202447284e-04 7.388551269579412975e-04 -8.208679023683354353e-05 -3.722807515186644987e-05 -3.965635347176880467e-04
1.735989436198158984e-04 2.105581413195618324e-04 3.125090290726273748e-04 -7.557676420529739003e-04 6.383002784411080177e-04 2.065053975053378658e-04 0.000000000000000000e+00 -6.635338137116107921e-04 -5.962854906084340875e-04 -3.038626536708611040e-04 -4.473602877523146512e-04 -2.865238786835620625e-04
-5.768118810645312192e-04 -5.269929530435928274e-04 -7.413234664933767001e-04 1.465007167335172732e-04 -1.090813543467464384e-04 -1.747042913202447284e-04 -6.635338137116107921e-04 0.000000000000000000e+00 8.166028080216542915e-05 -4.196151996669517277e-04 -3.612939038583876561e-04 7.890865387534196302e-04
8.612240066113967122e-04 2.614708639962083202e-03 -4.644166766603687621e-05 6.968995643799144493e-05 -1.207730382777368055e-04 7.388551269579412975e-04 -5.962854906084340875e-04 8.166028080216542915e-05 0.000000000000000000e+00 3.401552561478948583e-04 -1.001408019404793816e-03 8.623539395691523545e-04
4.160246699780088624e-04 -3.131751946608821494e-04 3.564802759569041940e-04 -5.997199042184986556e-04 -8.702425676774432680e-05 -8.208679023683354353e-05 -3.038626536708611040e-04 -4.196151996669517277e-04 3.401552561478948583e-04 0.000000000000000000e+00 2.439450587069928495e-04 -1.095595788906423575e-04
1.369098402083674965e-03 -2.080657047790351617e-03 3.213753936266686189e-05 -7.862227779049149037e-04 3.768698895248605079e-04 -3.722807515186644987e-05 -4.473602877523146512e-04 -3.612939038583876561e-04 -1.001408019404793816e-03 2.439450587069928495e-04 0.000000000000000000e+00 -1.346216744328452620e-04
1.246900377423040742e-04 -1.047019872579801978e-03 7.602049263537237651e-04 3.244985813733036067e-05 2.556239714160438658e-04 -3.965635347176880467e-04 -2.865238786835620625e-04 7.890865387534196302e-04 8.623539395691523545e-04 -1.095595788906423575e-04 -1.346216744328452620e-04 0.000000000000000000e+00
