0.000000000000000000e+00 -5.417282080879005902e-06 5.891054599650489372e-04 -1.095674306144705330e-03 2.034373403935417143e-03 9.319900225876993969e-05 -5.882340172881010514e-04 4.880290741198747471e-04 3.518228832687835873e-04 6.715920440002592906e-05 1.483165956440697089e-03 7.478513060131171961e-04
-5.417282080879005902e-06 0.000000000000000000e+00 3.534229048322085542e-04 -4.119284761770796366e-05 1.176812829052446222e-03 1.689621429358267347e-04 4.139561469066160957e-04 8.316607944464503733e-04 -6.416067914416647778e-04 1.123191067108681839e-03 1.077639954686314188e-03 -1.771999427283475366e-05
5.891054599650489372e-04 3.534229048322085542e-04 0.000000000000000000e+00 4.210837326258710413e-04 1.604856750056926715e-03 -1.365345184003934173e-04 1.151684620843329072e-04 1.679783777357057276e-07 -1.937414852559687223e-05 -1.702621080478980984e-03 7.729337284661999671e-04 -3.425078590668567463e-04
-1.095674306144705330e-03 -4.119284761770796366e-05 4.210837326258710413e-04 0.000000000000000000e+00 -4.599216540395755534e-04 -2.200899082925683006e-04 -3.449967318576712826e-04 6.283037144784464362e-04 2.533389795578666571e-04 4.693399432754005924e-04 1.872159550227400727e-03 6.857739617556229310e-04
2.034373403935417143e-03 1.176812829052446222e-03 1.604856750056926715e-03 -4.599216540395755534e-04 0.000000000000000000e+00 5.588646372478266178e-04 -1.593554786638058142e-03 -1.149168340849405882e-03 -3.628668917974862046e-05 -8.897289387168999238e-06 2.355278870061531648e-03 -1.335332382891112534e-03
9.319900225876993969e-05 1.689621429358267347e-04 -1.365345184003934173e-04 -2.200899082925683006e-04 5.588646372478266178e-04 0.000000000000000000e+00 -1.752361390397426920e-04 6.502456070424532299e-04 -3.733529670987241001e-04 4.226166180786662175e-04 5.386837305988576496e-05 -2.895935859054667117e-04
-5.882340172881010514e-04 4.139561469066160957e-04 1.151684620843329072e-04 -3.449967318576712826e-04 -1.593554786638058142e-03 -1.752361390397426920e-04 0.000000000000000000e+00 -3.148489045992051180e-04 -1.551027355684695308e-04 1.347584057923051973e-05 -1.949835836647723292e-04 4.890210736968507790e-04
4.880290741198747471e-04 8.316607944464503733e-04 1.679783777357057276e-07 6.283037144784464362e-04 -1.149168340849405882e-03 6.502456070424532299e-04 -3.148489045992051180e-04 0.000000000000000000e+00 2.162170488162476684e-04 1.248828075491522542e-03 2.701052409601441100e-03 -5.423553960647042611e-04
3.518228832687835873e-04 -6.416067914416647778e-04 -1.937414852559687223e-05 2.533389795578666571e-04 -3.628668917974862046e-05 -3.733529670987241001e-04 -1.551027355684695308e-04 2.162170488162476684e-04 0.000000000000000000e+00 9.719928857236300465e-04 -3.516905687982092052e-04 3.899507182699945532e-04
6.715920440002592906e-05 1.123191067108681839e-03 -1.702621080478980984e-03 4.693399432754005924e-04 -8.897289387168999238e-06 4.226166180786662175e-04 1.347584057923051973e-05 1.248828075491522542e-03 9.719928857236300465e-04 0.000000000000000000e+00 -4.012691931602656650e-03 -9.446002871944431155e-04
1.483165956440697089e-03 1.077639954686314188e-03 7.729337284661999671e-04 1.872159550227400727e-03 2.355278870061531648e-03 5.386837305988576496e-05 -1.949835836647723292e-04 2.701052409601441100e-03 -3.516905687982092052e-04 -4.012691931602656650e-03 0.000000000000000000e+00 5.968025351560283338e-04
7.478513060131171961e-04 -1.771999427283475366e-05 -3.425078590668567463e-04 6.857739617556229310e-04 -1.335332382891112534e-03 -2.895935859054667117e-04 4.890210736968507790e-04 -5.423553960647042611e-04 3.899507182699945532e-04 -9.446002871944431155e-04 5.968025351560283338e-04 0.000000000000000000e+00
