0.000000000000000000e+00 -1.433756568617102628e-04 8.795969497609865042e-04 -7.454532541187566699e-05 1.772146840424679553e-03 -3.230056940082909550e-04 -2.480938566011111810e-04 -8.314083099355183909e-04 4.203562520178867417e-04 -1.324812742611015080e-03 -4.510288053169632670e-05 5.747304738622048678e-04
-1.433756568617102628e-04 0.000000000000000000e+00 6.310829022981545274e-04 4.084358536069498968e-04 2.305691281403365249e-04 4.377160385688140038e-05 4.502301304451052154e-04 3.410158949098507732e-04 -3.511819009914609886e-05 -1.652868958313405347e-04 2.758105465571701587e-04 -4.109679827641225607e-04
8.795969497609865042e-04 6.310829022981545274e-04 0.000000000000000000e+00 5.333848691196027038e-04 4.547921522137592619e-04 4.482866092574923404e-05 -4.309753955945467034e-04 -1.607255655553686564e-03 -3.260095976189740443e-04 2.452794071120889346e-04 1.043730630940366885e-03 -4.109464261152118874e-04
-7.454532541187566699e-05 4.084358536069498968e-04 5.333848691196027038e-04 0.000000000000000000e+00 -8.866110116503746067e-04 2.502257050611546123e-04 1.879768724848040399e-04 3.507540479976068619e-04 -4.298483282666768434e-04 8.909789944942955687e-04 5.761552285218562389e-04 -7.173341507601743369e-05
1.772146840424679553e-03 2.305691281403365249e-04 4.547921522137592619e-04 -8.866110116503746067e-04 0.000000000000000000e+00 -4.657350591637870953e-04 1.338991187020611333e-04 1.393815939065834930e-03 2.596975892797678625e-04 9.511356495247639230e-04 -3.388119769555142900e-03 -2.797975921137928700e-04
-3.230056940082909550e-04 4.377160385688140038e-05 4.482866092574923404e-05 2.502257050611546123e-04 -4.657350591637870953e-04 0.000000000000000000e+00 -1.516646884597619405e-04 -3.814062762991304260e-04 -3.618318146296109592e-04 2.401424192958112526e-04 3.465757163687032435e-04 -5.770393465861703560e-05
-2.480938566011111810e-04 4.502301304451052154e-04 -4.309753955945467034e-04 1.879768724848040399e-04 1.338991187020611333e-04 -1.516646884597619405e-04 0.000000000000000000e+00 1.124785313515827854e-04 -2.406328087777338679e-04 -2.393145099330403120e-04 -1.922335747079106428e-04 2.372434279265840521e-04
-8.314083099355183909e-04 3.410158949098507732e-04 -1.607255655553686564e-03 3.507540479976068619e-04 1.393815939065834930e-03 -3.814062762991304260e-04 1.124785313515827854e-04 0.000000000000000000e+00 4.914131606383608008e-04 2.888547371120040938e-03 1.278918798311400582e-04 1.014315055771305117e-03
4.203562520178867417e-04 -3.511819009914609886e-05 -3.260095976189740443e-04 -4.298483282666768434e-04 2.596975892797678625e-04 -3.618318146296109592e-04 -2.406328087777338679e-04 4.914131606383608008e-04 0.000000000000000000e+00 -7.387242567016187936e-04 6.485427328655254259e-04 2.285386586896698106e-04
-1.324812742611015080e-03 -1.652868958313405347e-04 2.452794071120889346e-04 8.909789944942955687e-04 9.511356495247639230e-04 2.401424192958112526e-04 -2.393145099330403120e-04 2.888547371120040938e-03 -7.387242567016187936e-04 0.000000000000000000e+00 4.497486379650908884e-04 5.119975118998344081e-04
-4.510288053169632670e-05 2.758105465571701587e-04 1.043730630940366885e-03 5.761552285218562389e-04 -3.388119769555142900e-03 3.465757163687032435e-04 -1.922335747079106428e-04 1.278918798311400582e-04 6.485427328655254259e-04 4.497486379650908884e-04 0.000000000000000000e+00 1.285187075132205496e-03
5.747304738622048678e-04 -4.109679827641225607e-04 -4.109464261152118874e-04 -7.173341507601743369e-05 -2.797975921137928700e-04 -5.770393465861703560e-05 2.372434279265840521e-04 1.014315055771305117e-03 2.285386586896698106e-04 5.119975118998344081e-04 1.285187075132205496e-03 0.000000000000000000e+00
