0.000000000000000000e+00 4.404589386396406936e-04 3.791212073811330496e-04 1.825032079571643035e-04 4.218783279602582770e-04 -2.843554890607593081e-04 1.644288497744027461e-04 3.623282562498876059e-04 1.861981620249702856e-04 -1.156448685109381577e-03 -2.185880206453230451e-04 3.344624959664564863e-04
4.404589386396406936e-04 0.000000000000000000e+00 -3.253178526270990127e-04 -3.336063267593110328e-04 9.493594487752865605e-04 -5.257026461795885315e-04 -1.370536622044344797e-04 8.841393812982484952e-05 5.783159316896077017e-05 -3.876052007119339029e-04 1.285486591447709565e-03 -1.116014008491577854e-04
3.791212073811330496e-04 -3.253178526270990127e-04 0.000000000000000000e+00 -3.611842237514239270e-04 6.601648131566489799e-04 1.134931746942263758e-04 1.906339732267276713e-04 -5.278792701347917926e-04 -2.674699743019528608e-04 -3.847876881742739552e-04 -8.337425041483485571e-04 1.321140952703023783e-04
1.825032079571643035e-04 -3.336063267593110328e-04 -3.611842237514239270e-04 0.000000000000000000e+00 7.376502640738297114e-04 -4.735731159741335904e-05 -6.346647684897999879e-05 5.016934425063723606e-04 3.538661795969447275e-05 -1.050999629560324822e-03 -1.364782707899729434e-03 1.418906537734366954e-05
4.218783279602582770e-04 9.493594487752865605e-04 6.601648131566489799e-04 7.376502640738297114e-04 0.000000000000000000e+00 -8.376048598767801704e-04 -7.282832061035887650e-04 -7.567407047190381113e-04 -1.020387760577971467e-03 -1.883726403369034635e-03 -4.437182036600586621e-04 -6.309052420027447391e-04
-2.843554890607593081e-04 -5.257026461795885315e-04 1.134931746942263758e-04 -4.735731159741335904e-05 -8.376048598767801704e-04 0.000000000000000000e+00 -3.326131021147891672e-04 -1.050331855402055880e-03 1.943789070945697742e-04 -1.129761911344386201e-03 -1.039371369167564011e-03 1.572880655906529744e-04
1.644288497744027461e-04 -1.370536622044344797e-04 1.906339732267276713e-04 -6.346647684897999879e-05 -7.282832061035887650e-04 -3.326131021147891672e-04 0.000000000000000000e+00 -3.755297756969488824e-04 -4.252556412708874184e-05 -6.428187500507325392e-04 -3.503292867125734552e-05 3.453496808638185076e-04
3.623282562498876059e-04 8.841393812982484952e-05 -5.278792701347917926e-04 5.016934425063723606e-04 -7.567407047190381113e-04 -1.050331855402055880e-03 -3.755297756969488824e-04 0.000000000000000000e+00 3.497835205902399651e-04 2.564171583345350829e-03 -1.970004852927756227e-03 -5.002366494680000365e-04
1.861981620249702856e-04 5.783159316896077017e-05 -2.674699743019528608e-04 3.538661795969447275e-05 -1.020387760577971467e-03 1.943789070945697742e-04 -4.252556412708874184e-05 3.497835205902399651e-04 0.000000000000000000e+00 -1.336187326870273218e-03 9.379525605459621126e-04 -4.101000073335954758e-04
-1.156448685109381577e-03 -3.876052007119339029e-04 -3.847876881742739552e-04 -1.050999629560324822e-03 -1.883726403369034635e-03 -1.129761911344386201e-03 -6.428187500507325392e-04 2.564171583345350829e-03 -1.336187326870273218e-03 0.000000000000000000e+00 1.541069942788154349e-03 6.147871767809386231e-04
-2.185880206453230451e-04 1.285486591447709565e-03 -8.337425041483485571e-04 -1.364782707899729434e-03 -4.437182036600586621e-04 -1.039371369167564011e-03 -3.503292867125734552e-05 -1.970004852927756227e-03 9.379525605459621126e-04 1.541069942788154349e-03 0.000000000000000000e+00 -3.180549307001427281e-04
3.344624959664564863e-04 -1.116014008491577854e-04 1.321140952703023783e-04 1.418906537734366954e-05 -6.309052420027447391e-04 1.572880655906529744e-04 3.453496808638185076e-04 -5.002366494680000365e-04 -4.101000073335954758e-04 6.147871767809386231e-04 -3.180549307001427281e-04 0.000000000000000000e+00
