0.000000000000000000e+00 -7.482935818218344004e-06 -3.367497057059433462e-04 4.637689228907081185e-04 -5.746871479082858204e-04 1.496912765270486014e-04 -2.257291197790579082e-04 7.191703918688112590e-04 1.359917215333560862e-04 -1.379928006754654391e-04 -2.050718724256470334e-05 1.202483478152724615e-06
-7.482935818218344004e-06 0.000000000000000000e+00 6.064500573167927195e-04 3.698488450376426033e-04 3.828867422504828445e-04 -3.644580959516546207e-04 3.371289883451567622e-04 -1.007329079303711334e-03 4.681841326342882251e-04 9.826788451654849734e-04 -1.357654297717314365e-03 3.475750177584093045e-04
-3.367497057059433462e-04 6.064500573167927195e-04 0.000000000000000000e+00 -1.045640335536127986e-03 -2.375390404716871083e-04 2.363441738115822728e-04 -2.790986629864432278e-04 -2.434882619248760318e-04 3.711810883139574476e-05 -9.985514968538673763e-04 4.194368740037696672e-04 -5.142193648080516100e-04
4.637689228907081185e-04 3.698488450376426033e-04 -1.045640335536127986e-03 0.000000000000000000e+00 -4.717596195346863909e-04 -6.870299071648522686e-04 -3.763394072336151593e-04 1.511919548241128083e-03 2.181359721369682261e-04 7.099213659572185982e-04 2.959148735630840518e-04 -6.059080561864949640e-04
-5.746871479082858204e-04 3.828867422504828445e-04 -2.375390404716871083e-04 -4.717596195346863909e-04 0.000000000000000000e+00 -3.701820591633367603e-04 -3.106358952730900068e-04 1.496766200735296292e-03 -1.923852129740387905e-04 3.133528794924553273e-03 2.340961018003524796e-03 -1.216974183806914507e-05
1.496912765270486014e-04 -3.644580959516546207e-04 2.363441738115822728e-04 -6.870299071648522686e-04 -3.701820591633367603e-04 0.000000000000000000e+00 5.141491234467442410e-04 8.254041306991650057e-06 -2.918977037367293187e-04 4.143710061830735512e-04 -6.427001934833243696e-04 -5.020923755311330216e-05
-2.257291197790579082e-04 3.371289883451567622e-04 -2.790986629864432278e-04 -3.763394072336151593e-04 -3.106358952730900068e-04 5.141491234467442410e-04 0.000000000000000000e+00 6.192150239445108704e-04 -1.149193952937721503e-04 -1.097185300981516273e-03 -1.252311174794261623e-03 6.071075433616611526e-05
7.191703918688112590e-04 -1.007329079303711334e-03 -2.434882619248760318e-04 1.511919548241128083e-03 1.496766200735296292e-03 8.254041306991650057e-06 6.192150239445108704e-04 0.000000000000000000e+00 -5.389340767297950849e-05 1.516064841907406330e-03 -3.350672037209456288e-03 4.999456157724612446e-04
1.359917215333560862e-04 4.681841326342882251e-04 3.711810883139574476e-05 2.181359721369682261e-04 -1.923852129740387905e-04 -2.918977037367293187e-04 -1.149193952937721503e-04 -5.389340767297950849e-05 0.000000000000000000e+00 -3.865016760181287691e-04 -6.350135954799407748e-04 -4.687220790744501831e-05
-1.379928006754654391e-04 9.826788451654849734e-04 -9.985514968538673763e-04 7.099213659572185982e-04 3.133528794924553273e-03 4.143710061830735512e-04 -1.097185300981516273e-03 1.516064841907406330e-03 -3.865016760181287691e-04 0.000000000000000000e+00 -1.160804011817902865e-03 -2.090031543410740458e-03
-2.050718724256470334e-05 -1.357654297717314365e-03 4.194368740037696672e-04 2.959148735630840518e-04 2.340961018003524796e-03 -6.427001934833243696e-04 -1.252311174794261623e-03 -3.350672037209456288e-03 -6.350135954799407748e-04 -1.160804011817902865e-03 0.000000000000000000e+00 4.762992208133460300e-04
1.202483478152724615e-06 3.475750177584093045e-04 -5.142193648080516100e-04 -6.059080561864949640e-04 -1.216974183806914507e-05 -5.020923755311330216e-05 6.071075433616611526e-05 4.999456157724612446e-04 -4.687220790744501831e-05 -2.090031543410740458e-03 4.762992208133460300e-04 0.000000000000000000e+00
