0.000000000000000000e+00 3.367285859374241825e-04 4.541566021790823622e-04 4.136729181599873499e-04 -2.111795804161132077e-04 -5.219437694699071301e-05 -4.496873508905397071e-04 8.316134746637474703e-04 -2.333819834542574638e-04 -1.153837209002162445e-05 2.371520492333301089e-04 4.046908184318857155e-04
3.367285859374241825e-04 0.000000000000000000e+00 2.243265258972354680e-05 3.031024245535972198e-04 -1.342792483549058204e-03 -3.162655127717342888e-04 -4.113724807914467124e-04 8.384282882297477979e-04 1.175318948760222524e-04 -1.497433962158935044e-03 -1.772291026465367065e-03 2.487892685578620578e-04
4.541566021790823622e-04 2.243265258972354680e-05 0.000000000000000000e+00 4.358730470477060960e-04 1.246963304947863640e-03 1.032268593604775716e-04 3.099223365521894019e-04 3.773282360307570762e-04 -3.158689175786716461e-04 -1.619974229053984700e-03 -2.172027552614337414e-04 1.652881169381611743e-04
4.136729181599873499e-04 3.031024245535972198e-04 4.358730470477060960e-04 0.000000000000000000e+00 1.251496542460126351e-04 4.919891241588044079e-04 4.043871223900243604e-04 -1.216585745700377377e-03 2.532206238689531526e-04 -1.521959970998659978e-03 2.023946975228562881e-04 1.518106446018208122e-04
-2.111795804161132077e-04 -1.342792483549058204e-03 1.246963304947863640e-03 1.251496542460126351e-04 0.000000000000000000e+00 4.072562918414427140e-04 1.392984175301623746e-04 9.631145582225884285e-04 7.105971924481515852e-04 2.438046818502317276e-03 -1.787809517832296153e-03 6.030804478627222560e-04
-5.219437694699071301e-05 -3.162655127717342888e-04 1.032268593604775716e-04 4.919891241588044079e-04 4.072562918414427140e-04 0.000000000000000000e+00 1.546355208703153572e-04 -2.826795962949196187e-04 -3.631134366266031773e-04 -7.806647020824506941e-04 -2.263439673040138227e-04 6.042787442607276769e-04
-4.496873508905397071e-04 -4.113724807914467124e-04 3.099223365521894019e-04 4.043871223900243604e-04 1.392984175301623746e-04 1.546355208703153572e-04 0.000000000000000000e+00 1.650705466443717776e-03 4.452986392192946337e-04 -1.082335827967829739e-03 1.012524811282063120e-03 -2.194555658653977710e-05
8.316134746637474703e-04 8.384282882297477979e-04 3.773282360307570762e-04 -1.216585745700377377e-03 9.631145582225884285e-04 -2.826795962949196187e-04 1.650705466443717776e-03 0.000000000000000000e+00 8.188033441078058606e-07 3.712903414992193424e-04 -2.634426635622219505e-04 4.413697577536056802e-04
-2.333819834542574638e-04 1.175318948760222524e-04 -3.158689175786716461e-04 2.532206238689531526e-04 7.105971924481515852e-04 -3.631134366266031773e-04 4.452986392192946337e-04 8.188033441078058606e-07 0.000000000000000000e+00 2.690723403275228649e-04 -3.532434077504188166e-04 2.358005613569697369e-04
-1.153837209002162445e-05 -1.497433962158935044e-03 -1.619974229053984700e-03 -1.521959970998659978e-03 2.438046818502317276e-03 -7.806647020824506941e-04 -1.082335827967829739e-03 3.712903414992193424e-04 2.690723403275228649e-04 0.000000000000000000e+00 -1.588997170212054066e-03 -3.893980190356321347e-05
2.371520492333301089e-04 -1.772291026465367065e-03 -2.172027552614337414e-04 2.023946975228562881e-04 -1.787809517832296153e-03 -2.263439673040138227e-04 1.012524811282063120e-03 -2.634426635622219505e-04 -3.532434077504188166e-04 -1.588997170212054066e-03 0.000000000000000000e+00 -1.852904973661553237e-04
4.046908184318857155e-04 2.487892685578620578e-04 1.652881169381611743e-04 1.518106446018208122e-04 6.030804478627222560e-04 6.042787442607276769e-04 -2.194555658653977710e-05 4.413697577536056802e-04 2.358005613569697369e-04 -3.893980190356321347e-05 -1.852904973661553237e-04 0.000000000000000000e+00
