0.000000000000000000e+00 -5.714441854688313187e-04 -2.158976293116297406e-04 1.815318822564785826e-03 -9.854894799369846685e-04 1.112308321052591579e-04 5.605890973475035483e-04 5.121826397518199027e-04 2.309573635278781064e-03 6.754871563766762623e-04 7.663821658918086675e-04 9.476559789319864095e-04
-5.714441854688313187e-04 0.000000000000000000e+00 2.080383962974736945e-04 -3.354105660869896371e-04 6.249064232516604415e-04 -8.084516251327559871e-05 1.304406424309353853e-04 2.579671692365429706e-04 1.165432573055915754e-03 5.210323214169614546e-04 3.530016642229809559e-04 1.474406656397684407e-04
-2.158976293116297406e-04 2.080383962974736945e-04 0.000000000000000000e+00 1.882358359581183776e-04 1.870755177283909979e-03 9.223352769990355096e-04 2.121366699600564293e-04 -5.289009059941013639e-04 3.038530313120353221e-03 -1.922432867711612700e-04 -6.191067869746816202e-04 4.872348371881010881e-04
1.815318822564785826e-03 -3.354105660869896371e-04 1.882358359581183776e-04 0.000000000000000000e+00 8.514781013880641178e-05 4.617802760599154467e-04 4.756719487574859249e-04 -4.147937584716622104e-04 2.271147108687408302e-03 3.052422940055385587e-04 -2.113426322243454098e-04 5.010531390322949018e-04
-9.854894799369846685e-04 6.249064232516604415e-04 1.870755177283909979e-03 8.514781013880641178e-05 0.000000000000000000e+00 -7.872971652433725410e-04 -4.792409048837244548e-04 -4.720020657136263925e-04 1.985378839434203454e-03 -2.552786752519029000e-04 -5.187382137356720031e-05 3.480141694861545545e-04
1.112308321052591579e-04 -8.084516251327559871e-05 9.223352769990355096e-04 4.617802760599154467e-04 -7.872971652433725410e-04 0.000000000000000000e+00 2.561782525357761712e-04 -2.782826428845322606e-04 -1.325606931387524946e-04 3.994150599144433308e-04 5.607500127112591926e-05 -1.008562497633879346e-04
5.605890973475035483e-04 1.304406424309353853e-04 2.121366699600564293e-04 4.756719487574859249e-04 -4.792409048837244548e-04 2.561782525357761712e-04 0.000000000000000000e+00 -3.307510369065684640e-04 4.620505566966795138e-04 1.584864367357334341e-04 3.149067706761264282e-04 -5.542462040302011193e-05
5.121826397518199027e-04 2.579671692365429706e-04 -5.289009059941013639e-04 -4.147937584716622104e-04 -4.720020657136263925e-04 -2.782826428845322606e-04 -3.307510369065684640e-04 0.000000000000000000e+00 4.089720631493031834e-04 3.962697181176417778e-04 -2.513963561865293034e-04 -1.274711747461634891e-04
2.309573635278781064e-03 1.165432573055915754e-03 3.038530313120353221e-03 2.271147108687408302e-03 1.985378839434203454e-03 -1.325606931387524946e-04 4.620505566966795138e-04 4.089720631493031834e-04 0.000000000000000000e+00 8.234702732656356801e-04 6.658673113804454077e-04 -1.036024624077334271e-03
6.754871563766762623e-04 5.210323214169614546e-04 -1.922432867711612700e-04 3.052422940055385587e-04 -2.552786752519029000e-04 3.994150599144433308e-04 1.584864367357334341e-04 3.962697181176417778e-04 8.234702732656356801e-04 0.000000000000000000e+00 3.381685954126224911e-04 4.796098175744827594e-04
7.663821658918086675e-04 3.530016642229809559e-04 -6.191067869746816202e-04 -2.113426322243454098e-04 -5.187382137356720031e-05 5.607500127112591926e-05 3.149067706761264282e-04 -2.513963561865293034e-04 6.658673113804454077e-04 3.381685954126224911e-04 0.000000000000000000e+00 -5.564985857874753814e-04
9.476559789319864095e-04 1.474406656397684407e-04 4.872348371881010881e-04 5.010531390322949018e-04 3.480141694861545545e-04 -1.008562497633879346e-04 -5.542462040302011193e-05 -1.274711747461634891e-04 -1.036024624077334271e-03 4.796098175744827594e-04 -5.564985857874753814e-04 0.000000000000000000e+00
