0.000000000000000000e+00 3.903858623296902223e-04 -5.154230036594146646e-04 1.669797635542612669e-03 1.297598281170047165e-03 3.936912829976533558e-04 5.763086443768694481e-04 -3.582170745467875010e-06 -1.692580418366162196e-03 4.097029605471079602e-04 1.733720526444956756e-04 -7.699763983855824594e-04
3.903858623296902223e-04 0.000000000000000000e+00 -1.176346954143892872e-04 -1.130637361094371428e-04 6.697342181779966739e-04 -9.007287183256182253e-04 1.497384387589273109e-04 8.257418019450383508e-05 1.262732918695291307e-04 3.362683196721128094e-04 1.929176188819060867e-04 2.132905176749319055e-04
-5.154230036594146646e-04 -1.176346954143892872e-04 0.000000000000000000e+00 -9.950308037727790666e-04 8.942081960170096587e-04 -6.135902312217577899e-04 -5.558301069986743074e-05 -3.939848244857065964e-04 -1.878708437526116016e-03 9.292117991100741102e-04 1.442935551768294690e-03 5.840221808276224204e-04
1.669797635542612669e-03 -1.130637361094371428e-04 -9.950308037727790666e-04 0.000000000000000000e+00 1.529492260939394792e-03 3.937695682589384709e-04 2.262884514426740409e-04 1.286574126814270475e-04 3.475899840636434879e-04 -1.253087203744054727e-04 -8.323493120161294277e-04 4.324367190250346938e-05
1.297598281170047165e-03 6.697342181779966739e-04 8.942081960170096587e-04 1.529492260939394792e-03 0.000000000000000000e+00 -9.336354252659070582e-04 -8.631603818124491392e-04 -3.924507704752613619e-04 7.051699330786299425e-04 3.738285914871413156e-04 -6.629562468765783437e-04 -6.567112956700913102e-04
3.936912829976533558e-04 -9.007287183256182253e-04 -6.135902312217577899e-04 3.937695682589384709e-04 -9.336354252659070582e-04 0.000000000000000000e+00 -5.160981354783254212e-05 8.434157723420287122e-05 -1.110369592990268807e-03 6.022808487298278056e-04 -1.469149090382347383e-04 4.415536422988803342e-04
5.763086443768694481e-04 1.497384387589273109e-04 -5.558301069986743074e-05 2.262884514426740409e-04 -8.631603818124491392e-04 -5.160981354783254212e-05 0.000000000000000000e+00 -8.138489027676451895e-05 5.612749380545296223e-04 -2.388404837521584858e-04 2.519715670590707375e-04 -1.737273533388465835e-04
-3.582170745467875010e-06 8.257418019450383508e-05 -3.939848244857065964e-04 1.286574126814270475e-04 -3.924507704752613619e-04 8.434157723420287122e-05 -8.138489027676451895e-05 0.000000000000000000e+00 -7.673053081253649850e-04 2.741696007375044974e-04 7.777435552090025358e-05 2.427261603153734913e-04
-1.692580418366162196e-03 1.262732918695291307e-04 -1.878708437526116016e-03 3.475899840636434879e-04 7.051699330786299425e-04 -1.110369592990268807e-03 5.612749380545296223e-04 -7.673053081253649850e-04 0.000000000000000000e+00 -1.397045777180161994e-03 1.193618655483530107e-03 3.990922227274952810e-04
4.097029605471079602e-04 3.362683196721128094e-04 9.292117991100741102e-04 -1.253087203744054727e-04 3.738285914871413156e-04 6.022808487298278056e-04 -2.388404837521584858e-04 2.741696007375044974e-04 -1.397045777180161994e-03 0.000000000000000000e+00 1.738862962854241414e-04 4.812804787295720975e-04
1.733720526444956756e-04 1.929176188819060867e-04 1.442935551768294690e-03 -8.323493120161294277e-04 -6.629562468765783437e-04 -1.469149090382347383e-04 2.519715670590707375e-04 7.777435552090025358e-05 1.193618655483530107e-03 1.738862962854241414e-04 0.000000000000000000e+00 -2.435262749479633353e-04
-7.699763983855824594e-04 2.132905176749319055e-04 5.840221808276224204e-04 4.324367190250346938e-05 -6.567112956700913102e-04 4.415536422988803342e-04 -1.737273533388465835e-04 2.427261603153734913e-04 3.990922227274952810e-04 4.812804787295720975e-04 -2.435262749479633353e-04 0.000000000000000000e+00
