0.000000000000000000e+00 -2.225313157489028956e-04 -1.776158027295261657e-03 1.126113258336510371e-03 2.430511905626047894e-03 -9.816655724641091575e-04 2.054830274430840306e-04 -6.920548287198098961e-04 3.601097701777589751e-03 -4.375807525667597996e-04 1.700345135910976725e-03 -1.231163331019614676e-03
-2.225313157489028956e-04 0.000000000000000000e+00 6.774284940600981643e-04 -7.900235324659761992e-04 1.005522375416094275e-03 8.987684117301426943e-04 -2.592658185987692333e-04 4.840382531963202499e-04 7.323890086351049575e-04 7.660158141016096289e-05 3.143181841795645117e-04 8.679854673145767836e-05
-1.776158027295261657e-03 6.774284940600981643e-04 0.000000000000000000e+00 1.217763611860920832e-03 -2.004602573557063248e-03 -7.030069193461638104e-04 2.518624212531085627e-04 3.567141751470345170e-04 3.488657268204190670e-03 4.007855419266204058e-04 -1.969279005754766883e-03 -1.891967671123117244e-04
1.126113258336510371e-03 -7.900235324659761992e-04 1.217763611860920832e-03 0.000000000000000000e+00 -5.519111305369195798e-04 -7.101351419658748232e-05 4.960754768004786664e-05 1.133035205983995224e-04 -7.387279943013417855e-04 -5.458651826367755819e-04 2.434773602155171639e-04 2.297300960530100123e-04
2.430511905626047894e-03 1.005522375416094275e-03 -2.004602573557063248e-03 -5.519111305369195798e-04 0.000000000000000000e+00 9.164718344242121003e-04 1.878243441576378362e-04 4.246254556710539572e-05 -2.515885558154761815e-03 -6.245534182693257455e-05 -1.216611589197909684e-04 -1.217777017010244090e-03
-9.816655724641091575e-04 8.987684117301426943e-04 -7.030069193461638104e-04 -7.101351419658748232e-05 9.164718344242121003e-04 0.000000000000000000e+00 -3.451979472868254195e-04 -3.832030800682423299e-04 -8.451728085475876525e-04 -6.935839176174162998e-04 7.491740074362765499e-05 6.051249529696296021e-04
2.054830274430840306e-04 -2.592658185987692333e-04 2.518624212531085627e-04 4.960754768004786664e-05 1.878243441576378362e-04 -3.451979472868254195e-04 0.000000000000000000e+00 -1.766347854722869880e-04 -4.055608723983369608e-04 2.336599802053659512e-04 5.846360904192703014e-04 -3.300074567901088306e-04
-6.920548287198098961e-04 4.840382531963202499e-04 3.567141751470345170e-04 1.133035205983995224e-04 4.246254556710539572e-05 -3.832030800682423299e-04 -1.766347854722869880e-04 0.000000000000000000e+00 -9.603551489497546331e-04 -5.999115894180368354e-05 4.594680281906282030e-04 -5.514265148173574070e-04
3.601097701777589751e-03 7.323890086351049575e-04 3.488657268204190670e-03 -7.387279943013417855e-04 -2.515885558154761815e-03 -8.451728085475876525e-04 -4.055608723983369608e-04 -9.603551489497546331e-04 0.000000000000000000e+00 -1.484351612252970184e-03 1.109732592260906326e-03 -9.029820412283743204e-04
-4.375807525667597996e-04 7.660158141016096289e-05 4.007855419266204058e-04 -5.458651826367755819e-04 -6.245534182693257455e-05 -6.935839176174162998e-04 2.336599802053659512e-04 -5.999115894180368354e-05 -1.484351612252970184e-03 0.000000000000000000e+00 -6.503453661473414856e-04 3.828498278606224411e-04
1.700345135910976725e-03 3.143181841795645117e-04 -1.969279005754766883e-03 2.434773602155171639e-04 -1.216611589197909684e-04 7.491740074362765499e-05 5.846360904192703014e-04 4.594680281906282030e-04 1.109732592260906326e-03 -6.503453661473414856e-04 0.000000000000000000e+00 8.403853514448503519e-04
-1.231163331019614676e-03 8.679854673145767836e-05 -1.891967671123117244e-04 2.297300960530100123e-04 -1.217777017010244090e-03 6.051249529696296021e-04 -3.300074567901088306e-04 -5.514265148173574070e-04 -9.029820412283743204e-04 3.828498278606224411e-04 8.403853514448503519e-04 0.000000000000000000e+00
