0.000000000000000000e+00 -1.221219639982370651e-03 -2.757360349056574376e-03 1.561510514641491860e-03 -1.113213063491113241e-03 1.183072230098538332e-04 1.905426879955530312e-04 6.233772783221498779e-04 -2.441345244421046484e-03 4.631438938160005502e-04 7.040130073887091887e-04 7.343637643162236224e-04
-1.221219639982370651e-03 0.000000000000000000e+00 -1.757441968350196952e-04 -2.259431632058985721e-04 -1.336225026747246908e-03 4.323025937678429674e-04 -3.571646136815308828e-05 -4.260542927255440374e-04 9.751051309709440331e-04 2.223416516616290957e-04 7.790721220106237290e-04 2.221719221943713066e-04
-2.757360349056574376e-03 -1.757441968350196952e-04 0.000000000000000000e+00 1.793983072646342146e-03 -3.160298066541799818e-04 5.780786591510506806e-04 -4.473656896232021006e-04 -2.513315489549381300e-04 -6.348094589792883458e-04 -3.819564778174125625e-04 -1.089819592392195528e-03 -8.561957085172349239e-04
1.561510514641491860e-03 -2.259431632058985721e-04 1.793983072646342146e-03 0.000000000000000000e+00 1.625064594801640190e-04 1.736630231714052046e-04 -3.551966719679071046e-04 -1.698627852875578075e-04 6.814078287172134268e-04 2.900471482753768770e-04 -1.276822545627395418e-03 -1.690756438512303365e-04
-1.113213063491113241e-03 -1.336225026747246908e-03 -3.160298066541799818e-04 1.625064594801640190e-04 0.000000000000000000e+00 7.228962719314169444e-04 2.758681532109828229e-04 2.007306508312125561e-04 6.003151795956243163e-04 7.930473591430077171e-04 5.976348609894838280e-05 -6.882657280856054483e-04
1.183072230098538332e-04 4.323025937678429674e-04 5.780786591510506806e-04 1.736630231714052046e-04 7.228962719314169444e-04 0.000000000000000000e+00 6.163782436911932009e-04 -1.302799192309640698e-04 2.317569700328354508e-04 -3.911318074905932910e-04 -4.016706025173743936e-04 5.020932594186681931e-04
1.905426879955530312e-04 -3.571646136815308828e-05 -4.473656896232021006e-04 -3.551966719679071046e-04 2.758681532109828229e-04 6.163782436911932009e-04 0.000000000000000000e+00 2.247927480084002270e-04 7.054440075027699477e-04 -2.935075126201233588e-04 -3.045912936639194059e-04 4.204507165991245503e-05
6.233772783221498779e-04 -4.260542927255440374e-04 -2.513315489549381300e-04 -1.698627852875578075e-04 2.007306508312125561e-04 -1.302799192309640698e-04 2.247927480084002270e-04 0.000000000000000000e+00 5.000466108807910233e-04 3.461824701834381908e-04 -1.525715147416576367e-05 2.629171631857539623e-04
-2.441345244421046484e-03 9.751051309709440331e-04 -6.348094589792883458e-04 6.814078287172134268e-04 6.003151795956243163e-04 2.317569700328354508e-04 7.054440075027699477e-04 5.000466108807910233e-04 0.000000000000000000e+00 1.427879427670992758e-03 2.146809245030713124e-03 2.186923736971962962e-03
4.631438938160005502e-04 2.223416516616290957e-04 -3.819564778174125625e-04 2.900471482753768770e-04 7.930473591430077171e-04 -3.911318074905932910e-04 -2.935075126201233588e-04 3.461824701834381908e-04 1.427879427670992758e-03 0.000000000000000000e+00 1.057917713796414135e-03 -3.465709897949556160e-04
7.040130073887091887e-04 7.790721220106237290e-04 -1.089819592392195528e-03 -1.276822545627395418e-03 5.976348609894838280e-05 -4.016706025173743936e-04 -3.045912936639194059e-04 -1.525715147416576367e-05 2.146809245030713124e-03 1.057917713796414135e-03 0.000000000000000000e+00 5.587307491079079869e-04
7.343637643162236224e-04 2.221719221943713066e-04 -8.561957085172349239e-04 -1.690756438512303365e-04 -6.882657280856054483e-04 5.020932594186681931e-04 4.204507165991245503e-05 2.629171631857539623e-04 2.186923736971962962e-03 -3.465709897949556160e-04 5.587307491079079869e-04 0.000000000000000000e+00
