0.000000000000000000e+00 -1.334141505800881923e-03 7.471278753054199327e-04 2.308801502597214865e-05 1.823000079995840648e-03 1.190389010660830756e-03 5.808019366850776305e-04 2.334607057298068895e-03 -1.205482397869498160e-04 8.775088379775254112e-04 7.709918008427566437e-04 2.379463646430244900e-03
-1.334141505800881923e-03 0.000000000000000000e+00 1.262699119428652508e-04 -5.961490557393545660e-04 1.882532400715517375e-04 1.944921115624067404e-04 3.871813448647598962e-05 1.165675351655084903e-04 7.339224754729679347e-05 4.075678721449474710e-04 -5.244113781835079853e-06 1.615123660159089279e-04
7.471278753054199327e-04 1.262699119428652508e-04 0.000000000000000000e+00 -2.180760408185978004e-05 -7.593108933068630712e-04 -2.690411978425387803e-05 1.970092646654783054e-04 1.104350504116222544e-03 -9.349407624013505102e-05 6.123561643602878479e-04 -6.984645605298425795e-04 -4.062811963043947588e-04
2.308801502597214865e-05 -5.961490557393545660e-04 -2.180760408185978004e-05 0.000000000000000000e+00 -2.085955527761027006e-04 3.844118648957493726e-06 6.179740369133750015e-04 4.997136907424589358e-04 -7.094583203292025584e-04 -2.587072246337500454e-05 7.653200467390777750e-04 9.631474478959501729e-04
1.823000079995840648e-03 1.882532400715517375e-04 -7.593108933068630712e-04 -2.085955527761027006e-04 0.000000000000000000e+00 2.004972147843088568e-04 -8.438634847132059141e-04 -7.681914074751032377e-04 -2.436851291980761695e-04 2.875486572691116332e-04 4.055444538218664578e-04 8.182331975923942398e-05
1.190389010660830756e-03 1.944921115624067404e-04 -2.690411978425387803e-05 3.844118648957493726e-06 2.004972147843088568e-04 0.000000000000000000e+00 5.933803929295489383e-04 2.055954006778210535e-05 -1.406844817092028238e-04 5.072927784508105475e-04 2.784077454162634836e-04 -2.843766222051517432e-04
5.808019366850776305e-04 3.871813448647598962e-05 1.970092646654783054e-04 6.179740369133750015e-04 -8.438634847132059141e-04 5.933803929295489383e-04 0.000000000000000000e+00 1.424801520028948134e-03 -3.119775703696648131e-04 1.996748657604320131e-04 -7.813162137542240633e-04 7.247156367660864901e-06
2.334607057298068895e-03 1.165675351655084903e-04 1.104350504116222544e-03 4.997136907424589358e-04 -7.681914074751032377e-04 2.055954006778210535e-05 1.424801520028948134e-03 0.000000000000000000e+00 -4.055936608119083304e-04 8.130155364940728482e-04 -9.234204114290879475e-04 -1.865405757746640709e-03
-1.205482397869498160e-04 7.339224754729679347e-05 -9.349407624013505102e-05 -7.094583203292025584e-04 -2.436851291980761695e-04 -1.406844817092028238e-04 -3.119775703696648131e-04 -4.055936608119083304e-04 0.000000000000000000e+00 3.408499394518745311e-04 -7.702319164856418453e-04 4.369986038708865831e-04
8.775088379775254112e-04 4.075678721449474710e-04 6.123561643602878479e-04 -2.587072246337500454e-05 2.875486572691116332e-04 5.072927784508105475e-04 1.996748657604320131e-04 8.130155364940728482e-04 3.408499394518745311e-04 0.000000000000000000e+00 -1.832883717791308211e-04 -1.963220134113358118e-04
7.709918008427566437e-04 -5.244113781835079853e-06 -6.984645605298425795e-04 7.653200467390777750e-04 4.055444538218664578e-04 2.784077454162634836e-04 -7.813162137542240633e-04 -9.234204114290879475e-04 -7.702319164856418453e-04 -1.832883717791308211e-04 0.000000000000000000e+00 1.467663916734437187e-03
2.379463646430244900e-03 1.615123660159089279e-04 -4.062811963043947588e-04 9.631474478959501729e-04 8.182331975923942398e-05 -2.843766222051517432e-04 7.247156367660864901e-06 -1.865405757746640709e-03 4.369986038708865831e-04 -1.963220134113358118e-04 1.467663916734437187e-03 0.000000000000000000e+00
