0.000000000000000000e+00 -6.185547014285986084e-05 1.399649510676182537e-03 -2.492855360755311025e-04 7.139060705225812016e-04 -2.870321324594319852e-04 -1.124175081258433186e-03 5.706053514773392742e-04 -9.653003707422406088e-04 1.664888215154706227e-05 2.291418830084304605e-03 1.234573768423619751e-03
-6.185547014285986084e-05 0.000000000000000000e+00 -2.233663075236724501e-04 7.982142793724265580e-04 -3.619917184787819326e-04 -8.882660302076971794e-05 2.688733817234269415e-04 1.329886251480740271e-03 -3.510001042456438762e-04 6.464647216067518059e-04 4.579065170408106139e-04 -1.986357393505401396e-04
1.399649510676182537e-03 -2.233663075236724501e-04 0.000000000000000000e+00 3.453117796662799979e-04 -2.853811217326751798e-04 -1.068044017518357948e-04 1.583076316768001904e-03 -9.171698893674926426e-04 -1.710778455785395358e-04 7.076533285014001905e-05 -1.188792775235316193e-03 -7.961936569267172867e-04
-2.492855360755311025e-04 7.982142793724265580e-04 3.453117796662799979e-04 0.000000000000000000e+00 -3.302782900001564686e-04 7.714128495478659946e-05 3.608522381301071538e-06 8.444468281334367157e-04 3.908888766942746735e-05 -1.239049496706613491e-05 -5.178320048621812667e-04 5.338374079497418094e-04
7.139060705225812016e-04 -3.619917184787819326e-04 -2.853811217326751798e-04 -3.302782900001564686e-04 0.000000000000000000e+00 5.837894920593695723e-05 -6.721616327024407906e-04 6.302438789516610776e-04 7.493312842460947052e-05 5.094568019597871207e-05 -7.923923362424635042e-04 -5.262694652875078488e-04
-2.870321324594319852e-04 -8.882660302076971794e-05 -1.068044017518357948e-04 7.714128495478659946e-05 5.837894920593695723e-05 0.000000000000000000e+00 -8.563798061825936584e-04 9.581225711645264273e-04 -4.617458352919549661e-04 -2.441876248866091848e-04 -8.902084509132010906e-05 -1.894214444275791308e-04
-1.124175081258433186e-03 2.688733817234269415e-04 1.583076316768001904e-03 3.608522381301071538e-06 -6.721616327024407906e-04 -8.563798061825936584e-04 0.000000000000000000e+00 -2.092422332932759518e-03 5.129537329106540616e-04 8.194048362635161483e-04 1.032200171542367595e-03 2.663979693271019498e-03
5.706053514773392742e-04 1.329886251480740271e-03 -9.171698893674926426e-04 8.444468281334367157e-04 6.302438789516610776e-04 9.581225711645264273e-04 -2.092422332932759518e-03 0.000000000000000000e+00 -5.372605903339079669e-04 -6.407653036789180126e-04 -5.162717803670331229e-05 -1.021345453700998849e-05
-9.653003707422406088e-04 -3.510001042456438762e-04 -1.710778455785395358e-04 3.908888766942746735e-05 7.493312842460947052e-05 -4.617458352919549661e-04 5.129537329106540616e-04 -5.372605903339079669e-04 0.000000000000000000e+00 8.207582595659981351e-04 -5.319894040999483464e-04 7.303345205383730571e-04
1.664888215154706227e-05 6.464647216067518059e-04 7.076533285014001905e-05 -1.239049496706613491e-05 5.094568019597871207e-05 -2.441876248866091848e-04 8.194048362635161483e-04 -6.407653036789180126e-04 8.207582595659981351e-04 0.000000000000000000e+00 -7.420104397607396292e-04 -3.718340898450192599e-04
2.291418830084304605e-03 4.579065170408106139e-04 -1.188792775235316193e-03 -5.178320048621812667e-04 -7.923923362424635042e-04 -8.902084509132010906e-05 1.032200171542367595e-03 -5.162717803670331229e-05 -5.319894040999483464e-04 -7.420104397607396292e-04 0.000000000000000000e+00 1.674866051274089039e-03
1.234573768423619751e-03 -1.986357393505401396e-04 -7.961936569267172867e-04 5.338374079497418094e-04 -5.262694652875078488e-04 -1.894214444275791308e-04 2.663979693271019498e-03 -1.021345453700998849e-05 7.303345205383730571e-04 -3.718340898450192599e-04 1.674866051274089039e-03 0.000000000000000000e+00
