0.000000000000000000e+00 1.152242367736247639e-03 1.322241421794889205e-03 9.502061803030139361e-04 -1.458894183851938741e-03 -5.376362011842929396e-04 -3.029372710923304720e-04 4.108207943321479094e-03 -2.492735963548363323e-04 -1.543677110684552913e-03 -1.746380731758746113e-04 1.866273926050455176e-03
1.152242367736247639e-03 0.000000000000000000e+00 -4.404936725151422337e-04 3.283998117407411913e-04 -3.311106265739047596e-04 -4.024288317101964042e-04 1.855701087350267203e-05 9.840832391128487603e-05 9.006144390360886192e-05 6.227931655567108492e-05 1.498068461219121946e-04 -4.030894753754639035e-04
1.322241421794889205e-03 -4.404936725151422337e-04 0.000000000000000000e+00 5.826489201099777472e-04 8.435733970842518683e-05 4.128608631436635049e-05 -8.951990486859491038e-04 -1.477415516469241386e-04 -8.408895177937594670e-05 -2.176176433298355301e-04 -3.340641729768811558e-04 -1.268738852688915076e-03
9.502061803030139361e-04 3.283998117407411913e-04 5.826489201099777472e-04 0.000000000000000000e+00 1.913227749782609084e-04 -3.927186510734196408e-04 1.573957464106407942e-04 -1.255304938799353199e-03 1.808455839359671873e-04 3.990180206010538697e-05 8.477017007926560769e-04 -3.385145615740658325e-04
-1.458894183851938741e-03 -3.311106265739047596e-04 8.435733970842518683e-05 1.913227749782609084e-04 0.000000000000000000e+00 -4.734167266124019829e-05 -5.165390600558130742e-04 3.009395740372458107e-04 -1.611763887999797498e-04 4.054934150609192166e-04 -1.604723114640294718e-04 -8.417162901640264897e-05
-5.376362011842929396e-04 -4.024288317101964042e-04 4.128608631436635049e-05 -3.927186510734196408e-04 -4.734167266124019829e-05 0.000000000000000000e+00 -3.184431817674599299e-04 -2.827795910051209656e-04 3.840205611659025910e-05 -3.263908953728027803e-04 1.842675748942805124e-04 8.736165893189199632e-04
-3.029372710923304720e-04 1.855701087350267203e-05 -8.951990486859491038e-04 1.573957464106407942e-04 -5.165390600558130742e-04 -3.184431817674599299e-04 0.000000000000000000e+00 -2.129368624594373156e-03 -5.865708756841534616e-04 -8.153668525593227127e-04 -1.144408737044149506e-04 8.630810757464523223e-04
4.108207943321479094e-03 9.840832391128487603e-05 -1.477415516469241386e-04 -1.255304938799353199e-03 3.009395740372458107e-04 -2.827795910051209656e-04 -2.129368624594373156e-03 0.000000000000000000e+00 2.276655517200381956e-05 9.160208516789531937e-04 -1.108225087001150433e-03 2.640618503619371858e-03
-2.492735963548363323e-04 9.006144390360886192e-05 -8.408895177937594670e-05 1.808455839359671873e-04 -1.611763887999797498e-04 3.840205611659025910e-05 -5.865708756841534616e-04 2.276655517200381956e-05 0.000000000000000000e+00 1.189175183710687123e-04 1.964896664740142169e-05 -8.349368354185199423e-04
-1.543677110684552913e-03 6.227931655567108492e-05 -2.176176433298355301e-04 3.990180206010538697e-05 4.054934150609192166e-04 -3.263908953728027803e-04 -8.153668525593227127e-04 9.160208516789531937e-04 1.189175183710687123e-04 0.000000000000000000e+00 -2.178055134151873234e-04 5.047804797320392111e-05
-1.746380731758746113e-04 1.498068461219121946e-04 -3.340641729768811558e-04 8.477017007926560769e-04 -1.604723114640294718e-04 1.842675748942805124e-04 -1.144408737044149506e-04 -1.108225087001150433e-03 1.964896664740142169e-05 -2.178055134151873234e-04 0.000000000000000000e+00 9.843178942132149375e-04
1.866273926050455176e-03 -4.030894753754639035e-04 -1.268738852688915076e-03 -3.385145615740658325e-04 -8.417162901640264897e-05 8.736165893189199632e-04 8.630810757464523223e-04 2.640618503619371858e-03 -8.349368354185199423e-04 5.047804797320392111e-05 9.843178942132149375e-04 0.000000000000000000e+00
