0.000000000000000000e+00 7.624764980607174475e-04 9.777417618886089401e-05 -1.882461603885163921e-04 2.168995085133499159e-03 -1.848370489708435266e-03 -6.228490479783800301e-04 1.259737925223836921e-03 -9.883563538758178852e-04 -2.395206790843848292e-03 6.902103699281517167e-04 1.691818884210116627e-04
7.624764980607174475e-04 0.000000000000000000e+00 -1.803561370565572714e-04 2.179269526824732881e-04 3.532309261274507750e-04 -2.294531037616209454e-04 -3.498643975661146557e-04 7.104416884822961544e-04 -1.868341013670694222e-05 -1.151835570004242082e-03 -1.786786043991112299e-04 5.490272343681143257e-04
9.777417618886089401e-05 -1.803561370565572714e-04 0.000000000000000000e+00 8.288014146898974065e-05 1.204693472059983287e-03 3.380062363335855843e-04 2.598708930517999813e-04 -3.868773574487407345e-04 -6.461170522192174288e-04 5.223724869230096223e-04 -4.396694666746514589e-04 6.130273857426197419e-04
-1.882461603885163921e-04 2.179269526824732881e-04 8.288014146898974065e-05 0.000000000000000000e+00 -4.723415712883833359e-04 7.476227435263105400e-05 -3.806231029199877089e-04 4.809839420112796220e-04 -4.624263801506702681e-04 1.164682945406691301e-03 -2.550459421466237396e-05 1.579946816519940244e-04
2.168995085133499159e-03 3.532309261274507750e-04 1.204693472059983287e-03 -4.723415712883833359e-04 0.000000000000000000e+00 1.617771637968264207e-03 1.009947186558447698e-03 -1.474159368646167038e-03 -1.181170207640535024e-03 -2.543032717109114903e-03 -1.341370588169740437e-04 9.338673476858243673e-04
-1.848370489708435266e-03 -2.294531037616209454e-04 3.380062363335855843e-04 7.476227435263105400e-05 1.617771637968264207e-03 0.000000000000000000e+00 -3.249196534539065015e-04 -2.117227555226250835e-04 1.336198005935725519e-04 1.193948039300626136e-03 1.236544742652561420e-04 1.032578820096007901e-04
-6.228490479783800301e-04 -3.498643975661146557e-04 2.598708930517999813e-04 -3.806231029199877089e-04 1.009947186558447698e-03 -3.249196534539065015e-04 0.000000000000000000e+00 -4.085749771336058349e-04 2.520273952544601747e-04 -1.239629608100212450e-03 1.522190752575183575e-04 -3.293917833204793402e-04
1.259737925223836921e-03 7.104416884822961544e-04 -3.868773574487407345e-04 4.809839420112796220e-04 -1.474159368646167038e-03 -2.117227555226250835e-04 -4.085749771336058349e-04 0.000000000000000000e+00 7.286017677640499804e-04 -4.567531171059936940e-04 -7.162112175182737015e-04 -2.983467577237048588e-04
-9.883563538758178852e-04 -1.868341013670694222e-05 -6.461170522192174288e-04 -4.624263801506702681e-04 -1.181170207640535024e-03 1.336198005935725519e-04 2.520273952544601747e-04 7.286017677640499804e-04 0.000000000000000000e+00 9.423508216733034008e-04 5.670310445904618154e-04 4.092391836348274400e-04
-2.395206790843848292e-03 -1.151835570004242082e-03 5.223724869230096223e-04 1.164682945406691301e-03 -2.543032717109114903e-03 1.193948039300626136e-03 -1.239629608100212450e-03 -4.567531171059936940e-04 9.423508216733034008e-04 0.000000000000000000e+00 6.929829411574131527e-04 5.659860401848766783e-04
6.902103699281517167e-04 -1.786786043991112299e-04 -4.396694666746514589e-04 -2.550459421466237396e-05 -1.341370588169740437e-04 1.236544742652561420e-04 1.522190752575183575e-04 -7.162112175182737015e-04 5.670310445904618154e-04 6.929829411574131527e-04 0.000000000000000000e+00 5.586901701900957732e-04
1.691818884210116627e-04 5.490272343681143257e-04 6.130273857426197419e-04 1.579946816519940244e-04 9.338673476858243673e-04 1.032578820096007901e-04 -3.293917833204793402e-04 -2.983467577237048588e-04 4.092391836348274400e-04 5.659860401848766783e-04 5.586901701900957732e-04 0.000000000000000000e+00
