0.000000000000000000e+00 -5.486973613857317324e-05 -8.940700488751704682e-05 2.313355910758806708e-04 -5.791661498898603884e-04 1.038780725320562941e-03 1.784141089194420018e-03 1.000977197426354678e-03 1.225271078631906107e-03 1.595850599482313836e-03 5.570394160191123384e-04 -4.293680960106217208e-04
-5.486973613857317324e-05 0.000000000000000000e+00 -5.387749222333374015e-05 -1.019887989988321438e-04 6.058501538854320747e-04 -8.014524259919783697e-04 2.294493655034943647e-04 1.874897399647536083e-04 5.568874594642485992e-04 -1.596149949891308237e-03 -8.676702317894805048e-05 -7.531142638083619418e-05
-8.940700488751704682e-05 -5.387749222333374015e-05 0.000000000000000000e+00 2.922805940075373448e-04 -5.664659833148273952e-04 -6.133826129180820546e-04 4.007306256012924703e-04 1.910862746483621920e-04 -4.734646763361343336e-04 -7.307032250319518132e-04 2.289032497018250538e-04 1.145794916321033564e-04
2.313355910758806708e-04 -1.019887989988321438e-04 2.922805940075373448e-04 0.000000000000000000e+00 -3.238429578537897952e-04 -2.816195017113140158e-06 -3.858914340837001598e-04 3.576023198249182267e-04 -5.981622544229721344e-05 -6.449621134627191556e-04 5.530839204274302478e-07 -6.487839472259340811e-05
-5.791661498898603884e-04 6.058501538854320747e-04 -5.664659833148273952e-04 -3.238429578537897952e-04 0.000000000000000000e+00 -6.976811408577243733e-04 9.784028957998913657e-05 -5.197583663283010199e-05 1.384743551565607931e-04 2.285551131118058934e-03 6.451791072950217821e-04 -6.282477326532204991e-04
1.038780725320562941e-03 -8.014524259919783697e-04 -6.133826129180820546e-04 -2.816195017113140158e-06 -6.976811408577243733e-04 0.000000000000000000e+00 1.763005302857234026e-04 1.263775583223144064e-04 1.013610312161898619e-03 -3.912278673582602609e-04 -6.373766005414540671e-04 -6.345773148370985502e-04
1.784141089194420018e-03 2.294493655034943647e-04 4.007306256012924703e-04 -3.858914340837001598e-04 9.784028957998913657e-05 1.763005302857234026e-04 0.000000000000000000e+00 -5.663858822156945735e-04 -6.804004785994083185e-04 1.479983865297362011e-03 4.329199039735507791e-04 -1.384637260324331405e-04
1.000977197426354678e-03 1.874897399647536083e-04 1.910862746483621920e-04 3.576023198249182267e-04 -5.197583663283010199e-05 1.263775583223144064e-04 -5.663858822156945735e-04 0.000000000000000000e+00 5.862635183945639908e-04 1.200191476786801204e-03 2.445219935274123443e-04 -8.901547843301290449e-04
1.225271078631906107e-03 5.568874594642485992e-04 -4.734646763361343336e-04 -5.981622544229721344e-05 1.384743551565607931e-04 1.013610312161898619e-03 -6.804004785994083185e-04 5.862635183945639908e-04 0.000000000000000000e+00 -9.626397346912312432e-05 9.262132492587725344e-04 -4.480609348800398809e-04
1.595850599482313836e-03 -1.596149949891308237e-03 -7.307032250319518132e-04 -6.449621134627191556e-04 2.285551131118058934e-03 -3.912278673582602609e-04 1.479983865297362011e-03 1.200191476786801204e-03 -9.626397346912312432e-05 0.000000000000000000e+00 2.327550466901674286e-04 1.262400623098506496e-03
5.570394160191123384e-04 -8.676702317894805048e-05 2.289032497018250538e-04 5.530839204274302478e-07 6.451791072950217821e-04 -6.373766005414540671e-04 4.329199039735507791e-04 2.445219935274123443e-04 9.262132492587725344e-04 2.327550466901674286e-04 0.000000000000000000e+00 1.970707256863453341e-04
-4.293680960106217208e-04 -7.531142638083619418e-05 1.145794916321033564e-04 -6.487839472259340811e-05 -6.282477326532204991e-04 -6.345773148370985502e-04 -1.384637260324331405e-04 -8.901547843301290449e-04 -4.480609348800398809e-04 1.262400623098506496e-03 1.970707256863453341e-04 0.000000000000000000e+00
