0.000000000000000000e+00 5.386597185699227894e-06 -9.433391869734866764e-04 1.281516560605912942e-03 2.997223527786120178e-03 -9.015929485543146271e-04 -3.799981422012994447e-04 -2.284140268910841390e-04 5.456774787692158417e-04 -2.972566828089169989e-03 2.126713494230077781e-04 -1.453845176907292034e-03
5.386597185699227894e-06 0.000000000000000000e+00 1.029620426555835411e-04 3.164801525460771213e-04 -2.275526664128510424e-04 -1.781664687831201253e-04 -1.857336463795243868e-04 1.485564263018473743e-05 -8.934769533083375794e-04 1.382968682964501620e-03 -5.675414880488966179e-04 -2.141578835537741301e-07
-9.433391869734866764e-04 1.029620426555835411e-04 0.000000000000000000e+00 1.347551584587707561e-04 7.796344890840079629e-04 4.637891441177739086e-04 -2.685878299959890744e-04 4.985370258119190771e-04 -2.553100092088533184e-04 1.255040820447405562e-03 1.384613451436959733e-04 -4.865224601948765922e-04
1.281516560605912942e-03 3.164801525460771213e-04 1.347551584587707561e-04 0.000000000000000000e+00 6.089626110125769074e-04 1.517254717633639578e-04 1.833661420565236004e-04 -1.669325354956650159e-04 -7.343289045884010590e-04 -7.419891774370931221e-05 -3.417391153071743198e-04 -3.475731400415883526e-04
2.997223527786120178e-03 -2.275526664128510424e-04 7.796344890840079629e-04 6.089626110125769074e-04 0.000000000000000000e+00 1.291172936521436509e-03 7.230911135678571916e-04 -9.702611861434288359e-04 -1.042540130259331319e-03 -3.503454404562259157e-03 8.558057792217080555e-04 -1.201863612309096061e-05
-9.015929485543146271e-04 -1.781664687831201253e-04 4.637891441177739086e-04 1.517254717633639578e-04 1.291172936521436509e-03 0.000000000000000000e+00 -3.009842818997943235e-04 1.817551829649498285e-04 -7.341470477916769641e-04 -4.134214321845518431e-04 5.747405356186183764e-04 2.498261322626752347e-04
-3.799981422012994447e-04 -1.857336463795243868e-04 -2.685878299959890744e-04 1.833661420565236004e-04 7.230911135678571916e-04 -3.009842818997943235e-04 0.000000000000000000e+00 -7.103239852340723407e-05 -4.192235989652406134e-04 1.094172167512370538e-03 3.286402752252557779e-04 3.964538472111958992e-04
-2.284140268910841390e-04 1.485564263018473743e-05 4.985370258119190771e-04 -1.669325354956650159e-04 -9.702611861434288359e-04 1.817551829649498285e-04 -7.103239852340723407e-05 0.000000000000000000e+00 -9.818077595261106932e-05 -1.590367362568682191e-03 -8.112260644883295137e-05 -8.259485083711908069e-04
5.456774787692158417e-04 -8.934769533083375794e-04 -2.553100092088533184e-04 -7.343289045884010590e-04 -1.042540130259331319e-03 -7.341470477916769641e-04 -4.192235989652406134e-04 -9.818077595261106932e-05 0.000000000000000000e+00 -6.277665066095261190e-04 6.843538117059309433e-04 -2.083910392181896403e-04
-2.972566828089169989e-03 1.382968682964501620e-03 1.255040820447405562e-03 -7.419891774370931221e-05 -3.503454404562259157e-03 -4.134214321845518431e-04 1.094172167512370538e-03 -1.590367362568682191e-03 -6.277665066095261190e-04 0.000000000000000000e+00 -3.236867532341649320e-04 -8.328809390895645015e-04
2.126713494230077781e-04 -5.675414880488966179e-04 1.384613451436959733e-04 -3.417391153071743198e-04 8.558057792217080555e-04 5.747405356186183764e-04 3.286402752252557779e-04 -8.112260644883295137e-05 6.843538117059309433e-04 -3.236867532341649320e-04 0.000000000000000000e+00 -2.244440741155648354e-04
-1.453845176907292034e-03 -2.141578835537741301e-07 -4.865224601948765922e-04 -3.475731400415883526e-04 -1.201863612309096061e-05 2.498261322626752347e-04 3.964538472111958992e-04 -8.259485083711908069e-04 -2.083910392181896403e-04 -8.328809390895645015e-04 -2.244440741155648354e-04 0.000000000000000000e+00
