0.000000000000000000e+00 1.363384864389661231e-03 2.163662745960812062e-04 7.321732782088225411e-04 -5.722684508837011606e-04 1.237854711469990815e-03 7.483731157018278781e-04 6.357342569650439651e-04 -1.283133512550349705e-03 1.800970915101366690e-03 1.583796433232594059e-04 -9.130364180145772619e-04
1.363384864389661231e-03 0.000000000000000000e+00 4.124755627676259949e-04 1.325766069810566431e-04 -6.478882751122468954e-04 4.243706430154584562e-04 4.766306662910870504e-04 2.468437673907301791e-04 -8.654371370870529061e-04 8.880238089271701944e-04 -7.645410476811347945e-05 1.971764090455789542e-04
2.163662745960812062e-04 4.124755627676259949e-04 0.000000000000000000e+00 -1.439351746862642162e-04 -7.883502557526350521e-04 -3.149144571746880948e-04 4.412951897347839507e-04 2.689372435763995729e-04 5.105492727854475579e-04 4.651446722652395334e-04 -2.170762126496789189e-04 -2.510230998864659184e-04
7.321732782088225411e-04 1.325766069810566431e-04 -1.439351746862642162e-04 0.000000000000000000e+00 -1.138812559943318687e-04 -2.985063043565561029e-04 -1.679297790730646710e-04 -4.268649359285525929e-04 3.189159324395911613e-04 -3.124177625549664377e-04 1.191958958400318351e-04 -1.214727116516397902e-04
-5.722684508837011606e-04 -6.478882751122468954e-04 -7.883502557526350521e-04 -1.138812559943318687e-04 0.000000000000000000e+00 -1.645163184916093773e-03 3.004817477799282140e-04 -1.654664536159321936e-03 -1.821152962814289377e-03 -8.977515254503731171e-04 4.552741545454465138e-04 3.231037374132751227e-04
1.237854711469990815e-03 4.243706430154584562e-04 -3.149144571746880948e-04 -2.985063043565561029e-04 -1.645163184916093773e-03 0.000000000000000000e+00 5.071074545062003846e-04 -2.397909030446601067e-04 2.319707651696609120e-04 -1.573193810984856817e-03 1.944556325954620033e-05 3.752666891677958780e-04
7.483731157018278781e-04 4.766306662910870504e-04 4.412951897347839507e-04 -1.679297790730646710e-04 3.004817477799282140e-04 5.071074545062003846e-04 0.000000000000000000e+00 -1.358892974173656239e-04 -1.512090160159606340e-04 -3.713167195163734097e-04 -1.537710277653816843e-04 -2.510960115583157968e-04
6.357342569650439651e-04 2.468437673907301791e-04 2.689372435763995729e-04 -4.268649359285525929e-04 -1.654664536159321936e-03 -2.397909030446601067e-04 -1.358892974173656239e-04 0.000000000000000000e+00 5.205722807094208390e-04 1.868668721205279720e-03 -3.691379168532138877e-05 9.482562063796503172e-04
-1.283133512550349705e-03 -8.654371370870529061e-04 5.105492727854475579e-04 3.189159324395911613e-04 -1.821152962814289377e-03 2.319707651696609120e-04 -1.512090160159606340e-04 5.205722807094208390e-04 0.000000000000000000e+00 -3.298351273357822636e-03 2.341225501315801481e-04 6.973538157644762090e-04
1.800970915101366690e-03 8.880238089271701944e-04 4.651446722652395334e-04 -3.124177625549664377e-04 -8.977515254503731171e-04 -1.573193810984856817e-03 -3.713167195163734097e-04 1.868668721205279720e-03 -3.298351273357822636e-03 0.000000000000000000e+00 -6.755251359277060020e-04 -1.498457412709769323e-04
1.583796433232594059e-04 -7.645410476811347945e-05 -2.170762126496789189e-04 1.191958958400318351e-04 4.552741545454465138e-04 1.944556325954620033e-05 -1.537710277653816843e-04 -3.691379168532138877e-05 2.341225501315801481e-04 -6.755251359277060020e-04 0.000000000000000000e+00 -1.193077779256559279e-04
-9.130364180145772619e-04 1.971764090455789542e-04 -2.510230998864659184e-04 -1.214727116516397902e-04 3.231037374132751227e-04 3.752666891677958780e-04 -2.510960115583157968e-04 9.482562063796503172e-04 6.973538157644762090e-04 -1.498457412709769323e-04 -1.193077779256559279e-04 0.000000000000000000e+00
