0.000000000000000000e+00 9.144742662346312103e-04 -1.315194799768132144e-03 -7.319572103705822676e-04 -1.894110622378572355e-03 -1.591434946352388675e-03 3.073080897091630100e-04 -6.525859071835783806e-04 1.792605410503664764e-03 -3.297176176026012963e-03 -1.227002814682079650e-03 -2.143459748941252613e-04
9.144742662346312103e-04 0.000000000000000000e+00 -8.101337225110636904e-05 8.661706413479204530e-06 7.806736653416243088e-04 -5.608257471993022530e-04 1.611442368239955007e-04 6.954955849517578702e-05 7.899708356626513554e-04 1.576598240990886119e-03 1.694155107213928197e-04 6.994284139099756696e-05
-1.315194799768132144e-03 -8.101337225110636904e-05 0.000000000000000000e+00 -1.961630034395159641e-04 -1.855081647159415156e-04 6.795331469651224318e-04 -5.249918686102293588e-04 -3.839273981706889643e-04 7.579332082595931870e-04 3.687899885500009814e-04 -3.193559731862708351e-04 3.786484375774655108e-04
-7.319572103705822676e-04 8.661706413479204530e-06 -1.961630034395159641e-04 0.000000000000000000e+00 -7.246890615014204250e-04 -5.040762951321405179e-04 -1.947670835824875707e-04 1.830437989656661713e-05 -6.619020792327614307e-04 -1.580050830407513313e-03 5.777802223943558210e-04 -1.477250531549854310e-04
-1.894110622378572355e-03 7.806736653416243088e-04 -1.855081647159415156e-04 -7.246890615014204250e-04 0.000000000000000000e+00 -7.723176753693762131e-04 8.089526118700971673e-04 -1.820006380213142101e-03 -9.639598124277774143e-04 3.297620358420115007e-03 -1.551831528513715691e-04 5.508904150083681174e-04
-1.591434946352388675e-03 -5.608257471993022530e-04 6.795331469651224318e-04 -5.040762951321405179e-04 -7.723176753693762131e-04 0.000000000000000000e+00 6.135089609370456692e-04 8.609077781062649155e-04 -4.242908745055489405e-04 -7.001825695375479136e-04 -3.992782687257802159e-04 -2.163693437271855234e-04
3.073080897091630100e-04 1.611442368239955007e-04 -5.249918686102293588e-04 -1.947670835824875707e-04 8.089526118700971673e-04 6.135089609370456692e-04 0.000000000000000000e+00 -3.706411340366618738e-05 -1.337667089856321451e-04 -4.016314265168895192e-04 -1.705063671849763908e-04 -3.051833580247861367e-04
-6.525859071835783806e-04 6.954955849517578702e-05 -3.839273981706889643e-04 1.830437989656661713e-05 -1.820006380213142101e-03 8.609077781062649155e-04 -3.706411340366618738e-05 0.000000000000000000e+00 9.218889992065217704e-05 1.365158739860350065e-03 3.104320992949138967e-04 -5.006164051983095359e-04
1.792605410503664764e-03 7.899708356626513554e-04 7.579332082595931870e-04 -6.619020792327614307e-04 -9.639598124277774143e-04 -4.242908745055489405e-04 -1.337667089856321451e-04 9.218889992065217704e-05 0.000000000000000000e+00 1.291099166848784984e-03 -7.889753776766760939e-05 -4.344624819677239116e-04
-3.297176176026012963e-03 1.576598240990886119e-03 3.687899885500009814e-04 -1.580050830407513313e-03 3.297620358420115007e-03 -7.001825695375479136e-04 -4.016314265168895192e-04 1.365158739860350065e-03 1.291099166848784984e-03 0.000000000000000000e+00 1.038468105778702060e-03 -7.434719101591153899e-04
-1.227002814682079650e-03 1.694155107213928197e-04 -3.193559731862708351e-04 5.777802223943558210e-04 -1.551831528513715691e-04 -3.992782687257802159e-04 -1.705063671849763908e-04 3.104320992949138967e-04 -7.889753776766760939e-05 1.038468105778702060e-03 0.000000000000000000e+00 -5.183998330630459634e-04
-2.143459748941252613e-04 6.994284139099756696e-05 3.786484375774655108e-04 -1.477250531549854310e-04 5.508904150083681174e-04 -2.163693437271855234e-04 -3.051833580247861367e-04 -5.006164051983095359e-04 -4.344624819677239116e-04 -7.434719101591153899e-04 -5.183998330630459634e-04 0.000000000000000000e+00
