0.000000000000000000e+00 -2.183047826366700734e-04 5.978207126631800887e-04 5.238859893253156562e-04 -2.351764575704103858e-03 7.718527011412084965e-05 -1.023558804604621144e-03 3.104878678000434593e-03 2.034125112640720770e-04 -4.023289315401026248e-04 4.446389668532336721e-04 6.321681539719685395e-04
-2.183047826366700734e-04 0.000000000000000000e+00 4.567313924433990006e-04 -3.532062153369353009e-04 6.852556743899311173e-04 -1.025906080785288004e-03 5.569246371686412903e-04 1.888946517787877533e-03 2.571711091723065520e-04 7.740191690438263852e-04 3.236960014135466875e-04 -8.896618341899281040e-04
5.978207126631800887e-04 4.567313924433990006e-04 0.000000000000000000e+00 5.932326266864279725e-04 -6.184115697953136053e-04 -4.908759698564043260e-05 5.137274496998221491e-04 -1.784123221499600434e-03 -1.360077310864737769e-04 9.592510797367409135e-04 5.624606734141362812e-04 2.751333992285809088e-04
5.238859893253156562e-04 -3.532062153369353009e-04 5.932326266864279725e-04 0.000000000000000000e+00 7.292368833505505528e-04 9.031907885615776937e-05 -5.496181731478849003e-04 -1.551638852406437034e-03 -5.393690556570431482e-04 -1.030657545691722991e-04 -7.273649616717075755e-06 1.419681054438809962e-04
-2.351764575704103858e-03 6.852556743899311173e-04 -6.184115697953136053e-04 7.292368833505505528e-04 0.000000000000000000e+00 -1.138685198002041153e-03 -2.681424361228150759e-04 -2.518919656859621489e-04 2.438676530590267117e-04 -1.111244295752934243e-03 9.857718850249804713e-04 4.592710292344724557e-04
7.718527011412084965e-05 -1.025906080785288004e-03 -4.908759698564043260e-05 9.031907885615776937e-05 -1.138685198002041153e-03 0.000000000000000000e+00 1.515420010244742136e-04 -1.084017712203299021e-04 -3.153848931707263861e-04 -6.785430209144946217e-04 -2.252820309062503396e-04 -3.617194967991924797e-04
-1.023558804604621144e-03 5.569246371686412903e-04 5.137274496998221491e-04 -5.496181731478849003e-04 -2.681424361228150759e-04 1.515420010244742136e-04 0.000000000000000000e+00 -1.817924959526361474e-04 -2.626734670349342151e-04 4.799650860108687321e-04 -2.547496159251204798e-05 -1.119068535230018915e-03
3.104878678000434593e-03 1.888946517787877533e-03 -1.784123221499600434e-03 -1.551638852406437034e-03 -2.518919656859621489e-04 -1.084017712203299021e-04 -1.817924959526361474e-04 0.000000000000000000e+00 -3.969124062598738023e-04 -1.454015586527655562e-03 1.028836933480984988e-03 -4.426639369114561190e-04
2.034125112640720770e-04 2.571711091723065520e-04 -1.360077310864737769e-04 -5.393690556570431482e-04 2.438676530590267117e-04 -3.153848931707263861e-04 -2.626734670349342151e-04 -3.969124062598738023e-04 0.000000000000000000e+00 -3.729798202571592411e-04 9.223372613885023842e-04 -1.768457393915166462e-04
-4.023289315401026248e-04 7.740191690438263852e-04 9.592510797367409135e-04 -1.030657545691722991e-04 -1.111244295752934243e-03 -6.785430209144946217e-04 4.799650860108687321e-04 -1.454015586527655562e-03 -3.729798202571592411e-04 0.000000000000000000e+00 -4.164413856964748460e-04 2.979216653890188224e-04
4.446389668532336721e-04 3.236960014135466875e-04 5.624606734141362812e-04 -7.273649616717075755e-06 9.857718850249804713e-04 -2.252820309062503396e-04 -2.547496159251204798e-05 1.028836933480984988e-03 9.223372613885023842e-04 -4.164413856964748460e-04 0.000000000000000000e+00 9.496724560969099251e-05
6.321681539719685395e-04 -8.896618341899281040e-04 2.751333992285809088e-04 1.419681054438809962e-04 4.592710292344724557e-04 -3.617194967991924797e-04 -1.119068535230018915e-03 -4.426639369114561190e-04 -1.768457393915166462e-04 2.979216653890188224e-04 9.496724560969099251e-05 0.000000000000000000e+00
