0.000000000000000000e+00 -1.926146453437846461e-04 -3.410330213974729582e-04 4.995971173411395795e-04 -4.960791222749580268e-04 -8.182701878464313663e-06 -1.233633785477515100e-03 -2.120738492176718268e-03 -7.665928597980995471e-04 -9.139821050356064383e-04 -8.201471039546152269e-04 6.410787313111338329e-04
-1.926146453437846461e-04 0.000000000000000000e+00 3.395655542757109466e-04 -3.824061971782648293e-04 -5.423316875230177470e-04 -2.814843047171174009e-04 2.752350533785149090e-04 1.815405898728382483e-03 6.683894933238027070e-05 1.168714303820520722e-04 -3.933501792948806389e-04 -1.595757257733232111e-04
-3.410330213974729582e-04 3.395655542757109466e-04 0.000000000000000000e+00 6.355112145537702116e-04 -2.137957333547545712e-03 -1.600000211643012274e-04 -1.272367881919164105e-04 9.944968649782690105e-04 2.488303338777526626e-04 -8.038651547089927570e-04 -2.605858019790948678e-04 -2.475804387664239754e-04
4.995971173411395795e-04 -3.824061971782648293e-04 6.355112145537702116e-04 0.000000000000000000e+00 3.472118397979218974e-04 -3.873875687415497828e-04 3.747097383588983617e-04 -2.800494836603208203e-04 -5.807057528335285261e-04 -4.803613372345475830e-04 -4.540386918289317946e-04 -4.159512048464747056e-04
-4.960791222749580268e-04 -5.423316875230177470e-04 -2.137957333547545712e-03 3.472118397979218974e-04 0.000000000000000000e+00 -2.466086026188842040e-04 1.652245815000903456e-03 -2.707837439511856861e-03 5.148229325101882740e-04 3.164104219264615627e-03 -6.326898107918633085e-04 -2.251669897743188524e-04
-8.182701878464313663e-06 -2.814843047171174009e-04 -1.600000211643012274e-04 -3.873875687415497828e-04 -2.466086026188842040e-04 0.000000000000000000e+00 1.701681265227409344e-04 -2.381084968107664943e-04 3.643316046907417796e-04 4.152129107448643253e-04 -3.593395394500239538e-04 4.658928664201611794e-04
-1.233633785477515100e-03 2.752350533785149090e-04 -1.272367881919164105e-04 3.747097383588983617e-04 1.652245815000903456e-03 1.701681265227409344e-04 0.000000000000000000e+00 -2.716448520751145543e-03 4.774695432810269961e-04 -1.790014855670919247e-03 2.518055152243241207e-05 -9.915558597671232481e-04
-2.120738492176718268e-03 1.815405898728382483e-03 9.944968649782690105e-04 -2.800494836603208203e-04 -2.707837439511856861e-03 -2.381084968107664943e-04 -2.716448520751145543e-03 0.000000000000000000e+00 1.155936769619596337e-03 2.270664120642525412e-03 -1.330716128189495060e-03 -8.877191809599758749e-04
-7.665928597980995471e-04 6.683894933238027070e-05 2.488303338777526626e-04 -5.807057528335285261e-04 5.148229325101882740e-04 3.643316046907417796e-04 4.774695432810269961e-04 1.155936769619596337e-03 0.000000000000000000e+00 4.506378610772703475e-04 9.870898523365356282e-05 -5.000870337685385005e-04
-9.139821050356064383e-04 1.168714303820520722e-04 -8.038651547089927570e-04 -4.803613372345475830e-04 3.164104219264615627e-03 4.152129107448643253e-04 -1.790014855670919247e-03 2.270664120642525412e-03 4.506378610772703475e-04 0.000000000000000000e+00 -8.395345528723377167e-04 -4.112336337582598450e-04
-8.201471039546152269e-04 -3.933501792948806389e-04 -2.605858019790948678e-04 -4.540386918289317946e-04 -6.326898107918633085e-04 -3.593395394500239538e-04 2.518055152243241207e-05 -1.330716128189495060e-03 9.870898523365356282e-05 -8.395345528723377167e-04 0.000000000000000000e+00 3.679182589587984254e-04
6.410787313111338329e-04 -1.595757257733232111e-04 -2.475804387664239754e-04 -4.159512048464747056e-04 -2.251669897743188524e-04 4.658928664201611794e-04 -9.915558597671232481e-04 -8.877191809599758749e-04 -5.000870337685385005e-04 -4.112336337582598450e-04 3.679182589587984254e-04 0.000000000000000000e+00
