0.000000000000000000e+00 3.527194736085264291e-05 8.135240495280203965e-04 -1.802925230126385160e-04 -1.718262713168955446e-03 -9.035175018591319997e-04 3.272936042659478108e-04 -1.401716640811654345e-04 -2.522386317343250145e-04 6.787139470217130616e-04 5.883892070562853462e-04 6.590349715222150722e-04
3.527194736085264291e-05 0.000000000000000000e+00 -6.869656221389734696e-04 -4.420144326974014687e-04 7.293752121401543900e-04 -1.952058040605138885e-04 3.938448234202023761e-04 -3.073227668460224013e-04 -1.086291718521099821e-04 -4.473169431681654328e-04 1.319999967673948543e-04 6.766002291573325073e-04
8.135240495280203965e-04 -6.869656221389734696e-04 0.000000000000000000e+00 -4.447538572947645313e-05 -1.561332629445578686e-03 5.328693649098152114e-05 -5.532188573327946699e-05 -1.806388182842926481e-03 1.003567367556449492e-04 -1.162552883707562061e-03 1.262661383343878767e-04 -5.629657889061735841e-04
-1.802925230126385160e-04 -4.420144326974014687e-04 -4.447538572947645313e-05 0.000000000000000000e+00 -6.594251063935237071e-04 -4.337537889182046277e-04 -2.811587935531183386e-04 -7.573622285301446003e-04 -2.123575900448637985e-05 -9.715879246599963505e-05 3.080481304417810227e-04 -2.859391889125214507e-04
-1.718262713168955446e-03 7.293752121401543900e-04 -1.561332629445578686e-03 -6.594251063935237071e-04 0.000000000000000000e+00 -1.320512853101329627e-03 -1.023392122727233462e-03 -7.261425448159166253e-05 -4.971267103619438250e-04 -1.138146640219768945e-03 -8.670656111292969958e-04 1.127344519253702359e-04
-9.035175018591319997e-04 -1.952058040605138885e-04 5.328693649098152114e-05 -4.337537889182046277e-04 -1.320512853101329627e-03 0.000000000000000000e+00 -2.858841344554792778e-04 1.070011120422909327e-03 -4.364630447422730903e-04 5.042401495487846890e-04 -1.999698266367202929e-04 9.463057750014186027e-07
3.272936042659478108e-04 3.938448234202023761e-04 -5.532188573327946699e-05 -2.811587935531183386e-04 -1.023392122727233462e-03 -2.858841344554792778e-04 0.000000000000000000e+00 -7.848283237345905685e-04 -6.642826767253093149e-05 6.437649421265083296e-04 -6.237560156032140833e-04 -4.444668632303370613e-04
-1.401716640811654345e-04 -3.073227668460224013e-04 -1.806388182842926481e-03 -7.573622285301446003e-04 -7.261425448159166253e-05 1.070011120422909327e-03 -7.848283237345905685e-04 0.000000000000000000e+00 -1.536864562612412098e-04 2.957045049992944839e-03 6.216976705908849529e-04 -1.083978633141608784e-03
-2.522386317343250145e-04 -1.086291718521099821e-04 1.003567367556449492e-04 -2.123575900448637985e-05 -4.971267103619438250e-04 -4.364630447422730903e-04 -6.642826767253093149e-05 -1.536864562612412098e-04 0.000000000000000000e+00 -3.586449372876239559e-04 2.067883421779462283e-05 2.208851173337663841e-04
6.787139470217130616e-04 -4.473169431681654328e-04 -1.162552883707562061e-03 -9.715879246599963505e-05 -1.138146640219768945e-03 5.042401495487846890e-04 6.437649421265083296e-04 2.957045049992944839e-03 -3.586449372876239559e-04 0.000000000000000000e+00 -3.194654559037702528e-04 1.743726111879429787e-04
5.883892070562853462e-04 1.319999967673948543e-04 1.262661383343878767e-04 3.080481304417810227e-04 -8.670656111292969958e-04 -1.999698266367202929e-04 -6.237560156032140833e-04 6.216976705908849529e-04 2.067883421779462283e-05 -3.194654559037702528e-04 0.000000000000000000e+00 1.089900708212060757e-04
6.590349715222150722e-04 6.766002291573325073e-04 -5.629657889061735841e-04 -2.859391889125214507e-04 1.127344519253702359e-04 9.463057750014186027e-07 -4.444668632303370613e-04 -1.083978633141608784e-03 2.208851173337663841e-04 1.743726111879429787e-04 1.089900708212060757e-04 0.000000000000000000e+00
