0.000000000000000000e+00 2.254534571534401552e-04 -3.831611876936135536e-04 3.332888526949478515e-05 1.341899073479326920e-03 6.447835849064219175e-04 -3.126649617872810974e-04 8.419091813043185152e-04 3.346216600032874897e-04 -1.021741584575267155e-03 3.197322831464296774e-04 -3.708366698211274220e-04
2.254534571534401552e-04 0.000000000000000000e+00 1.472811294806262278e-04 1.884503309784071434e-04 -4.263936143187707748e-04 2.866951774790449546e-05 -2.117234060973945955e-04 -2.085092886763898590e-05 3.062776457669885840e-04 -1.882362043968819254e-04 -2.874302893734770347e-04 5.381475265403128658e-04
-3.831611876936135536e-04 1.472811294806262278e-04 0.000000000000000000e+00 2.115920463222096344e-05 -1.802278323210616080e-04 2.713761147175850256e-04 6.079507307566576644e-04 -1.155411221939039047e-03 5.910163526265374339e-04 -4.465156915599349991e-04 4.281789574907006912e-04 2.652887645472267147e-04
3.332888526949478515e-05 1.884503309784071434e-04 2.115920463222096344e-05 0.000000000000000000e+00 -1.105381184407911799e-03 5.735532447113873052e-04 -4.884796073911269743e-05 -2.263792349014888319e-03 3.285491204553309867e-06 5.238067372788837023e-04 -4.448284827687269357e-05 3.991330368070289435e-05
1.341899073479326920e-03 -4.263936143187707748e-04 -1.802278323210616080e-04 -1.105381184407911799e-03 0.000000000000000000e+00 7.785748783689704165e-04 1.121494744279484188e-03 1.901434638789469261e-03 1.239405134301813007e-03 6.194674806395556723e-04 -8.219103239507466767e-04 -1.916307050254000086e-03
6.447835849064219175e-04 2.866951774790449546e-05 2.713761147175850256e-04 5.735532447113873052e-04 7.785748783689704165e-04 0.000000000000000000e+00 -4.725060364098226722e-04 6.737419203757992817e-04 1.679850143187879073e-04 6.285944151750282602e-04 1.936082095988377776e-04 2.254679283351432154e-04
-3.126649617872810974e-04 -2.117234060973945955e-04 6.079507307566576644e-04 -4.884796073911269743e-05 1.121494744279484188e-03 -4.725060364098226722e-04 0.000000000000000000e+00 -9.384951421404664085e-04 4.010126716256492085e-04 4.515617271782948017e-04 3.254223548895773767e-04 -2.117212846532298080e-04
8.419091813043185152e-04 -2.085092886763898590e-05 -1.155411221939039047e-03 -2.263792349014888319e-03 1.901434638789469261e-03 6.737419203757992817e-04 -9.384951421404664085e-04 0.000000000000000000e+00 6.004086559868198518e-04 -2.042899702552515714e-05 4.010103757712507426e-04 2.008051932537342332e-03
3.346216600032874897e-04 3.062776457669885840e-04 5.910163526265374339e-04 3.285491204553309867e-06 1.239405134301813007e-03 1.679850143187879073e-04 4.010126716256492085e-04 6.004086559868198518e-04 0.000000000000000000e+00 -3.881207134763723743e-04 -1.439594164830645701e-04 3.224723607927401105e-04
-1.021741584575267155e-03 -1.882362043968819254e-04 -4.465156915599349991e-04 5.238067372788837023e-04 6.194674806395556723e-04 6.285944151750282602e-04 4.515617271782948017e-04 -2.042899702552515714e-05 -3.881207134763723743e-04 0.000000000000000000e+00 -4.221438427332436356e-04 1.330501105283121190e-03
3.197322831464296774e-04 -2.874302893734770347e-04 4.281789574907006912e-04 -4.448284827687269357e-05 -8.219103239507466767e-04 1.936082095988377776e-04 3.254223548895773767e-04 4.010103757712507426e-04 -1.439594164830645701e-04 -4.221438427332436356e-04 0.000000000000000000e+00 4.053336657885585792e-04
-3.708366698211274220e-04 5.381475265403128658e-04 2.652887645472267147e-04 3.991330368070289435e-05 -1.916307050254000086e-03 2.254679283351432154e-04 -2.117212846532298080e-04 2.008051932537342332e-03 3.224723607927401105e-04 1.330501105283121190e-03 4.053336657885585792e-04 0.000000000000000000e+00
