0.000000000000000000e+00 1.068811823763162090e-03 5.664689334653941590e-04 4.390773101781581802e-04 1.067837403533874584e-03 -6.143822055890976264e-04 -5.221486104688717990e-04 -1.529916334930160084e-03 -3.122764675794700460e-04 1.376104542301778526e-03 -5.534120413072248184e-05 1.021037397244527667e-03
1.068811823763162090e-03 0.000000000000000000e+00 4.375576181428481991e-04 -9.218256129607067730e-05 -6.485080127788691142e-04 5.859375725791860206e-04 4.156424463067097180e-04 -4.534560391356961249e-04 3.205323042815523744e-04 -9.807233166440546945e-04 -5.353412012258247903e-04 5.245368727400315364e-04
5.664689334653941590e-04 4.375576181428481991e-04 0.000000000000000000e+00 4.400550231776262822e-04 -2.108108990396034312e-03 -1.249281774180357010e-04 9.316632178792827587e-05 6.296070342413186745e-04 2.244975083682426730e-04 -3.853945583872889929e-04 2.326293490254232395e-04 1.953480627652815219e-06
4.390773101781581802e-04 -9.218256129607067730e-05 4.400550231776262822e-04 0.000000000000000000e+00 4.896596528705413022e-04 2.065757383928105387e-05 3.343125931980392397e-05 4.250870007604976399e-05 -4.828533947820303016e-04 -2.675751488961460218e-05 -3.057443448702401589e-04 -3.212614514213162748e-04
1.067837403533874584e-03 -6.485080127788691142e-04 -2.108108990396034312e-03 4.896596528705413022e-04 0.000000000000000000e+00 -9.439142588811215255e-04 -5.993258565103031649e-04 4.773316339856835920e-03 -1.805999570643353723e-03 -1.938783204597318384e-03 6.411589342252630840e-04 8.615145359047096793e-04
-6.143822055890976264e-04 5.859375725791860206e-04 -1.249281774180357010e-04 2.065757383928105387e-05 -9.439142588811215255e-04 0.000000000000000000e+00 -3.609000521852710145e-04 4.531398270458026917e-04 7.499219045420539619e-04 2.049263642091646135e-04 -2.926362319567196550e-04 -7.099958439569825815e-05
-5.221486104688717990e-04 4.156424463067097180e-04 9.316632178792827587e-05 3.343125931980392397e-05 -5.993258565103031649e-04 -3.609000521852710145e-04 0.000000000000000000e+00 -1.662996192337564197e-03 -2.662019042744863807e-04 5.055980974190985109e-04 2.036238519837565194e-04 1.856054592162351699e-04
-1.529916334930160084e-03 -4.534560391356961249e-04 6.296070342413186745e-04 4.250870007604976399e-05 4.773316339856835920e-03 4.531398270458026917e-04 -1.662996192337564197e-03 0.000000000000000000e+00 -4.346726058909796829e-04 -2.049713091876066966e-03 -9.128893781023604635e-04 6.405636424016253024e-04
-3.122764675794700460e-04 3.205323042815523744e-04 2.244975083682426730e-04 -4.828533947820303016e-04 -1.805999570643353723e-03 7.499219045420539619e-04 -2.662019042744863807e-04 -4.346726058909796829e-04 0.000000000000000000e+00 -3.047279671871944541e-04 4.681082262261329852e-05 -4.275674089649097423e-04
1.376104542301778526e-03 -9.807233166440546945e-04 -3.853945583872889929e-04 -2.675751488961460218e-05 -1.938783204597318384e-03 2.049263642091646135e-04 5.055980974190985109e-04 -2.049713091876066966e-03 -3.047279671871944541e-04 0.000000000000000000e+00 2.166873699918365603e-04 -9.105030753261547172e-04
-5.534120413072248184e-05 -5.353412012258247903e-04 2.326293490254232395e-04 -3.057443448702401589e-04 6.411589342252630840e-04 -2.926362319567196550e-04 2.036238519837565194e-04 -9.128893781023604635e-04 4.681082262261329852e-05 2.166873699918365603e-04 0.000000000000000000e+00 3.968176122350003734e-04
1.021037397244527667e-03 5.245368727400315364e-04 1.953480627652815219e-06 -3.212614514213162748e-04 8.615145359047096793e-04 -7.099958439569825815e-05 1.856054592162351699e-04 6.405636424016253024e-04 -4.275674089649097423e-04 -9.105030753261547172e-04 3.968176122350003734e-04 0.000000000000000000e+00
