0.000000000000000000e+00 -6.181946151655894452e-04 2.401629242139527356e-03 3.420408340587791801e-04 -5.648655762695145360e-04 -5.589090297168684329e-07 1.935726616058823339e-03 -7.838423467237451816e-04 -8.848110504632583509e-04 6.385972123916042751e-04 2.951370617040929563e-04 4.486117088235228988e-04
-6.181946151655894452e-04 0.000000000000000000e+00 -2.425331975893451307e-04 2.061551740771036642e-04 9.173806625038399571e-04 1.415267940122913817e-04 2.879162470549129172e-04 5.691783892688022416e-04 2.416059839076005369e-04 1.094348933771812835e-04 2.078203083617226842e-04 7.191227407594036770e-04
2.401629242139527356e-03 -2.425331975893451307e-04 0.000000000000000000e+00 4.675340844561146005e-04 1.905208906612452678e-03 3.262438200505504877e-03 2.418961894787579822e-03 1.572914428518635470e-04 -3.351089573175116440e-04 -4.130010751516912109e-04 -4.434237914972628044e-05 -1.803224798103167078e-03
3.420408340587791801e-04 2.061551740771036642e-04 4.675340844561146005e-04 0.000000000000000000e+00 3.406458401592030475e-04 -7.498727468494769896e-05 -4.755813381603138097e-04 1.082020753281618449e-04 -1.180441565091023870e-04 -7.302745863631548030e-05 -3.070896502640875578e-04 -3.552485524399237333e-05
-5.648655762695145360e-04 9.173806625038399571e-04 1.905208906612452678e-03 3.406458401592030475e-04 0.000000000000000000e+00 2.309400566239363422e-04 5.939053869074676934e-04 2.483574742554504433e-04 2.814320225801795593e-04 -1.492221415971127128e-04 6.569099916616154252e-06 -2.447679929746662060e-04
-5.589090297168684329e-07 1.415267940122913817e-04 3.262438200505504877e-03 -7.498727468494769896e-05 2.309400566239363422e-04 0.000000000000000000e+00 2.544867519399000508e-04 7.112134255461385109e-04 -1.305195409839001212e-04 -4.247471819721877024e-04 -3.238751340595474241e-04 -2.626815142111740896e-04
1.935726616058823339e-03 2.879162470549129172e-04 2.418961894787579822e-03 -4.755813381603138097e-04 5.939053869074676934e-04 2.544867519399000508e-04 0.000000000000000000e+00 -6.173279319690628836e-04 1.055160210374877323e-03 6.312075000015031486e-04 4.587480043081687640e-04 1.389899590176615473e-03
-7.838423467237451816e-04 5.691783892688022416e-04 1.572914428518635470e-04 1.082020753281618449e-04 2.483574742554504433e-04 7.112134255461385109e-04 -6.173279319690628836e-04 0.000000000000000000e+00 2.436952144774354493e-04 1.284605481109184146e-04 5.734900339619458448e-04 -2.112153089164784737e-04
-8.848110504632583509e-04 2.416059839076005369e-04 -3.351089573175116440e-04 -1.180441565091023870e-04 2.814320225801795593e-04 -1.305195409839001212e-04 1.055160210374877323e-03 2.436952144774354493e-04 0.000000000000000000e+00 -6.466556714902556329e-06 -3.910979377097733006e-04 2.852509856474265458e-04
6.385972123916042751e-04 1.094348933771812835e-04 -4.130010751516912109e-04 -7.302745863631548030e-05 -1.492221415971127128e-04 -4.247471819721877024e-04 6.312075000015031486e-04 1.284605481109184146e-04 -6.466556714902556329e-06 0.000000000000000000e+00 3.700364260301582738e-04 -3.250850827667279555e-04
2.951370617040929563e-04 2.078203083617226842e-04 -4.434237914972628044e-05 -3.070896502640875578e-04 6.569099916616154252e-06 -3.238751340595474241e-04 4.587480043081687640e-04 5.734900339619458448e-04 -3.910979377097733006e-04 3.700364260301582738e-04 0.000000000000000000e+00 -2.527971173462531832e-04
4.486117088235228988e-04 7.191227407594036770e-04 -1.803224798103167078e-03 -3.552485524399237333e-05 -2.447679929746662060e-04 -2.626815142111740896e-04 1.389899590176615473e-03 -2.112153089164784737e-04 2.852509856474265458e-04 -3.250850827667279555e-04 -2.527971173462531832e-04 0.000000000000000000e+00
