0.000000000000000000e+00 9.499688825879729027e-04 2.657420698645918643e-03 -1.635657654535646111e-04 -4.717575854170181961e-04 1.041370433558645595e-03 1.752608199724910339e-03 1.986739537275711341e-04 -8.681886537160611985e-04 6.287202110541173635e-04 -3.225440508230507583e-04 4.846510429109133263e-04
9.499688825879729027e-04 0.000000000000000000e+00 -3.230341643411293283e-03 -3.198296203228999162e-04 1.189191141246152611e-03 1.727873561784242819e-03 -9.728099272296104102e-04 -9.056593423175667728e-05 1.496697403110254607e-04 -2.701131013371602823e-04 6.206452732635216922e-04 -4.064767853464157908e-05
2.657420698645918643e-03 -3.230341643411293283e-03 0.000000000000000000e+00 -8.504374327366026306e-04 6.142312410568049642e-04 -1.324166750109098418e-03 2.496858020164852664e-03 2.529294338838255596e-04 1.139236960879934282e-03 1.434695174152058326e-04 -1.979224763045057608e-03 1.346090278707906887e-03
-1.635657654535646111e-04 -3.198296203228999162e-04 -8.504374327366026306e-04 0.000000000000000000e+00 3.651614146250489848e-05 -1.106674406819836644e-04 5.260870878567935156e-04 -3.634410840410864327e-05 -1.535690162937270484e-04 -3.056716257655637506e-04 3.714117520910019832e-04 -4.402519946149096490e-04
-4.717575854170181961e-04 1.189191141246152611e-03 6.142312410568049642e-04 3.651614146250489848e-05 0.000000000000000000e+00 -7.505723296991600318e-04 -6.680009366769786841e-04 7.863832030325345604e-04 -1.199292117987342684e-04 4.324375603204911028e-04 -1.055614602998008154e-03 -3.777197571749253452e-04
1.041370433558645595e-03 1.727873561784242819e-03 -1.324166750109098418e-03 -1.106674406819836644e-04 -7.505723296991600318e-04 0.000000000000000000e+00 -1.783841633289984024e-03 -3.031507462825084698e-04 7.585166115058125256e-05 1.047247612950890711e-04 -4.728432267081318402e-04 -1.530428511190581691e-04
1.752608199724910339e-03 -9.728099272296104102e-04 2.496858020164852664e-03 5.260870878567935156e-04 -6.680009366769786841e-04 -1.783841633289984024e-03 0.000000000000000000e+00 6.830178606119584979e-04 2.594087853316079994e-05 1.336555618470977298e-04 1.192938763914657384e-03 -5.599286073577472217e-04
1.986739537275711341e-04 -9.056593423175667728e-05 2.529294338838255596e-04 -3.634410840410864327e-05 7.863832030325345604e-04 -3.031507462825084698e-04 6.830178606119584979e-04 0.000000000000000000e+00 -8.585696430641916578e-05 6.794001255942747335e-05 -4.812904915262249898e-04 -6.237485987155398518e-04
-8.681886537160611985e-04 1.496697403110254607e-04 1.139236960879934282e-03 -1.535690162937270484e-04 -1.199292117987342684e-04 7.585166115058125256e-05 2.594087853316079994e-05 -8.585696430641916578e-05 0.000000000000000000e+00 -7.690435167902432919e-05 3.387351054630585896e-04 3.439309511371608889e-04
6.287202110541173635e-04 -2.701131013371602823e-04 1.434695174152058326e-04 -3.056716257655637506e-04 4.324375603204911028e-04 1.047247612950890711e-04 1.336555618470977298e-04 6.794001255942747335e-05 -7.690435167902432919e-05 0.000000000000000000e+00 2.641444533224620445e-04 2.993608809546967581e-04
-3.225440508230507583e-04 6.206452732635216922e-04 -1.979224763045057608e-03 3.714117520910019832e-04 -1.055614602998008154e-03 -4.728432267081318402e-04 1.192938763914657384e-03 -4.812904915262249898e-04 3.387351054630585896e-04 2.641444533224620445e-04 0.000000000000000000e+00 -1.299058246717610604e-03
4.846510429109133263e-04 -4.064767853464157908e-05 1.346090278707906887e-03 -4.402519946149096490e-04 -3.777197571749253452e-04 -1.530428511190581691e-04 -5.599286073577472217e-04 -6.237485987155398518e-04 3.439309511371608889e-04 2.993608809546967581e-04 -1.299058246717610604e-03 0.000000000000000000e+00
