0.000000000000000000e+00 -7.666801375644495759e-04 1.425143539550575902e-03 -4.770332343576884457e-04 -1.104086140353479272e-03 1.634818469836014183e-03 9.108790499581343814e-04 -1.760271261193028136e-04 6.817156270817781609e-04 -1.478005175321528625e-04 -7.260290004585515967e-04 5.929557666963623666e-04
-7.666801375644495759e-04 0.000000000000000000e+00 -7.750215777514564636e-04 6.287560298457384655e-04 3.468710842721238995e-04 7.830111609328395525e-04 -2.347462021134141558e-03 -3.150179213453842188e-04 -3.596016154879618545e-05 -1.384114938899918515e-04 -3.465643086493745023e-04 -1.060888085198503049e-03
1.425143539550575902e-03 -7.750215777514564636e-04 0.000000000000000000e+00 4.734841874914038403e-04 -1.043699528220684569e-03 -5.377350830163527039e-04 2.255729914342950032e-03 1.182881216566682549e-03 -1.279261909324074659e-03 1.520922366609438409e-03 -1.299916991184839202e-03 -7.399985471327157191e-04
-4.770332343576884457e-04 6.287560298457384655e-04 4.734841874914038403e-04 0.000000000000000000e+00 2.170521303116073112e-04 5.556271454441119931e-04 6.627348032032041435e-04 9.806062026734237754e-05 2.673281663509315641e-04 4.429685250661924748e-04 1.183695195726133213e-05 1.817327266763866405e-04
-1.104086140353479272e-03 3.468710842721238995e-04 -1.043699528220684569e-03 2.170521303116073112e-04 0.000000000000000000e+00 1.638568966802616557e-04 6.276193596141711739e-04 6.973047092762304578e-04 1.425166426321844209e-04 1.863323046948081661e-04 -6.265130902105665694e-07 -2.523356854597616668e-04
1.634818469836014183e-03 7.830111609328395525e-04 -5.377350830163527039e-04 5.556271454441119931e-04 1.638568966802616557e-04 0.000000000000000000e+00 -2.178761205281046264e-04 5.316032097992779521e-04 2.585196340238320482e-04 -7.769332052646573728e-05 -5.166778309087058808e-04 3.423341341491141049e-05
9.108790499581343814e-04 -2.347462021134141558e-03 2.255729914342950032e-03 6.627348032032041435e-04 6.276193596141711739e-04 -2.178761205281046264e-04 0.000000000000000000e+00 1.257785863299234162e-03 -1.458198001052996896e-04 1.081764628688849060e-03 3.186645180019598181e-04 -3.860847677405335670e-05
-1.760271261193028136e-04 -3.150179213453842188e-04 1.182881216566682549e-03 9.806062026734237754e-05 6.973047092762304578e-04 5.316032097992779521e-04 1.257785863299234162e-03 0.000000000000000000e+00 -4.777540172355118392e-04 -3.677542299600004535e-04 -5.579273262108881898e-05 -6.309183829881035311e-04
6.817156270817781609e-04 -3.596016154879618545e-05 -1.279261909324074659e-03 2.673281663509315641e-04 1.425166426321844209e-04 2.585196340238320482e-04 -1.458198001052996896e-04 -4.777540172355118392e-04 0.000000000000000000e+00 5.484905635085373602e-04 1.046390717021493302e-04 9.157994092307027829e-05
-1.478005175321528625e-04 -1.384114938899918515e-04 1.520922366609438409e-03 4.429685250661924748e-04 1.863323046948081661e-04 -7.769332052646573728e-05 1.081764628688849060e-03 -3.677542299600004535e-04 5.484905635085373602e-04 0.000000000000000000e+00 4.216188666864948841e-04 5.545862477835517392e-04
-7.260290004585515967e-04 -3.465643086493745023e-04 -1.299916991184839202e-03 1.183695195726133213e-05 -6.265130902105665694e-07 -5.166778309087058808e-04 3.186645180019598181e-04 -5.579273262108881898e-05 1.046390717021493302e-04 4.216188666864948841e-04 0.000000000000000000e+00 -3.791967876871674375e-04
5.929557666963623666e-04 -1.060888085198503049e-03 -7.399985471327157191e-04 1.817327266763866405e-04 -2.523356854597616668e-04 3.423341341491141049e-05 -3.860847677405335670e-05 -6.309183829881035311e-04 9.157994092307027829e-05 5.545862477835517392e-04 -3.791967876871674375e-04 0.000000000000000000e+00
