0.000000000000000000e+00 -5.776360686032079366e-04 -4.237043640893423634e-03 -4.082788864074088819e-05 -9.836027566980677910e-04 -1.410022756043068787e-03 5.097375701821897816e-04 -1.903865206378990748e-04 -6.364569390133361423e-04 2.381689134168308609e-04 -1.056108753585050745e-03 1.206756701519596771e-03
-5.776360686032079366e-04 0.000000000000000000e+00 2.377147875766515473e-05 3.663488011244844149e-04 -1.054278345926650895e-03 1.144736707915518454e-03 1.352407775594525368e-03 -3.606395622615272685e-04 -4.821028507654833849e-04 -4.479290312830795206e-05 -5.866149729746352728e-04 4.420449935626712080e-04
-4.237043640893423634e-03 2.377147875766515473e-05 0.000000000000000000e+00 2.519811614501611544e-04 -2.603568576946953435e-03 7.203279837990119719e-04 -2.479015339043549090e-03 1.609796912024188086e-03 -2.626884992804507128e-04 -1.814859937001354158e-03 -2.568108950093548042e-03 -1.147214975441991636e-03
-4.082788864074088819e-05 3.663488011244844149e-04 2.519811614501611544e-04 0.000000000000000000e+00 4.954296957260694737e-06 -1.296755158516851400e-05 5.546848506599470546e-04 6.601534685810752745e-05 -1.197589532787502771e-04 -3.479779775482952603e-04 1.823108782530886702e-04 -1.550253759320427795e-04
-9.836027566980677910e-04 -1.054278345926650895e-03 -2.603568576946953435e-03 4.954296957260694737e-06 0.000000000000000000e+00 -6.879927951417507369e-04 -3.885887762040001500e-04 -3.383873870831174556e-04 -6.293446901152234551e-05 -2.681536954643910244e-04 4.027550821348548278e-04 4.637636703690870216e-04
-1.410022756043068787e-03 1.144736707915518454e-03 7.203279837990119719e-04 -1.296755158516851400e-05 -6.879927951417507369e-04 0.000000000000000000e+00 1.748165460903906062e-03 4.918237362482166461e-04 7.187419715402255027e-04 -6.173594323179306363e-05 -7.732975404146613099e-04 7.704669702100533347e-05
5.097375701821897816e-04 1.352407775594525368e-03 -2.479015339043549090e-03 5.546848506599470546e-04 -3.885887762040001500e-04 1.748165460903906062e-03 0.000000000000000000e+00 9.298321588892338122e-04 4.335601184710851990e-04 2.247114691070365518e-04 1.634226198185966678e-03 6.405277099886593373e-04
-1.903865206378990748e-04 -3.606395622615272685e-04 1.609796912024188086e-03 6.601534685810752745e-05 -3.383873870831174556e-04 4.918237362482166461e-04 9.298321588892338122e-04 0.000000000000000000e+00 -2.487385959284632358e-04 3.536690018643628627e-04 -3.739667041478872867e-04 -3.697495977515121335e-04
-6.364569390133361423e-04 -4.821028507654833849e-04 -2.626884992804507128e-04 -1.197589532787502771e-04 -6.293446901152234551e-05 7.187419715402255027e-04 4.335601184710851990e-04 -2.487385959284632358e-04 0.000000000000000000e+00 2.538515316393513362e-04 3.822496638153380713e-04 5.267460318138961640e-04
2.381689134168308609e-04 -4.479290312830795206e-05 -1.814859937001354158e-03 -3.479779775482952603e-04 -2.681536954643910244e-04 -6.173594323179306363e-05 2.247114691070365518e-04 3.536690018643628627e-04 2.538515316393513362e-04 0.000000000000000000e+00 2.459496502233173067e-05 5.113782506963355937e-04
-1.056108753585050745e-03 -5.866149729746352728e-04 -2.568108950093548042e-03 1.823108782530886702e-04 4.027550821348548278e-04 -7.732975404146613099e-04 1.634226198185966678e-03 -3.739667041478872867e-04 3.822496638153380713e-04 2.459496502233173067e-05 0.000000000000000000e+00 3.662753618249668512e-04
1.206756701519596771e-03 4.420449935626712080e-04 -1.147214975441991636e-03 -1.550253759320427795e-04 4.637636703690870216e-04 7.704669702100533347e-05 6.405277099886593373e-04 -3.697495977515121335e-04 5.267460318138961640e-04 5.113782506963355937e-04 3.662753618249668512e-04 0.000000000000000000e+00
