0.000000000000000000e+00 -4.310663629065621512e-05 -1.271918875863223665e-03 6.358080774782950148e-04 -2.243114223869966501e-04 -5.348019077614125927e-04 -7.229104273702581084e-04 9.283857781820326971e-04 1.979354239212164843e-03 9.674701929094675667e-05 1.834800758248770992e-03 -4.185886077287423413e-04
-4.310663629065621512e-05 0.000000000000000000e+00 1.025506561975004973e-03 -3.665563250169779361e-04 1.028516753256066967e-04 -1.163545726367768953e-04 7.266104645614729330e-05 -1.460840895830006238e-04 1.399311345052457398e-03 1.080613539812905357e-04 -1.226644533631589479e-03 2.531333828643641854e-04
-1.271918875863223665e-03 1.025506561975004973e-03 0.000000000000000000e+00 -7.674561138102616899e-04 -8.436447265779052108e-04 8.284858836381005232e-04 3.451425725292451467e-04 -1.159523652456946087e-03 1.683354520569340859e-03 7.647158548629243852e-04 -1.430226583416687239e-04 -2.433874638504566264e-04
6.358080774782950148e-04 -3.665563250169779361e-04 -7.674561138102616899e-04 0.000000000000000000e+00 1.441537051693294778e-05 -1.643274819346774687e-04 -6.032979268788630839e-04 -5.298501583537858174e-04 2.828819331699056238e-04 -1.329481846056739566e-04 -5.088679092709366258e-04 7.354243866074589757e-04
-2.243114223869966501e-04 1.028516753256066967e-04 -8.436447265779052108e-04 1.441537051693294778e-05 0.000000000000000000e+00 5.377632420942347630e-04 -1.005264638329748152e-04 -8.491882103391276953e-04 3.331499283084495108e-04 -4.184463853605333581e-04 -2.021122199482742533e-04 -1.575333359585875124e-04
-5.348019077614125927e-04 -1.163545726367768953e-04 8.284858836381005232e-04 -1.643274819346774687e-04 5.377632420942347630e-04 0.000000000000000000e+00 -3.525132472058408579e-04 -6.722433113319225574e-05 2.074812501059642605e-04 7.778299494249672568e-05 -3.298274555402220653e-04 2.854939168739857030e-05
-7.229104273702581084e-04 7.266104645614729330e-05 3.451425725292451467e-04 -6.032979268788630839e-04 -1.005264638329748152e-04 -3.525132472058408579e-04 0.000000000000000000e+00 1.794247546751102137e-04 6.143363897527651584e-04 8.967604385568061316e-04 -1.452025111293863248e-03 1.288958844393180798e-04
9.283857781820326971e-04 -1.460840895830006238e-04 -1.159523652456946087e-03 -5.298501583537858174e-04 -8.491882103391276953e-04 -6.722433113319225574e-05 1.794247546751102137e-04 0.000000000000000000e+00 -1.459978621881085487e-03 4.048934879385284770e-04 -1.687184517048039576e-03 -7.628203292272317309e-04
1.979354239212164843e-03 1.399311345052457398e-03 1.683354520569340859e-03 2.828819331699056238e-04 3.331499283084495108e-04 2.074812501059642605e-04 6.143363897527651584e-04 -1.459978621881085487e-03 0.000000000000000000e+00 -8.692851575788528755e-04 -1.159766931479168329e-03 1.088617172489900024e-03
9.674701929094675667e-05 1.080613539812905357e-04 7.647158548629243852e-04 -1.329481846056739566e-04 -4.184463853605333581e-04 7.778299494249672568e-05 8.967604385568061316e-04 4.048934879385284770e-04 -8.692851575788528755e-04 0.000000000000000000e+00 1.967269777854296225e-04 1.879482688125195091e-04
1.834800758248770992e-03 -1.226644533631589479e-03 -1.430226583416687239e-04 -5.088679092709366258e-04 -2.021122199482742533e-04 -3.298274555402220653e-04 -1.452025111293863248e-03 -1.687184517048039576e-03 -1.159766931479168329e-03 1.967269777854296225e-04 0.000000000000000000e+00 -3.202926855314969278e-04
-4.185886077287423413e-04 2.531333828643641854e-04 -2.433874638504566264e-04 7.354243866074589757e-04 -1.575333359585875124e-04 2.854939168739857030e-05 1.288958844393180798e-04 -7.628203292272317309e-04 1.088617172489900024e-03 1.879482688125195091e-04 -3.202926855314969278e-04 0.000000000000000000e+00
