0.000000000000000000e+00 -6.544167789689479429e-04 9.462792489143205088e-05 1.467235783278915959e-04 -5.653955951879192308e-05 -2.747854878745805167e-04 -1.120979291861239253e-04 -2.334717563638645876e-05 1.508892307181968840e-03 -7.704745095417907556e-04 9.387188970585857864e-04 -6.364307012098791190e-04
-6.544167789689479429e-04 0.000000000000000000e+00 -7.645009738630976560e-05 2.656083836668737927e-04 -4.293203338523994637e-04 -2.654512395782481263e-04 -2.758834588211098366e-04 7.052208775259374406e-04 -3.494950116966717485e-04 -2.170792568324852242e-04 6.031305099051353751e-04 -2.369104717665403365e-04
9.462792489143205088e-05 -7.645009738630976560e-05 0.000000000000000000e+00 -3.282436345624060742e-04 -4.694254431938186525e-04 -3.224369273325945577e-04 1.190152717823831936e-03 -2.295308619692949977e-03 2.134085099806080476e-03 -7.830880174177184527e-05 2.170486953940105410e-03 5.933134455067859111e-04
1.467235783278915959e-04 2.656083836668737927e-04 -3.282436345624060742e-04 0.000000000000000000e+00 -4.149252621173564275e-04 -2.703058200148160677e-04 -9.363320422788048666e-05 -8.937864054904549448e-04 1.497404603272167820e-03 -1.629124550220255123e-04 3.606071761925905045e-04 5.646947852510481296e-04
-5.653955951879192308e-05 -4.293203338523994637e-04 -4.694254431938186525e-04 -4.149252621173564275e-04 0.000000000000000000e+00 -2.850828823914532866e-04 -5.767582069481193632e-04 1.488549184824542859e-04 6.052650699633295222e-04 1.729696254384141703e-04 -7.297553500765693044e-04 1.836673141145969787e-05
-2.747854878745805167e-04 -2.654512395782481263e-04 -3.224369273325945577e-04 -2.703058200148160677e-04 -2.850828823914532866e-04 0.000000000000000000e+00 2.982329357704774906e-04 -3.971389367804388157e-04 -8.326900505278949901e-04 4.981277463195247449e-04 7.748283327501914166e-04 1.079691238009073740e-04
-1.120979291861239253e-04 -2.758834588211098366e-04 1.190152717823831936e-03 -9.363320422788048666e-05 -5.767582069481193632e-04 2.982329357704774906e-04 0.000000000000000000e+00 9.235208284631715942e-04 -1.430554628544421702e-03 -2.937566251850194741e-04 1.923292063564241601e-03 7.426513870659603262e-04
-2.334717563638645876e-05 7.052208775259374406e-04 -2.295308619692949977e-03 -8.937864054904549448e-04 1.488549184824542859e-04 -3.971389367804388157e-04 9.235208284631715942e-04 0.000000000000000000e+00 -1.061254938911996301e-03 1.130504210585057696e-03 3.500746800635270647e-03 2.344017892831869523e-04
1.508892307181968840e-03 -3.494950116966717485e-04 2.134085099806080476e-03 1.497404603272167820e-03 6.052650699633295222e-04 -8.326900505278949901e-04 -1.430554628544421702e-03 -1.061254938911996301e-03 0.000000000000000000e+00 6.906599720308586243e-04 2.142936712704843292e-03 6.889628241012035054e-04
-7.704745095417907556e-04 -2.170792568324852242e-04 -7.830880174177184527e-05 -1.629124550220255123e-04 1.729696254384141703e-04 4.981277463195247449e-04 -2.937566251850194741e-04 1.130504210585057696e-03 6.906599720308586243e-04 0.000000000000000000e+00 -1.653785167670810731e-04 6.701254479524285535e-04
9.387188970585857864e-04 6.031305099051353751e-04 2.170486953940105410e-03 3.606071761925905045e-04 -7.297553500765693044e-04 7.748283327501914166e-04 1.923292063564241601e-03 3.500746800635270647e-03 2.142936712704843292e-03 -1.653785167670810731e-04 0.000000000000000000e+00 -4.682876459161738566e-04
-6.364307012098791190e-04 -2.369104717665403365e-04 5.933134455067859111e-04 5.646947852510481296e-04 1.836673141145969787e-05 1.079691238009073740e-04 7.426513870659603262e-04 2.344017892831869523e-04 6.889628241012035054e-04 6.701254479524285535e-04 -4.682876459161738566e-04 0.000000000000000000e+00
