0.000000000000000000e+00 2.974191212170966829e-04 1.226281583241920978e-03 6.130473490399271971e-04 -6.771018415623975082e-04 8.468543627459370953e-04 4.222904426486257857e-04 6.359287362659602144e-04 1.016660502666566534e-03 4.164763654336715924e-04 1.766096683345638686e-04 -1.469598325747176953e-05
2.974191212170966829e-04 0.000000000000000000e+00 -2.601679952920322265e-04 -2.936758583683968040e-05 -2.316338990700022541e-04 1.247200784534624072e-04 1.627573998570741554e-04 3.312275912518184654e-04 -2.149922181767943165e-04 -6.642362470118835913e-05 2.132366677500583752e-04 -2.449348289290113521e-04
1.226281583241920978e-03 -2.601679952920322265e-04 0.000000000000000000e+00 -9.340141141122546313e-05 8.490254276550053450e-05 1.261865702222433232e-03 -9.409330881669707115e-04 -6.943773255997990040e-05 -6.347374735380071102e-04 -8.959116230746205388e-04 1.346455183805607490e-04 1.341951073958769745e-03
6.130473490399271971e-04 -2.936758583683968040e-05 -9.340141141122546313e-05 0.000000000000000000e+00 -2.624114548758157712e-04 6.257977250514135603e-05 -5.208111785945866815e-05 -6.760815427621904780e-04 -7.411043389727934357e-04 3.745564658201025530e-04 6.853425003393328165e-04 9.522336083950376387e-05
-6.771018415623975082e-04 -2.316338990700022541e-04 8.490254276550053450e-05 -2.624114548758157712e-04 0.000000000000000000e+00 9.032748315950620975e-05 8.180513649514786019e-05 -1.147671229090703395e-04 -3.779317463154947799e-04 3.268570443085029977e-04 5.666598092250291728e-04 -2.974423274489954386e-05
8.468543627459370953e-04 1.247200784534624072e-04 1.261865702222433232e-03 6.257977250514135603e-05 9.032748315950620975e-05 0.000000000000000000e+00 1.117960401579432261e-04 -8.397944948942558281e-04 7.186245655700914206e-05 3.000098533918794681e-04 -1.263077609416553716e-03 -4.106397986376018888e-05
4.222904426486257857e-04 1.627573998570741554e-04 -9.409330881669707115e-04 -5.208111785945866815e-05 8.180513649514786019e-05 1.117960401579432261e-04 0.000000000000000000e+00 3.211478766942326519e-04 9.644468576012053167e-04 4.677580196491451341e-04 -2.225364621679024578e-04 1.709983498810534696e-04
6.359287362659602144e-04 3.312275912518184654e-04 -6.943773255997990040e-05 -6.760815427621904780e-04 -1.147671229090703395e-04 -8.397944948942558281e-04 3.211478766942326519e-04 0.000000000000000000e+00 3.614726051886770885e-03 1.998327856450014416e-04 2.148871014924282410e-03 -2.117214240307473648e-04
1.016660502666566534e-03 -2.149922181767943165e-04 -6.347374735380071102e-04 -7.411043389727934357e-04 -3.779317463154947799e-04 7.186245655700914206e-05 9.644468576012053167e-04 3.614726051886770885e-03 0.000000000000000000e+00 -6.913732282755268542e-04 -1.156186441441086612e-03 4.330529278709669772e-04
4.164763654336715924e-04 -6.642362470118835913e-05 -8.959116230746205388e-04 3.745564658201025530e-04 3.268570443085029977e-04 3.000098533918794681e-04 4.677580196491451341e-04 1.998327856450014416e-04 -6.913732282755268542e-04 0.000000000000000000e+00 8.971635072650260747e-04 -2.946757427760875918e-04
1.766096683345638686e-04 2.132366677500583752e-04 1.346455183805607490e-04 6.853425003393328165e-04 5.666598092250291728e-04 -1.263077609416553716e-03 -2.225364621679024578e-04 2.148871014924282410e-03 -1.156186441441086612e-03 8.971635072650260747e-04 0.000000000000000000e+00 7.870687373650462259e-04
-1.469598325747176953e-05 -2.449348289290113521e-04 1.341951073958769745e-03 9.522336083950376387e-05 -2.974423274489954386e-05 -4.106397986376018888e-05 1.709983498810534696e-04 -2.117214240307473648e-04 4.330529278709669772e-04 -2.946757427760875918e-04 7.870687373650462259e-04 0.000000000000000000e+00
