0.000000000000000000e+00 1.782807883876061828e-04 -1.239734424452042672e-03 -6.463464395242096792e-04 -3.215739276747090424e-04 2.069608552623988362e-04 8.101608813544576050e-04 7.555810969261324457e-04 1.070779162669261743e-04 -2.318417801608035455e-04 1.005159227387863573e-03 -1.241637434398544613e-04
1.782807883876061828e-04 0.000000000000000000e+00 -6.652340285287444786e-04 4.252571691899722107e-04 -2.696849622342869753e-05 4.078199046964179524e-04 -1.990645323028796481e-05 7.408164199648335693e-05 3.457652706616993728e-04 1.483697976216959613e-04 -4.627546397450546962e-05 3.922353991512995790e-04
-1.239734424452042672e-03 -6.652340285287444786e-04 0.000000000000000000e+00 -7.526592051839823584e-04 -1.437817862664908346e-03 6.955236052199094280e-04 -1.761905906220077736e-03 -9.470590879758556454e-04 -1.995585818020692223e-03 7.007928571849098530e-04 -3.346163292378879876e-03 1.435428865163691325e-04
-6.463464395242096792e-04 4.252571691899722107e-04 -7.526592051839823584e-04 0.000000000000000000e+00 -1.132870630226608490e-04 5.177716628211666084e-06 7.902114878863222445e-04 -8.432349806580681755e-05 6.003180481943040919e-04 -7.436649286552327910e-04 -4.851096152396341477e-04 4.825308441039187642e-04
-3.215739276747090424e-04 -2.696849622342869753e-05 -1.437817862664908346e-03 -1.132870630226608490e-04 0.000000000000000000e+00 2.730484158969716658e-04 -1.116080969379322697e-04 -9.878655136046779819e-04 -1.168101153118955831e-03 -3.182039834745248839e-04 5.566059358450071212e-04 -5.581110838263306662e-04
2.069608552623988362e-04 4.078199046964179524e-04 6.955236052199094280e-04 5.177716628211666084e-06 2.730484158969716658e-04 0.000000000000000000e+00 3.351980219934847091e-04 -2.667449994081799313e-04 -1.318975359365408533e-03 2.768569363138217434e-04 8.955671923683174824e-05 3.529558533303718700e-04
8.101608813544576050e-04 -1.990645323028796481e-05 -1.761905906220077736e-03 7.902114878863222445e-04 -1.116080969379322697e-04 3.351980219934847091e-04 0.000000000000000000e+00 -1.384116841899523959e-03 1.961439047254522061e-03 -7.230355829879668399e-04 -1.022713795161361416e-03 -1.707133673576767389e-05
7.555810969261324457e-04 7.408164199648335693e-05 -9.470590879758556454e-04 -8.432349806580681755e-05 -9.878655136046779819e-04 -2.667449994081799313e-04 -1.384116841899523959e-03 0.000000000000000000e+00 1.087131395830336902e-03 5.270398461394911350e-04 1.842043991960225354e-03 -9.316748545853653207e-04
1.070779162669261743e-04 3.457652706616993728e-04 -1.995585818020692223e-03 6.003180481943040919e-04 -1.168101153118955831e-03 -1.318975359365408533e-03 1.961439047254522061e-03 1.087131395830336902e-03 0.000000000000000000e+00 5.816704747683980499e-04 2.338954400997468163e-03 2.102236138636004914e-04
-2.318417801608035455e-04 1.483697976216959613e-04 7.007928571849098530e-04 -7.436649286552327910e-04 -3.182039834745248839e-04 2.768569363138217434e-04 -7.230355829879668399e-04 5.270398461394911350e-04 5.816704747683980499e-04 0.000000000000000000e+00 5.476656493082976895e-04 1.971878649660406676e-04
1.005159227387863573e-03 -4.627546397450546962e-05 -3.346163292378879876e-03 -4.851096152396341477e-04 5.566059358450071212e-04 8.955671923683174824e-05 -1.022713795161361416e-03 1.842043991960225354e-03 2.338954400997468163e-03 5.476656493082976895e-04 0.000000000000000000e+00 -2.477690583879949655e-04
-1.241637434398544613e-04 3.922353991512995790e-04 1.435428865163691325e-04 4.825308441039187642e-04 -5.581110838263306662e-04 3.529558533303718700e-04 -1.707133673576767389e-05 -9.316748545853653207e-04 2.102236138636004914e-04 1.971878649660406676e-04 -2.477690583879949655e-04 0.000000000000000000e+00
