0.000000000000000000e+00 -2.461138832043174678e-04 1.813269806582805919e-03 8.663023057694927342e-04 5.843298832542123591e-04 -7.523726184014350527e-05 -4.186524978615800490e-05 1.046849230785797894e-03 -9.399174375193893906e-04 -4.146731537026062038e-04 -1.468875778228730935e-03 -5.579147373403131127e-04
-2.461138832043174678e-04 0.000000000000000000e+00 6.097413861402490231e-04 -2.334870643884354429e-04 1.758845960346378629e-04 -4.496832046038383044e-04 5.537099740628515301e-04 1.629197375978777985e-04 3.380521700744489716e-04 2.561422908273587248e-04 -1.449038188330721393e-04 -5.142751857699336343e-04
1.813269806582805919e-03 6.097413861402490231e-04 0.000000000000000000e+00 -8.657963117782905248e-04 8.150283943972373929e-04 4.157820546544102949e-04 -2.078864591885225006e-03 2.152610863500662580e-03 2.005358931000080034e-03 2.184476225335124015e-04 7.200414723486474322e-04 1.522097259409077206e-04
8.663023057694927342e-04 -2.334870643884354429e-04 -8.657963117782905248e-04 0.000000000000000000e+00 -7.212701219731738920e-06 -1.690599494085382457e-04 -1.513948586520010443e-04 -8.276951159716149434e-04 2.557100673744302295e-04 -2.569830359678028082e-05 -9.557547960720715009e-04 1.418438848645347031e-04
5.843298832542123591e-04 1.758845960346378629e-04 8.150283943972373929e-04 -7.212701219731738920e-06 0.000000000000000000e+00 -3.001835282145222882e-04 1.479215665887357782e-06 -1.318647866505840869e-03 -9.222389576964525526e-04 -3.905860498869466284e-04 2.756999045631152389e-04 -1.200086516339330317e-04
-7.523726184014350527e-05 -4.496832046038383044e-04 4.157820546544102949e-04 -1.690599494085382457e-04 -3.001835282145222882e-04 0.000000000000000000e+00 -2.575225890863327115e-04 7.896280542158062247e-04 -4.485671475695897164e-04 -1.560657910352492909e-05 6.020196366783840290e-04 5.092307901167827120e-04
-4.186524978615800490e-05 5.537099740628515301e-04 -2.078864591885225006e-03 -1.513948586520010443e-04 1.479215665887357782e-06 -2.575225890863327115e-04 0.000000000000000000e+00 1.385457867756504334e-03 -1.679988067454977032e-03 4.408705768996881756e-04 -3.959695906901649427e-04 1.447785084232815049e-04
1.046849230785797894e-03 1.629197375978777985e-04 2.152610863500662580e-03 -8.276951159716149434e-04 -1.318647866505840869e-03 7.896280542158062247e-04 1.385457867756504334e-03 0.000000000000000000e+00 1.126746327418189867e-03 5.758758619126276259e-05 -2.502749749643043680e-03 -2.923242849297090604e-04
-9.399174375193893906e-04 3.380521700744489716e-04 2.005358931000080034e-03 2.557100673744302295e-04 -9.222389576964525526e-04 -4.485671475695897164e-04 -1.679988067454977032e-03 1.126746327418189867e-03 0.000000000000000000e+00 -5.221863708971052421e-04 2.794122235705485090e-03 -3.736496036514808388e-04
-4.146731537026062038e-04 2.561422908273587248e-04 2.184476225335124015e-04 -2.569830359678028082e-05 -3.905860498869466284e-04 -1.560657910352492909e-05 4.408705768996881756e-04 5.758758619126276259e-05 -5.221863708971052421e-04 0.000000000000000000e+00 7.554459446409175598e-04 2.041120337125059314e-04
-1.468875778228730935e-03 -1.449038188330721393e-04 7.200414723486474322e-04 -9.557547960720715009e-04 2.756999045631152389e-04 6.020196366783840290e-04 -3.959695906901649427e-04 -2.502749749643043680e-03 2.794122235705485090e-03 7.554459446409175598e-04 0.000000000000000000e+00 8.670830031637375476e-04
-5.579147373403131127e-04 -5.142751857699336343e-04 1.522097259409077206e-04 1.418438848645347031e-04 -1.200086516339330317e-04 5.092307901167827120e-04 1.447785084232815049e-04 -2.923242849297090604e-04 -3.736496036514808388e-04 2.041120337125059314e-04 8.670830031637375476e-04 0.000000000000000000e+00
