0.000000000000000000e+00 8.785271294450762262e-04 3.887189217519077932e-04 3.420604494031248902e-04 -1.016971405053572936e-04 -4.766209719906181201e-04 5.069060981549275468e-04 -4.431490103013622432e-04 4.202212550655630994e-04 1.974305445689417376e-04 -7.980754126444541746e-04 -3.271008854417237753e-04
8.785271294450762262e-04 0.000000000000000000e+00 3.263857834588246710e-04 -8.830994390889555529e-04 -6.470640983397719101e-04 3.055757475501258468e-04 -9.657114660652400687e-04 3.740206206192969751e-04 1.429253380819446844e-03 -3.496869018677107059e-04 -3.418038079008815528e-03 3.089037636884657198e-03
3.887189217519077932e-04 3.263857834588246710e-04 0.000000000000000000e+00 -6.704578527043273490e-04 -1.922796559598221114e-04 3.554247093790492262e-04 -6.719513635159925398e-04 1.009896347668943529e-04 5.520267252311932991e-04 -1.677828085188246183e-05 5.546767166186123647e-04 -7.030644626841460855e-04
3.420604494031248902e-04 -8.830994390889555529e-04 -6.704578527043273490e-04 0.000000000000000000e+00 -3.295755788659895675e-04 -8.066132716820233921e-05 -6.421790738520992328e-04 -1.394298020950121770e-04 -1.025564365267973062e-03 1.985696847572242056e-04 -1.675543853978621149e-03 -1.161402131204232122e-03
-1.016971405053572936e-04 -6.470640983397719101e-04 -1.922796559598221114e-04 -3.295755788659895675e-04 0.000000000000000000e+00 1.841865360291441685e-04 3.391190016232283294e-04 1.277529362941742103e-04 -7.000263385951204973e-05 3.281340737283273707e-04 -4.937593099654477048e-04 1.410598330662040387e-03
-4.766209719906181201e-04 3.055757475501258468e-04 3.554247093790492262e-04 -8.066132716820233921e-05 1.841865360291441685e-04 0.000000000000000000e+00 -8.052226559326840596e-05 7.689746907557899833e-04 2.020571386042779101e-04 6.149521675698256268e-04 4.640786945044444436e-04 -8.203906608139950466e-04
5.069060981549275468e-04 -9.657114660652400687e-04 -6.719513635159925398e-04 -6.421790738520992328e-04 3.391190016232283294e-04 -8.052226559326840596e-05 0.000000000000000000e+00 -1.700722833771199541e-04 -9.565702933036727019e-04 -3.956224951639550737e-04 2.021975485898401016e-03 1.219101435159122924e-03
-4.431490103013622432e-04 3.740206206192969751e-04 1.009896347668943529e-04 -1.394298020950121770e-04 1.277529362941742103e-04 7.689746907557899833e-04 -1.700722833771199541e-04 0.000000000000000000e+00 -5.644366044469870114e-04 3.370913359767234679e-04 2.821329839770194610e-05 8.564951264409567493e-04
4.202212550655630994e-04 1.429253380819446844e-03 5.520267252311932991e-04 -1.025564365267973062e-03 -7.000263385951204973e-05 2.020571386042779101e-04 -9.565702933036727019e-04 -5.644366044469870114e-04 0.000000000000000000e+00 1.065208720073300896e-03 1.136960409282543197e-03 1.199670488594246779e-03
1.974305445689417376e-04 -3.496869018677107059e-04 -1.677828085188246183e-05 1.985696847572242056e-04 3.281340737283273707e-04 6.149521675698256268e-04 -3.956224951639550737e-04 3.370913359767234679e-04 1.065208720073300896e-03 0.000000000000000000e+00 7.505666324907518943e-05 5.196932224016711892e-04
-7.980754126444541746e-04 -3.418038079008815528e-03 5.546767166186123647e-04 -1.675543853978621149e-03 -4.937593099654477048e-04 4.640786945044444436e-04 2.021975485898401016e-03 2.821329839770194610e-05 1.136960409282543197e-03 7.505666324907518943e-05 0.000000000000000000e+00 1.772040442702609497e-03
-3.271008854417237753e-04 3.089037636884657198e-03 -7.030644626841460855e-04 -1.161402131204232122e-03 1.410598330662040387e-03 -8.203906608139950466e-04 1.219101435159122924e-03 8.564951264409567493e-04 1.199670488594246779e-03 5.196932224016711892e-04 1.772040442702609497e-03 0.000000000000000000e+00
