0.000000000000000000e+00 3.167569067379767092e-04 -7.490828840159906537e-05 -6.382002042262646245e-05 2.748889771896349159e-04 1.401237615337925417e-04 2.109950023972290438e-04 -1.732155932955038995e-04 -6.887181768165671946e-04 2.676003062874502086e-04 -3.849219917611227261e-05 2.117419571304061455e-04
3.167569067379767092e-04 0.000000000000000000e+00 7.962655538588576422e-04 -2.275206812718617768e-04 6.564976168163478079e-04 1.019846659032138791e-03 6.367696428178912845e-04 -9.322999694693923914e-05 1.099986751227760833e-03 3.656861846664046130e-04 1.709970534190003106e-03 2.168960013973128369e-03
-7.490828840159906537e-05 7.962655538588576422e-04 0.000000000000000000e+00 1.838356908888304437e-04 -5.996058749508167843e-04 -5.171905791550441807e-04 6.567070688451158867e-04 -1.772388878779221713e-04 3.400496968243068977e-04 1.698581605263457957e-04 1.740268998029133622e-03 -1.146366931317200450e-03
-6.382002042262646245e-05 -2.275206812718617768e-04 1.838356908888304437e-04 0.000000000000000000e+00 6.046164499562775184e-04 2.274610576766214910e-04 -5.216887135550668910e-04 1.737389992396407880e-04 -7.508155103752196802e-04 3.800198811149374089e-05 2.349501985776115129e-04 1.147687083515819360e-03
2.748889771896349159e-04 6.564976168163478079e-04 -5.996058749508167843e-04 6.046164499562775184e-04 0.000000000000000000e+00 -5.257204334709134888e-04 -3.294316963569207321e-04 3.442384435830915567e-04 8.029368973152506113e-04 5.341634180190656936e-04 -1.015317134151914793e-03 8.244798416174225954e-04
1.401237615337925417e-04 1.019846659032138791e-03 -5.171905791550441807e-04 2.274610576766214910e-04 -5.257204334709134888e-04 0.000000000000000000e+00 4.490204597934423138e-04 3.069486712181972101e-04 2.821829208295003407e-04 -2.406557028208691491e-04 -4.832343614627741834e-04 -7.126934262730789298e-04
2.109950023972290438e-04 6.367696428178912845e-04 6.567070688451158867e-04 -5.216887135550668910e-04 -3.294316963569207321e-04 4.490204597934423138e-04 0.000000000000000000e+00 2.155828449772504994e-05 -2.578989321986712856e-04 -4.656514578322940262e-04 -5.679240629606083311e-04 -5.970328342347300688e-04
-1.732155932955038995e-04 -9.322999694693923914e-05 -1.772388878779221713e-04 1.737389992396407880e-04 3.442384435830915567e-04 3.069486712181972101e-04 2.155828449772504994e-05 0.000000000000000000e+00 -3.197592420926033147e-04 -2.431483899978548083e-04 1.047508994590480884e-03 -9.642726869410789573e-04
-6.887181768165671946e-04 1.099986751227760833e-03 3.400496968243068977e-04 -7.508155103752196802e-04 8.029368973152506113e-04 2.821829208295003407e-04 -2.578989321986712856e-04 -3.197592420926033147e-04 0.000000000000000000e+00 3.141672005636527245e-04 -3.868679335477957565e-04 -1.252922210775785344e-03
2.676003062874502086e-04 3.656861846664046130e-04 1.698581605263457957e-04 3.800198811149374089e-05 5.341634180190656936e-04 -2.406557028208691491e-04 -4.656514578322940262e-04 -2.431483899978548083e-04 3.141672005636527245e-04 0.000000000000000000e+00 -3.901286356913309574e-04 -1.475658884213732315e-03
-3.849219917611227261e-05 1.709970534190003106e-03 1.740268998029133622e-03 2.349501985776115129e-04 -1.015317134151914793e-03 -4.832343614627741834e-04 -5.679240629606083311e-04 1.047508994590480884e-03 -3.868679335477957565e-04 -3.901286356913309574e-04 0.000000000000000000e+00 2.346092390744683714e-03
2.117419571304061455e-04 2.168960013973128369e-03 -1.146366931317200450e-03 1.147687083515819360e-03 8.244798416174225954e-04 -7.126934262730789298e-04 -5.970328342347300688e-04 -9.642726869410789573e-04 -1.252922210775785344e-03 -1.475658884213732315e-03 2.346092390744683714e-03 0.000000000000000000e+00
