0.000000000000000000e+00 -6.459418380205977136e-04 3.989254346997774285e-04 -4.459159977758215079e-04 -4.677001986990146913e-04 -6.599375873994398802e-06 4.621065308868144866e-04 1.234403305498895677e-04 -3.514237474784248183e-04 3.297363184359783259e-05 -2.202661147477689258e-04 3.958081124257641623e-04
-6.459418380205977136e-04 0.000000000000000000e+00 -3.838670977739210965e-04 -3.676733108532799672e-04 4.177561340019409755e-04 -1.059382394068847204e-03 -1.496050825316328371e-03 1.041851291916105109e-03 -7.110382988549243059e-04 7.705621339383379861e-04 2.070021482047912072e-04 7.210066141350427891e-05
3.989254346997774285e-04 -3.838670977739210965e-04 0.000000000000000000e+00 -6.329425950218523726e-04 -7.824325087668764530e-06 -7.758239653481152761e-05 1.309186301649718765e-04 -4.474271834413883517e-04 5.188898922844052426e-04 -1.522146538554977840e-04 -1.068002857394011011e-03 -3.770580118549857911e-04
-4.459159977758215079e-04 -3.676733108532799672e-04 -6.329425950218523726e-04 0.000000000000000000e+00 2.332608746692986588e-04 -8.503437294218154155e-04 8.902638482762057588e-04 -3.829638290939030147e-04 8.324100119044832661e-04 9.014267201582748502e-05 1.598050542367098446e-03 -1.726735903059379521e-03
-4.677001986990146913e-04 4.177561340019409755e-04 -7.824325087668764530e-06 2.332608746692986588e-04 0.000000000000000000e+00 -2.221965289050433228e-04 -3.368690256305791508e-04 -2.662184133326905887e-04 -5.356832698075883405e-05 3.199492760760955061e-04 -1.114175762607033529e-03 -1.023749267152518003e-03
-6.599375873994398802e-06 -1.059382394068847204e-03 -7.758239653481152761e-05 -8.503437294218154155e-04 -2.221965289050433228e-04 0.000000000000000000e+00 -5.653806112594789981e-04 -6.164582953563991271e-04 -3.246853723254985156e-04 -7.771730887147032616e-05 1.351295880492351959e-03 1.370773367661941842e-04
4.621065308868144866e-04 -1.496050825316328371e-03 1.309186301649718765e-04 8.902638482762057588e-04 -3.368690256305791508e-04 -5.653806112594789981e-04 0.000000000000000000e+00 -3.732806339489632341e-04 -7.097061561970252012e-04 -5.821739734538837154e-05 -2.329517120286620912e-04 -1.830330208172299515e-03
1.234403305498895677e-04 1.041851291916105109e-03 -4.474271834413883517e-04 -3.829638290939030147e-04 -2.662184133326905887e-04 -6.164582953563991271e-04 -3.732806339489632341e-04 0.000000000000000000e+00 4.685726279169617520e-04 -7.850623989661574195e-04 -1.674424602542161876e-03 1.718724671250928789e-03
-3.514237474784248183e-04 -7.110382988549243059e-04 5.188898922844052426e-04 8.324100119044832661e-04 -5.356832698075883405e-05 -3.246853723254985156e-04 -7.097061561970252012e-04 4.685726279169617520e-04 0.000000000000000000e+00 -2.874974663557404312e-04 2.125447877069413551e-03 1.432439471404520432e-03
3.297363184359783259e-05 7.705621339383379861e-04 -1.522146538554977840e-04 9.014267201582748502e-05 3.199492760760955061e-04 -7.771730887147032616e-05 -5.821739734538837154e-05 -7.850623989661574195e-04 -2.874974663557404312e-04 0.000000000000000000e+00 3.073264583027799138e-04 6.828120779460943295e-04
-2.202661147477689258e-04 2.070021482047912072e-04 -1.068002857394011011e-03 1.598050542367098446e-03 -1.114175762607033529e-03 1.351295880492351959e-03 -2.329517120286620912e-04 -1.674424602542161876e-03 2.125447877069413551e-03 3.073264583027799138e-04 0.000000000000000000e+00 2.736288092027081183e-03
3.958081124257641623e-04 7.210066141350427891e-05 -3.770580118549857911e-04 -1.726735903059379521e-03 -1.023749267152518003e-03 1.370773367661941842e-04 -1.830330208172299515e-03 1.718724671250928789e-03 1.432439471404520432e-03 6.828120779460943295e-04 2.736288092027081183e-03 0.000000000000000000e+00
