0.000000000000000000e+00 3.628416534789889974e-04 -2.761411101528505566e-05 -5.946707105429021684e-05 3.995651090034760321e-05 4.128850588773976828e-04 -1.425116146685641533e-04 -2.432579415004502532e-04 -4.013603870568267134e-04 2.149111279853154366e-04 -6.259373339500549135e-04 -7.263212138652419634e-04
3.628416534789889974e-04 0.000000000000000000e+00 8.973871538650348952e-04 -1.140331746595294772e-03 -1.211322012697744902e-03 -1.628834917664434632e-04 1.254715229740858713e-03 -8.635973320829511092e-04 -1.446758552379744404e-03 4.802689816507693557e-04 2.542231216342166669e-03 -9.036634861052439188e-04
-2.761411101528505566e-05 8.973871538650348952e-04 0.000000000000000000e+00 4.530965205226444100e-04 8.572166807004073634e-05 1.630979289651743032e-04 6.882336087233455017e-04 -4.011124314563119394e-04 -6.737192328196191932e-04 -2.966671509568766349e-04 -3.685643181996177409e-04 3.476460138883463767e-04
-5.946707105429021684e-05 -1.140331746595294772e-03 4.530965205226444100e-04 0.000000000000000000e+00 4.666447085511551940e-04 1.363927907548364389e-04 -1.966971845004177012e-04 4.640084816212224159e-04 -6.851810375091416105e-04 -4.481253736101395262e-04 -9.203396652710012097e-04 -1.188557558886545141e-03
3.995651090034760321e-05 -1.211322012697744902e-03 8.572166807004073634e-05 4.666447085511551940e-04 0.000000000000000000e+00 -2.148162534206800008e-04 7.509501545361943454e-05 -4.331269586113162891e-04 -2.510603261135532067e-04 -2.500053710502644775e-05 -1.160560908774183010e-03 -1.439806806302420953e-04
4.128850588773976828e-04 -1.628834917664434632e-04 1.630979289651743032e-04 1.363927907548364389e-04 -2.148162534206800008e-04 0.000000000000000000e+00 9.989464688906521221e-05 6.895240845685507642e-05 7.611188259533153717e-04 -2.450260316756299145e-04 -7.812352339576368165e-04 1.280542937389279445e-03
-1.425116146685641533e-04 1.254715229740858713e-03 6.882336087233455017e-04 -1.966971845004177012e-04 7.509501545361943454e-05 9.989464688906521221e-05 0.000000000000000000e+00 3.083191514423721385e-04 -8.549013378828079204e-04 -4.277432503861765826e-05 -7.086457755034873164e-04 1.332657504325448052e-03
-2.432579415004502532e-04 -8.635973320829511092e-04 -4.011124314563119394e-04 4.640084816212224159e-04 -4.331269586113162891e-04 6.895240845685507642e-05 3.083191514423721385e-04 0.000000000000000000e+00 -5.167386427337675604e-04 -7.967789703859859689e-05 -3.831447300405160794e-04 3.801838421697132818e-04
-4.013603870568267134e-04 -1.446758552379744404e-03 -6.737192328196191932e-04 -6.851810375091416105e-04 -2.510603261135532067e-04 7.611188259533153717e-04 -8.549013378828079204e-04 -5.167386427337675604e-04 0.000000000000000000e+00 -2.592061144880470247e-04 1.098750844426583896e-03 1.846017128249257712e-03
2.149111279853154366e-04 4.802689816507693557e-04 -2.966671509568766349e-04 -4.481253736101395262e-04 -2.500053710502644775e-05 -2.450260316756299145e-04 -4.277432503861765826e-05 -7.967789703859859689e-05 -2.592061144880470247e-04 0.000000000000000000e+00 -1.637348013824679307e-03 -2.388681674202014179e-04
-6.259373339500549135e-04 2.542231216342166669e-03 -3.685643181996177409e-04 -9.203396652710012097e-04 -1.160560908774183010e-03 -7.812352339576368165e-04 -7.086457755034873164e-04 -3.831447300405160794e-04 1.098750844426583896e-03 -1.637348013824679307e-03 0.000000000000000000e+00 -2.925819612692690495e-03
-7.263212138652419634e-04 -9.036634861052439188e-04 3.476460138883463767e-04 -1.188557558886545141e-03 -1.439806806302420953e-04 1.280542937389279445e-03 1.332657504325448052e-03 3.801838421697132818e-04 1.846017128249257712e-03 -2.388681674202014179e-04 -2.925819612692690495e-03 0.000000000000000000e+00
