0.000000000000000000e+00 2.009271457875507285e-04 -3.384498559188597118e-04 8.672958301274778488e-04 4.805828805541552569e-03 -1.780743184525611150e-03 3.731560687800792778e-06 -8.661208440949965445e-04 1.785843526990946715e-04 6.437519769709346227e-04 -8.330836872025500521e-04 2.160933257471917782e-03
2.009271457875507285e-04 0.000000000000000000e+00 5.073688790948045584e-04 1.173934336627602216e-04 -6.361089223620238105e-04 -1.061871701438057416e-03 1.223681829206574399e-04 8.169896058339061072e-05 -1.774702205335819763e-04 -4.792505989005259949e-05 -1.890589002583562841e-04 -5.510260482735156434e-04
-3.384498559188597118e-04 5.073688790948045584e-04 0.000000000000000000e+00 -2.386803385715995064e-04 4.970487763792774249e-04 4.679471812547759155e-04 4.975518068522193083e-04 -3.142745682144012240e-04 -1.840998090138705576e-04 1.199179236552248119e-04 3.071734293282955114e-04 3.893052362293596960e-04
8.672958301274778488e-04 1.173934336627602216e-04 -2.386803385715995064e-04 0.000000000000000000e+00 9.954468692403796361e-04 4.958650897743069764e-04 -1.962975991821428476e-04 2.070489428995644845e-04 4.053545939069475696e-04 -2.959091737211025892e-05 -2.907006504281301027e-04 -1.984663676780587689e-04
4.805828805541552569e-03 -6.361089223620238105e-04 4.970487763792774249e-04 9.954468692403796361e-04 0.000000000000000000e+00 -1.690204066742215542e-03 3.914438430860207006e-04 1.067653057240033627e-04 1.049078576931385424e-03 -8.709741866336529218e-04 -2.683555610426224553e-03 3.050601119868717823e-03
-1.780743184525611150e-03 -1.061871701438057416e-03 4.679471812547759155e-04 4.958650897743069764e-04 -1.690204066742215542e-03 0.000000000000000000e+00 -1.127514159475069035e-03 8.283614039592310891e-04 -3.677055828568842480e-04 -1.238138323635507672e-04 1.802394383421220740e-04 -1.368550749254749668e-03
3.731560687800792778e-06 1.223681829206574399e-04 4.975518068522193083e-04 -1.962975991821428476e-04 3.914438430860207006e-04 -1.127514159475069035e-03 0.000000000000000000e+00 4.103242147195452550e-04 6.463643650137355662e-04 -5.751199581208699899e-04 -2.281423728589495247e-04 -1.371488800672971201e-03
-8.661208440949965445e-04 8.169896058339061072e-05 -3.142745682144012240e-04 2.070489428995644845e-04 1.067653057240033627e-04 8.283614039592310891e-04 4.103242147195452550e-04 0.000000000000000000e+00 9.211024248161723432e-05 -8.037905368459408032e-05 -1.039368367208085920e-03 6.436387641803449590e-04
1.785843526990946715e-04 -1.774702205335819763e-04 -1.840998090138705576e-04 4.053545939069475696e-04 1.049078576931385424e-03 -3.677055828568842480e-04 6.463643650137355662e-04 9.211024248161723432e-05 0.000000000000000000e+00 3.529335404542932879e-04 -5.834398832306488241e-04 3.605570630046150450e-04
6.437519769709346227e-04 -4.792505989005259949e-05 1.199179236552248119e-04 -2.959091737211025892e-05 -8.709741866336529218e-04 -1.238138323635507672e-04 -5.751199581208699899e-04 -8.037905368459408032e-05 3.529335404542932879e-04 0.000000000000000000e+00 -8.592173578687539552e-04 -7.537610953953298009e-05
-8.330836872025500521e-04 -1.890589002583562841e-04 3.071734293282955114e-04 -2.907006504281301027e-04 -2.683555610426224553e-03 1.802394383421220740e-04 -2.281423728589495247e-04 -1.039368367208085920e-03 -5.834398832306488241e-04 -8.592173578687539552e-04 0.000000000000000000e+00 5.432806364688154118e-04
2.160933257471917782e-03 -5.510260482735156434e-04 3.893052362293596960e-04 -1.984663676780587689e-04 3.050601119868717823e-03 -1.368550749254749668e-03 -1.371488800672971201e-03 6.436387641803449590e-04 3.605570630046150450e-04 -7.537610953953298009e-05 5.432806364688154118e-04 0.000000000000000000e+00
