0.000000000000000000e+00 -1.343377373808359141e-04 6.463588191950019610e-04 6.608364781800229624e-04 2.244912654075034968e-03 5.628583763282801267e-04 -1.010467184843875368e-03 2.280100850226412894e-03 -5.066568989189227734e-04 -4.267657671579913321e-04 3.304161476750228066e-04 -2.112286592067473719e-03
-1.343377373808359141e-04 0.000000000000000000e+00 -4.987159425703146035e-04 2.320936780721261734e-04 -1.168773536114863710e-05 3.883770784922554726e-04 4.869915891667035967e-05 3.440332983817934935e-04 4.007028456341948431e-04 -5.197144236332436155e-04 -6.986991151192750065e-04 3.760272534034137274e-04
6.463588191950019610e-04 -4.987159425703146035e-04 0.000000000000000000e+00 -1.104841965080955433e-04 -7.911520662057302871e-04 -3.417772522313785558e-04 -2.951465307106568270e-04 -1.444342820814108891e-04 1.173353241380917613e-04 -3.138676618156304647e-04 -5.053086070772902332e-04 -1.746378275982222680e-04
6.608364781800229624e-04 2.320936780721261734e-04 -1.104841965080955433e-04 0.000000000000000000e+00 -9.979074958628706467e-04 2.382418943189358671e-04 -7.275309814591781384e-04 2.069839781983132511e-04 3.487713854087843668e-04 3.575645842609733089e-04 2.700268009393586520e-04 1.113643555192180142e-04
2.244912654075034968e-03 -1.168773536114863710e-05 -7.911520662057302871e-04 -9.979074958628706467e-04 0.000000000000000000e+00 -1.721747524413642103e-03 2.249685166435773549e-03 -5.033692762589261471e-04 -5.572675680619853253e-04 1.365245905147192398e-03 -4.659462472990093013e-05 6.279767350755892982e-04
5.628583763282801267e-04 3.883770784922554726e-04 -3.417772522313785558e-04 2.382418943189358671e-04 -1.721747524413642103e-03 0.000000000000000000e+00 1.526156180107215521e-04 3.881680116613668466e-04 -3.995788607653853486e-05 -2.079670559979208079e-05 -2.404735133928475753e-04 -9.541352792510783684e-04
-1.010467184843875368e-03 4.869915891667035967e-05 -2.951465307106568270e-04 -7.275309814591781384e-04 2.249685166435773549e-03 1.526156180107215521e-04 0.000000000000000000e+00 -8.966778863721899676e-04 -3.568463338341128379e-05 -9.072909852524704789e-04 -5.268187662262872493e-04 -1.699449388916286123e-03
2.280100850226412894e-03 3.440332983817934935e-04 -1.444342820814108891e-04 2.069839781983132511e-04 -5.033692762589261471e-04 3.881680116613668466e-04 -8.966778863721899676e-04 0.000000000000000000e+00 -5.358245563974620238e-04 -7.219284761958552534e-04 -6.847703506031897281e-04 4.466821074163773914e-04
-5.066568989189227734e-04 4.007028456341948431e-04 1.173353241380917613e-04 3.487713854087843668e-04 -5.572675680619853253e-04 -3.995788607653853486e-05 -3.568463338341128379e-05 -5.358245563974620238e-04 0.000000000000000000e+00 -3.190561455839427581e-04 5.220693329549135368e-04 -6.862358469854877054e-04
-4.267657671579913321e-04 -5.197144236332436155e-04 -3.138676618156304647e-04 3.575645842609733089e-04 1.365245905147192398e-03 -2.079670559979208079e-05 -9.072909852524704789e-04 -7.219284761958552534e-04 -3.190561455839427581e-04 0.000000000000000000e+00 9.179061835425972619e-04 8.005419054617186154e-04
3.304161476750228066e-04 -6.986991151192750065e-04 -5.053086070772902332e-04 2.700268009393586520e-04 -4.659462472990093013e-05 -2.404735133928475753e-04 -5.268187662262872493e-04 -6.847703506031897281e-04 5.220693329549135368e-04 9.179061835425972619e-04 0.000000000000000000e+00 -3.242237813642186639e-04
-2.112286592067473719e-03 3.760272534034137274e-04 -1.746378275982222680e-04 1.113643555192180142e-04 6.279767350755892982e-04 -9.541352792510783684e-04 -1.699449388916286123e-03 4.466821074163773914e-04 -6.862358469854877054e-04 8.005419054617186154e-04 -3.242237813642186639e-04 0.000000000000000000e+00
