0.000000000000000000e+00 2.101640507192350724e-03 1.401018334369133749e-04 4.607157157468963721e-04 7.976092429989227548e-04 1.526450856097205221e-03 1.420679424662549479e-04 -5.629128988289218210e-04 -8.919881258953820356e-04 1.165168807531489223e-03 -2.137022933820434314e-03 1.679402433061639695e-03
2.101640507192350724e-03 0.000000000000000000e+00 1.501170350066709962e-04 -2.623520460162767517e-05 -2.729376746127953196e-03 1.026103930919359175e-03 -9.861689872790748400e-04 -8.710477096051743001e-05 2.517925934821961444e-04 6.120872600118920995e-04 3.337867955862876919e-04 -5.972319305242523933e-05
1.401018334369133749e-04 1.501170350066709962e-04 0.000000000000000000e+00 -2.186075816468083569e-04 5.992968250290749274e-04 -2.093538694188858563e-04 -4.325472444480280807e-05 -2.207450860158616441e-04 -5.156680711838420613e-05 -3.381070127863648831e-04 1.028564079374170200e-04 7.348108008177486146e-04
4.607157157468963721e-04 -2.623520460162767517e-05 -2.186075816468083569e-04 0.000000000000000000e+00 4.601407292745781133e-04 -5.744742947036646317e-04 -4.823218631860571562e-04 5.124120690478628721e-04 1.247187581456003704e-04 3.266086846105967700e-04 3.616306532003302969e-04 6.388219432976194063e-04
7.976092429989227548e-04 -2.729376746127953196e-03 5.992968250290749274e-04 4.601407292745781133e-04 0.000000000000000000e+00 1.296628354923238993e-03 2.220592883370174284e-03 -4.436628231416454030e-05 -8.491403484582462442e-05 -4.813423556210124558e-04 2.327449578718750048e-04 1.962021309271433540e-03
1.526450856097205221e-03 1.026103930919359175e-03 -2.093538694188858563e-04 -5.744742947036646317e-04 1.296628354923238993e-03 0.000000000000000000e+00 7.675656065615364589e-04 -7.718560668391257233e-04 3.784181613168679527e-04 1.030849636103831958e-04 5.332276091186730852e-04 9.258762251413819476e-04
1.420679424662549479e-04 -9.861689872790748400e-04 -4.325472444480280807e-05 -4.823218631860571562e-04 2.220592883370174284e-03 7.675656065615364589e-04 0.000000000000000000e+00 3.216759330199723166e-04 5.506284059257475651e-05 8.986648692964865470e-04 1.190255218265248819e-04 -1.917947198133233540e-04
-5.629128988289218210e-04 -8.710477096051743001e-05 -2.207450860158616441e-04 5.124120690478628721e-04 -4.436628231416454030e-05 -7.718560668391257233e-04 3.216759330199723166e-04 0.000000000000000000e+00 -3.238211182242666008e-04 4.262716311407712495e-04 6.343557920957243728e-04 6.729267409983918924e-04
-8.919881258953820356e-04 2.517925934821961444e-04 -5.156680711838420613e-05 1.247187581456003704e-04 -8.491403484582462442e-05 3.784181613168679527e-04 5.506284059257475651e-05 -3.238211182242666008e-04 0.000000000000000000e+00 -9.993696624934582441e-06 6.032059022992219879e-04 2.838559250129864134e-04
1.165168807531489223e-03 6.120872600118920995e-04 -3.381070127863648831e-04 3.266086846105967700e-04 -4.813423556210124558e-04 1.030849636103831958e-04 8.986648692964865470e-04 4.262716311407712495e-04 -9.993696624934582441e-06 0.000000000000000000e+00 3.422173023089403795e-04 -2.745413618372031573e-04
-2.137022933820434314e-03 3.337867955862876919e-04 1.028564079374170200e-04 3.616306532003302969e-04 2.327449578718750048e-04 5.332276091186730852e-04 1.190255218265248819e-04 6.343557920957243728e-04 6.032059022992219879e-04 3.422173023089403795e-04 0.000000000000000000e+00 1.028751745768716587e-03
1.679402433061639695e-03 -5.972319305242523933e-05 7.348108008177486146e-04 6.388219432976194063e-04 1.962021309271433540e-03 9.258762251413819476e-04 -1.917947198133233540e-04 6.729267409983918924e-04 2.838559250129864134e-04 -2.745413618372031573e-04 1.028751745768716587e-03 0.000000000000000000e+00
