0.000000000000000000e+00 8.829319535555600271e-04 4.576913238388782184e-04 -2.270101651310233132e-04 1.939543789638050429e-03 4.756059623631934594e-04 -1.021465535152320291e-03 3.819555568721846070e-04 -6.602018512188176716e-04 1.214086460074275189e-03 1.275801056343214617e-03 9.844219786149161801e-04
8.829319535555600271e-04 0.000000000000000000e+00 2.837711220754904405e-04 5.781935167670835098e-04 7.069215132979753081e-04 6.565169408697155802e-04 -1.093434436349091958e-03 -8.256870875712630370e-04 1.473567061825457251e-04 1.280747363336438730e-04 3.391030223243632737e-04 -7.910753219775221428e-04
4.576913238388782184e-04 2.837711220754904405e-04 0.000000000000000000e+00 -1.812440793511323558e-04 6.857748132013485962e-04 -6.248046176720658011e-04 -5.522809855610404030e-05 -4.874776141145270754e-04 -1.542468625180719657e-04 1.297199041419889076e-04 3.357463026681049823e-04 -2.218811617602868319e-04
-2.270101651310233132e-04 5.781935167670835098e-04 -1.812440793511323558e-04 0.000000000000000000e+00 5.134174585693673278e-04 -6.811168107495873137e-04 6.911146237175866359e-04 6.081041853024266594e-04 -1.821673248981976189e-05 4.894891543738339899e-04 1.310515809615679184e-04 -8.042789494122946177e-04
1.939543789638050429e-03 7.069215132979753081e-04 6.857748132013485962e-04 5.134174585693673278e-04 0.000000000000000000e+00 4.300115201362615761e-05 9.675944490052153929e-04 -1.374784953104081758e-03 -1.825037504651375541e-04 -9.344879039336419268e-04 -1.451581355978365673e-03 -3.407727141964597781e-03
4.756059623631934594e-04 6.565169408697155802e-04 -6.248046176720658011e-04 -6.811168107495873137e-04 4.300115201362615761e-05 0.000000000000000000e+00 -9.755752426843834497e-04 5.000586612323905129e-04 2.559236952831900943e-04 -1.593845478722226436e-05 -9.629171851330459208e-04 -8.790480226462533660e-04
-1.021465535152320291e-03 -1.093434436349091958e-03 -5.522809855610404030e-05 6.911146237175866359e-04 9.675944490052153929e-04 -9.755752426843834497e-04 0.000000000000000000e+00 1.060565975169140148e-04 3.294858471924159591e-04 6.195862531765524090e-04 -5.938239116979604493e-04 -2.081984550892572710e-03
3.819555568721846070e-04 -8.256870875712630370e-04 -4.874776141145270754e-04 6.081041853024266594e-04 -1.374784953104081758e-03 5.000586612323905129e-04 1.060565975169140148e-04 0.000000000000000000e+00 -5.506546733954328704e-04 3.261467642000096196e-04 -1.055275078308814994e-03 1.870909905262467716e-04
-6.602018512188176716e-04 1.473567061825457251e-04 -1.542468625180719657e-04 -1.821673248981976189e-05 -1.825037504651375541e-04 2.559236952831900943e-04 3.294858471924159591e-04 -5.506546733954328704e-04 0.000000000000000000e+00 1.111392294649870042e-04 -3.727762153359417963e-05 -4.502461514610935165e-04
1.214086460074275189e-03 1.280747363336438730e-04 1.297199041419889076e-04 4.894891543738339899e-04 -9.344879039336419268e-04 -1.593845478722226436e-05 6.195862531765524090e-04 3.261467642000096196e-04 1.111392294649870042e-04 0.000000000000000000e+00 4.791973332472115096e-04 6.869300875880487772e-04
1.275801056343214617e-03 3.391030223243632737e-04 3.357463026681049823e-04 1.310515809615679184e-04 -1.451581355978365673e-03 -9.629171851330459208e-04 -5.938239116979604493e-04 -1.055275078308814994e-03 -3.727762153359417963e-05 4.791973332472115096e-04 0.000000000000000000e+00 1.558726080922936562e-04
9.844219786149161801e-04 -7.910753219775221428e-04 -2.218811617602868319e-04 -8.042789494122946177e-04 -3.407727141964597781e-03 -8.790480226462533660e-04 -2.081984550892572710e-03 1.870909905262467716e-04 -4.502461514610935165e-04 6.869300875880487772e-04 1.558726080922936562e-04 0.000000000000000000e+00
