0.000000000000000000e+00 3.175431908177946084e-04 1.092406008688611953e-04 -3.448772167221133438e-04 2.117170675190073372e-03 1.784566543477022517e-03 2.107666547239912575e-04 -1.917304546308886467e-03 -5.173485804070216462e-04 1.313763602510214373e-03 -1.777591645602127120e-03 7.541997682825229889e-04
3.175431908177946084e-04 0.000000000000000000e+00 -4.062061740454868375e-04 -1.987873317018499532e-04 -5.315321651779183598e-04 -3.645339432272477732e-04 1.372839860636034437e-04 7.927111318530731445e-04 -2.785171068816951075e-04 -2.518796585935369979e-05 -5.028124169833222707e-04 6.155544839050385800e-04
1.092406008688611953e-04 -4.062061740454868375e-04 0.000000000000000000e+00 2.083221162706438447e-04 3.234385692126071727e-04 -3.228104426754377365e-04 -1.361557793095414864e-04 -1.324988072561029105e-04 3.752297561986310385e-04 -7.796037648418356950e-06 5.290965324175659040e-05 1.117344688488041928e-04
-3.448772167221133438e-04 -1.987873317018499532e-04 2.083221162706438447e-04 0.000000000000000000e+00 -1.256735105805848384e-03 -5.645305597539613260e-04 -4.787685129593570866e-04 -1.752988737208145036e-04 1.075825726395672217e-04 7.817999203131703579e-05 6.852897186412292658e-04 7.512405488863155463e-04
2.117170675190073372e-03 -5.315321651779183598e-04 3.234385692126071727e-04 -1.256735105805848384e-03 0.000000000000000000e+00 1.505082754042614190e-03 4.608342930016079745e-04 -8.343947810237812603e-04 -4.071011495317259136e-04 1.857280329876357999e-03 6.434022417747873148e-04 -1.691886716970093622e-03
1.784566543477022517e-03 -3.645339432272477732e-04 -3.228104426754377365e-04 -5.645305597539613260e-04 1.505082754042614190e-03 0.000000000000000000e+00 -1.819138697377019342e-04 1.544161110870627461e-04 1.046232815151691041e-04 9.133208341695826283e-05 -7.266522876219751138e-04 5.548080859669974685e-04
2.107666547239912575e-04 1.372839860636034437e-04 -1.361557793095414864e-04 -4.787685129593570866e-04 4.608342930016079745e-04 -1.819138697377019342e-04 0.000000000000000000e+00 -6.828232984556460933e-04 -2.869758621448769429e-04 1.511035095800150998e-04 -9.377715584809267644e-04 -5.981338842336446116e-05
-1.917304546308886467e-03 7.927111318530731445e-04 -1.324988072561029105e-04 -1.752988737208145036e-04 -8.343947810237812603e-04 1.544161110870627461e-04 -6.828232984556460933e-04 0.000000000000000000e+00 1.129581978029046150e-04 4.777511485998092700e-04 4.129857398157255445e-04 -4.426507680622543937e-05
-5.173485804070216462e-04 -2.785171068816951075e-04 3.752297561986310385e-04 1.075825726395672217e-04 -4.071011495317259136e-04 1.046232815151691041e-04 -2.869758621448769429e-04 1.129581978029046150e-04 0.000000000000000000e+00 -5.854661450288340432e-05 -9.641710577969677819e-05 4.201816101558412107e-04
1.313763602510214373e-03 -2.518796585935369979e-05 -7.796037648418356950e-06 7.817999203131703579e-05 1.857280329876357999e-03 9.133208341695826283e-05 1.511035095800150998e-04 4.777511485998092700e-04 -5.854661450288340432e-05 0.000000000000000000e+00 -8.520943022541525511e-04 -3.935659032419187224e-04
-1.777591645602127120e-03 -5.028124169833222707e-04 5.290965324175659040e-05 6.852897186412292658e-04 6.434022417747873148e-04 -7.266522876219751138e-04 -9.377715584809267644e-04 4.129857398157255445e-04 -9.641710577969677819e-05 -8.520943022541525511e-04 0.000000000000000000e+00 -1.672128926594589624e-04
7.541997682825229889e-04 6.155544839050385800e-04 1.117344688488041928e-04 7.512405488863155463e-04 -1.691886716970093622e-03 5.548080859669974685e-04 -5.981338842336446116e-05 -4.426507680622543937e-05 4.201816101558412107e-04 -3.935659032419187224e-04 -1.672128926594589624e-04 0.000000000000000000e+00
