0.000000000000000000e+00 -3.052051586163721146e-04 1.442710465186822861e-04 6.001972046061451911e-04 -2.878042277017755233e-04 1.777218304222330275e-04 -2.202951248182937177e-03 -3.795563682903194342e-04 2.053198644535202447e-04 7.129654339146328235e-04 2.548559335143832111e-04 1.324403245886760048e-04
-3.052051586163721146e-04 0.000000000000000000e+00 -7.877076297639474373e-05 6.939329502892429625e-05 -7.003772222341509692e-04 -2.705192714961560585e-04 7.642325884358423132e-05 -4.254714542533481725e-04 2.378902738118218632e-04 3.299160763756427660e-04 3.377685236460723677e-04 -8.509927676021502587e-05
1.442710465186822861e-04 -7.877076297639474373e-05 0.000000000000000000e+00 -1.522818898524216078e-04 1.049343647797727026e-03 6.896726130920412257e-04 1.883825028997516840e-03 -3.710684477727971449e-04 -1.013923375309417891e-04 3.669204886695627316e-04 1.612633738090704259e-04 2.935896953685741069e-04
6.001972046061451911e-04 6.939329502892429625e-05 -1.522818898524216078e-04 0.000000000000000000e+00 -9.487032382022788247e-04 9.061799506387103412e-04 1.655646369257065230e-03 5.901027963250034519e-04 -7.456991908128636146e-05 -3.611562046896067994e-04 -1.411202681407252310e-04 -4.823779967901764207e-04
-2.878042277017755233e-04 -7.003772222341509692e-04 1.049343647797727026e-03 -9.487032382022788247e-04 0.000000000000000000e+00 -2.426135695119774078e-03 1.306128233335722639e-03 1.040363740100370840e-03 -5.999893293184583448e-04 7.102152153984786108e-04 9.856080434177680923e-04 -1.064654265161504246e-03
1.777218304222330275e-04 -2.705192714961560585e-04 6.896726130920412257e-04 9.061799506387103412e-04 -2.426135695119774078e-03 0.000000000000000000e+00 3.439838072748595526e-03 -4.768832266813282164e-04 -9.375407688219273986e-04 -2.751895327662386343e-04 -4.139390721455376405e-04 6.846241806300638541e-04
-2.202951248182937177e-03 7.642325884358423132e-05 1.883825028997516840e-03 1.655646369257065230e-03 1.306128233335722639e-03 3.439838072748595526e-03 0.000000000000000000e+00 4.572351992801559168e-04 -9.039352467242929578e-05 -1.617441088307341318e-03 7.696546140923690108e-04 -1.125024186631618222e-03
-3.795563682903194342e-04 -4.254714542533481725e-04 -3.710684477727971449e-04 5.901027963250034519e-04 1.040363740100370840e-03 -4.768832266813282164e-04 4.572351992801559168e-04 0.000000000000000000e+00 4.019807907879565170e-04 -7.616810717817972497e-04 2.778240050936085608e-04 1.068634747865812221e-04
2.053198644535202447e-04 2.378902738118218632e-04 -1.013923375309417891e-04 -7.456991908128636146e-05 -5.999893293184583448e-04 -9.375407688219273986e-04 -9.039352467242929578e-05 4.019807907879565170e-04 0.000000000000000000e+00 -6.707049903705049462e-04 -1.215292658801947544e-04 2.421084495575709318e-04
7.129654339146328235e-04 3.299160763756427660e-04 3.669204886695627316e-04 -3.611562046896067994e-04 7.102152153984786108e-04 -2.751895327662386343e-04 -1.617441088307341318e-03 -7.616810717817972497e-04 -6.707049903705049462e-04 0.000000000000000000e+00 1.268585200111514190e-04 -4.371875399726951451e-06
2.548559335143832111e-04 3.377685236460723677e-04 1.612633738090704259e-04 -1.411202681407252310e-04 9.856080434177680923e-04 -4.139390721455376405e-04 7.696546140923690108e-04 2.778240050936085608e-04 -1.215292658801947544e-04 1.268585200111514190e-04 0.000000000000000000e+00 -1.832108301271253539e-04
1.324403245886760048e-04 -8.509927676021502587e-05 2.935896953685741069e-04 -4.823779967901764207e-04 -1.064654265161504246e-03 6.846241806300638541e-04 -1.125024186631618222e-03 1.068634747865812221e-04 2.421084495575709318e-04 -4.371875399726951451e-06 -1.832108301271253539e-04 0.000000000000000000e+00
