0.000000000000000000e+00 -8.447535137055737196e-05 -4.517735006227420317e-04 -1.203467729855633127e-03 -6.709627094976454128e-04 -1.620069939902228336e-03 -2.957691340578041711e-04 5.833988529839113143e-04 -1.757552646581486547e-04 3.921589295624268510e-04 1.760058278703863319e-05 -5.737711742195156646e-05
-8.447535137055737196e-05 0.000000000000000000e+00 3.166765497857298561e-04 5.502354531271426256e-04 5.091326370377867016e-04 2.697021829420283615e-04 1.234047065229623621e-03 -5.153825397480985850e-05 4.792458177419276627e-04 3.269847663690403296e-04 4.724495402146257480e-05 -1.924818887188316696e-04
-4.517735006227420317e-04 3.166765497857298561e-04 0.000000000000000000e+00 -3.950647828778645161e-04 -4.649065617848826214e-04 1.202702607272151773e-03 -8.788816414154276922e-04 7.943592941965773799e-04 4.570037411749547861e-04 1.393099204685225060e-04 -2.191145172614659086e-04 3.702646337223501811e-04
-1.203467729855633127e-03 5.502354531271426256e-04 -3.950647828778645161e-04 0.000000000000000000e+00 -1.720659723562957197e-03 1.479328444958459424e-03 -5.689972940908493435e-04 2.260355773275104781e-04 -8.035110138502039954e-04 8.012955317639011872e-04 -7.928789363524051516e-05 3.924874118801326595e-04
-6.709627094976454128e-04 5.091326370377867016e-04 -4.649065617848826214e-04 -1.720659723562957197e-03 0.000000000000000000e+00 -2.104032297548234787e-03 2.363399040395698474e-03 1.102531195187862528e-03 2.518945838846322238e-04 1.100938098069912524e-03 -7.321190767741705052e-04 -4.917332074896507894e-05
-1.620069939902228336e-03 2.697021829420283615e-04 1.202702607272151773e-03 1.479328444958459424e-03 -2.104032297548234787e-03 0.000000000000000000e+00 2.430385100818474413e-03 -7.513600438229020833e-04 6.931393662764008708e-04 8.872093642231365911e-04 7.139061315122608711e-04 2.521292971704207288e-04
-2.957691340578041711e-04 1.234047065229623621e-03 -8.788816414154276922e-04 -5.689972940908493435e-04 2.363399040395698474e-03 2.430385100818474413e-03 0.000000000000000000e+00 1.346516564293158283e-03 1.428151816747540376e-03 -1.461602290110511565e-03 -1.915253161348966964e-03 3.586479725355764007e-04
5.833988529839113143e-04 -5.153825397480985850e-05 7.943592941965773799e-04 2.260355773275104781e-04 1.102531195187862528e-03 -7.513600438229020833e-04 1.346516564293158283e-03 0.000000000000000000e+00 3.444808045401738977e-05 6.803268588798088313e-04 -3.003138229525447155e-05 4.124448831004231750e-04
-1.757552646581486547e-04 4.792458177419276627e-04 4.570037411749547861e-04 -8.035110138502039954e-04 2.518945838846322238e-04 6.931393662764008708e-04 1.428151816747540376e-03 3.444808045401738977e-05 0.000000000000000000e+00 -3.366890641930153118e-04 -1.057306046735975594e-03 -1.802459177063283418e-05
3.921589295624268510e-04 3.269847663690403296e-04 1.393099204685225060e-04 8.012955317639011872e-04 1.100938098069912524e-03 8.872093642231365911e-04 -1.461602290110511565e-03 6.803268588798088313e-04 -3.366890641930153118e-04 0.000000000000000000e+00 4.397551154429232400e-04 -7.599559047480283519e-05
1.760058278703863319e-05 4.724495402146257480e-05 -2.191145172614659086e-04 -7.928789363524051516e-05 -7.321190767741705052e-04 7.139061315122608711e-04 -1.915253161348966964e-03 -3.003138229525447155e-05 -1.057306046735975594e-03 4.397551154429232400e-04 0.000000000000000000e+00 -2.407550198896324975e-04
-5.737711742195156646e-05 -1.924818887188316696e-04 3.702646337223501811e-04 3.924874118801326595e-04 -4.917332074896507894e-05 2.521292971704207288e-04 3.586479725355764007e-04 4.124448831004231750e-04 -1.802459177063283418e-05 -7.599559047480283519e-05 -2.407550198896324975e-04 0.000000000000000000e+00
