0.000000000000000000e+00 5.500941615718500785e-04 5.055403854341638213e-04 1.533370576143711994e-03 6.565395143362410613e-04 8.681148665823613334e-04 -1.734820888678491020e-03 -8.257704563657978841e-04 3.131720264097407301e-04 2.124381574473825662e-04 3.040486729890967015e-04 4.700078147682342189e-05
5.500941615718500785e-04 0.000000000000000000e+00 -4.646130276887234438e-04 1.030268405099218204e-04 9.029645794151430586e-04 1.142819811203891952e-05 -1.075393164725937326e-03 6.396508287992751576e-04 5.031163620079617327e-05 -2.213266038407668188e-04 3.449840799166446477e-04 -5.690360658347857613e-05
5.055403854341638213e-04 -4.646130276887234438e-04 0.000000000000000000e+00 -1.393237486864871359e-04 1.630535143997528271e-04 -3.725277839226048436e-06 -6.722611589335704125e-05 1.032027894464274923e-04 3.850590699196171211e-04 -7.262876783752497938e-04 3.701446048886580277e-04 3.969862683675599423e-04
1.533370576143711994e-03 1.030268405099218204e-04 -1.393237486864871359e-04 0.000000000000000000e+00 1.011512578837924208e-03 1.176707601533284265e-03 -1.712146894164248451e-04 -6.588412108789766779e-04 -5.227886873277617051e-04 3.856969868357449445e-04 -8.497502154383456850e-04 -3.478687988008088484e-04
6.565395143362410613e-04 9.029645794151430586e-04 1.630535143997528271e-04 1.011512578837924208e-03 0.000000000000000000e+00 -1.013554945009598413e-03 3.227248648184517180e-03 9.593064654571843448e-04 -2.646876945699165075e-03 -3.966589741814109779e-04 -3.518936474013391758e-04 2.915061331168423888e-04
8.681148665823613334e-04 1.142819811203891952e-05 -3.725277839226048436e-06 1.176707601533284265e-03 -1.013554945009598413e-03 0.000000000000000000e+00 -1.278698651937235737e-03 -2.227394588095257279e-04 -1.335970240322111296e-03 -8.607380896583964819e-04 -7.018808096273524604e-04 -4.455905628671863938e-04
-1.734820888678491020e-03 -1.075393164725937326e-03 -6.722611589335704125e-05 -1.712146894164248451e-04 3.227248648184517180e-03 -1.278698651937235737e-03 0.000000000000000000e+00 -1.660012908989594521e-03 1.806497231129207360e-04 -1.322097087772331012e-03 -1.291388871025798014e-03 -5.539085071742635916e-06
-8.257704563657978841e-04 6.396508287992751576e-04 1.032027894464274923e-04 -6.588412108789766779e-04 9.593064654571843448e-04 -2.227394588095257279e-04 -1.660012908989594521e-03 0.000000000000000000e+00 -6.189629839210798387e-04 1.653534165023352257e-04 -3.061660661248204857e-04 4.922674916268441692e-04
3.131720264097407301e-04 5.031163620079617327e-05 3.850590699196171211e-04 -5.227886873277617051e-04 -2.646876945699165075e-03 -1.335970240322111296e-03 1.806497231129207360e-04 -6.189629839210798387e-04 0.000000000000000000e+00 3.185221198966582050e-04 -6.219313377853488646e-05 3.447565961631137116e-04
2.124381574473825662e-04 -2.213266038407668188e-04 -7.262876783752497938e-04 3.856969868357449445e-04 -3.966589741814109779e-04 -8.607380896583964819e-04 -1.322097087772331012e-03 1.653534165023352257e-04 3.185221198966582050e-04 0.000000000000000000e+00 -4.160783619759124701e-04 -6.984001155256056644e-05
3.040486729890967015e-04 3.449840799166446477e-04 3.701446048886580277e-04 -8.497502154383456850e-04 -3.518936474013391758e-04 -7.018808096273524604e-04 -1.291388871025798014e-03 -3.061660661248204857e-04 -6.219313377853488646e-05 -4.160783619759124701e-04 0.000000000000000000e+00 -5.733945577445611133e-04
4.700078147682342189e-05 -5.690360658347857613e-05 3.969862683675599423e-04 -3.478687988008088484e-04 2.915061331168423888e-04 -4.455905628671863938e-04 -5.539085071742635916e-06 4.922674916268441692e-04 3.447565961631137116e-04 -6.984001155256056644e-05 -5.733945577445611133e-04 0.000000000000000000e+00
