0.000000000000000000e+00 1.991761020522948020e-04 1.805780966090447164e-04 -6.145699749082324075e-04 5.059147175621264659e-04 -1.258129998371836783e-03 -1.717981567787971956e-03 4.456061079071380071e-04 1.671843388321870433e-04 -4.475420450658567999e-04 1.587814351252744447e-04 -2.516811506972468546e-04
1.991761020522948020e-04 0.000000000000000000e+00 -5.609326030385151896e-05 -6.391514246851853678e-04 7.938070672309942072e-04 7.849711031903628062e-04 9.223889301032041506e-05 -2.009540472575020167e-04 -5.176341427983897556e-04 3.181190761605699920e-04 5.328512031163282116e-04 -1.491088099853070533e-04
1.805780966090447164e-04 -5.609326030385151896e-05 0.000000000000000000e+00 -4.369976557857139848e-04 -5.164577374557753793e-04 -6.357072458523861961e-04 -5.330538627162712722e-04 1.167627387258687838e-04 -9.244200863978813782e-05 1.318612269127993585e-04 1.079740231545857994e-04 1.872876003585828184e-04
-6.145699749082324075e-04 -6.391514246851853678e-04 -4.369976557857139848e-04 0.000000000000000000e+00 1.140062220694571188e-03 -1.466158929635737705e-03 2.047291440365371466e-03 -9.315579186706428251e-05 -8.370918372268003511e-04 -1.450820573752286096e-04 -9.325575471356394031e-04 1.389171766517361924e-04
5.059147175621264659e-04 7.938070672309942072e-04 -5.164577374557753793e-04 1.140062220694571188e-03 0.000000000000000000e+00 5.008798926594560915e-04 -2.874016424109187944e-03 1.363816582418905321e-03 8.535036845042200462e-04 8.489509799184246242e-04 -7.685848049754784176e-04 4.287840991148136665e-04
-1.258129998371836783e-03 7.849711031903628062e-04 -6.357072458523861961e-04 -1.466158929635737705e-03 5.008798926594560915e-04 0.000000000000000000e+00 1.231976518469273234e-03 -2.880703548869547551e-04 1.065320889486779396e-03 4.209084747763338643e-04 1.022733813981780912e-03 2.173712534577005499e-04
-1.717981567787971956e-03 9.223889301032041506e-05 -5.330538627162712722e-04 2.047291440365371466e-03 -2.874016424109187944e-03 1.231976518469273234e-03 0.000000000000000000e+00 -2.084743048118401203e-03 1.965478363099452952e-03 -1.635622091758304013e-04 -8.674557748961888226e-04 -5.198874302364517351e-04
4.456061079071380071e-04 -2.009540472575020167e-04 1.167627387258687838e-04 -9.315579186706428251e-05 1.363816582418905321e-03 -2.880703548869547551e-04 -2.084743048118401203e-03 0.000000000000000000e+00 -2.393850891849457776e-04 3.368009618492475484e-04 -4.455819766213682098e-04 9.513623094519567652e-04
1.671843388321870433e-04 -5.176341427983897556e-04 -9.244200863978813782e-05 -8.370918372268003511e-04 8.535036845042200462e-04 1.065320889486779396e-03 1.965478363099452952e-03 -2.393850891849457776e-04 0.000000000000000000e+00 -8.138770571798577052e-04 1.306575545804733202e-04 -3.194047800375937282e-05
-4.475420450658567999e-04 3.181190761605699920e-04 1.318612269127993585e-04 -1.450820573752286096e-04 8.489509799184246242e-04 4.209084747763338643e-04 -1.635622091758304013e-04 3.368009618492475484e-04 -8.138770571798577052e-04 0.000000000000000000e+00 -5.406845592066460929e-04 2.076939136971257501e-04
1.587814351252744447e-04 5.328512031163282116e-04 1.079740231545857994e-04 -9.325575471356394031e-04 -7.685848049754784176e-04 1.022733813981780912e-03 -8.674557748961888226e-04 -4.455819766213682098e-04 1.306575545804733202e-04 -5.406845592066460929e-04 0.000000000000000000e+00 -3.994170445914811706e-04
-2.516811506972468546e-04 -1.491088099853070533e-04 1.872876003585828184e-04 1.389171766517361924e-04 4.287840991148136665e-04 2.173712534577005499e-04 -5.198874302364517351e-04 9.513623094519567652e-04 -3.194047800375937282e-05 2.076939136971257501e-04 -3.994170445914811706e-04 0.000000000000000000e+00
