0.000000000000000000e+00 3.634212841552251767e-04 -5.582828865987691245e-04 -4.353044966167870459e-04 -2.043886187836557906e-03 -9.858113823761644346e-04 1.763207350674555291e-03 1.304076270458085331e-04 3.437066773095766889e-04 3.216785380891109668e-04 -4.792808757736284815e-04 -4.706995283976550992e-04
3.634212841552251767e-04 0.000000000000000000e+00 4.112331330644962684e-04 -6.912951477408512920e-05 -4.913765792250488580e-04 6.005072845702784899e-04 5.731758235321392789e-04 1.642507457779021152e-05 -2.665447945649889600e-04 2.033497218124695439e-04 -3.273123721235361678e-05 -2.246883288817412723e-04
-5.582828865987691245e-04 4.112331330644962684e-04 0.000000000000000000e+00 2.139622219575893749e-04 4.946642347323490290e-04 -1.564944283739917925e-04 -1.011785430773220551e-03 -4.058060185200773959e-05 8.366513870894219272e-04 3.810251661199133490e-04 6.500344471510190289e-05 -1.996768180657695891e-04
-4.353044966167870459e-04 -6.912951477408512920e-05 2.139622219575893749e-04 0.000000000000000000e+00 -1.519651105792920983e-03 1.090958479876770861e-03 -1.316927944951484320e-03 7.433324836519206820e-05 -1.075115960375169169e-04 -4.723787309628960833e-04 -4.490805647527745781e-04 -5.489330500874233963e-04
-2.043886187836557906e-03 -4.913765792250488580e-04 4.946642347323490290e-04 -1.519651105792920983e-03 0.000000000000000000e+00 5.506494952509768178e-05 -2.825478448708126835e-03 -1.460798654710453951e-03 2.592497878341202319e-04 -6.715221619696074571e-04 -3.161465654080620091e-04 1.138134318983642082e-03
-9.858113823761644346e-04 6.005072845702784899e-04 -1.564944283739917925e-04 1.090958479876770861e-03 5.506494952509768178e-05 0.000000000000000000e+00 -1.812483389004198361e-03 3.127453586934033909e-04 -1.642328438787715120e-03 -2.327248203767030561e-04 8.522549121739119143e-04 3.156268496900468956e-04
1.763207350674555291e-03 5.731758235321392789e-04 -1.011785430773220551e-03 -1.316927944951484320e-03 -2.825478448708126835e-03 -1.812483389004198361e-03 0.000000000000000000e+00 -8.580060665534677312e-04 -2.425048078883184233e-03 4.801903482644236153e-04 -5.826206494724670741e-04 1.208503124483004511e-03
1.304076270458085331e-04 1.642507457779021152e-05 -4.058060185200773959e-05 7.433324836519206820e-05 -1.460798654710453951e-03 3.127453586934033909e-04 -8.580060665534677312e-04 0.000000000000000000e+00 -1.949929366601653425e-04 -4.901345966660569826e-04 -2.158465797857307981e-04 4.914386644659247396e-04
3.437066773095766889e-04 -2.665447945649889600e-04 8.366513870894219272e-04 -1.075115960375169169e-04 2.592497878341202319e-04 -1.642328438787715120e-03 -2.425048078883184233e-03 -1.949929366601653425e-04 0.000000000000000000e+00 -2.160051792516477212e-04 1.260119109043266144e-04 -2.373669339098454845e-04
3.216785380891109668e-04 2.033497218124695439e-04 3.810251661199133490e-04 -4.723787309628960833e-04 -6.715221619696074571e-04 -2.327248203767030561e-04 4.801903482644236153e-04 -4.901345966660569826e-04 -2.160051792516477212e-04 0.000000000000000000e+00 4.382564478599693114e-04 -1.690478194052858613e-04
-4.792808757736284815e-04 -3.273123721235361678e-05 6.500344471510190289e-05 -4.490805647527745781e-04 -3.161465654080620091e-04 8.522549121739119143e-04 -5.826206494724670741e-04 -2.158465797857307981e-04 1.260119109043266144e-04 4.382564478599693114e-04 0.000000000000000000e+00 2.129515785604526267e-04
-4.706995283976550992e-04 -2.246883288817412723e-04 -1.996768180657695891e-04 -5.489330500874233963e-04 1.138134318983642082e-03 3.156268496900468956e-04 1.208503124483004511e-03 4.914386644659247396e-04 -2.373669339098454845e-04 -1.690478194052858613e-04 2.129515785604526267e-04 0.000000000000000000e+00
