0.000000000000000000e+00 9.439105818843682790e-05 -9.160335900359960442e-05 8.583131375876241890e-05 -6.504691588175052445e-04 -1.869679369289291759e-04 -3.802533579237225679e-05 9.590462248332216671e-05 -8.325070192851084393e-05 -6.235121953671892260e-04 5.322171742061304004e-04 2.993049140742080547e-04
9.439105818843682790e-05 0.000000000000000000e+00 1.154924862771775128e-03 6.771410091208454910e-04 4.327784483102583104e-04 9.467288251147964269e-05 7.510748658470027235e-04 -4.506296610938868662e-05 2.008139256059598369e-03 8.753887907791052308e-04 6.971229800084212001e-04 -2.614063542910675638e-04
-9.160335900359960442e-05 1.154924862771775128e-03 0.000000000000000000e+00 5.139651841159189249e-04 1.396221937830072288e-03 4.329419071804121175e-04 -6.466677514650818592e-04 2.053778397149641434e-04 -6.467333626472629438e-04 8.718570948474680662e-04 3.917307298925431255e-04 2.094168375619419504e-04
8.583131375876241890e-05 6.771410091208454910e-04 5.139651841159189249e-04 0.000000000000000000e+00 -1.170274741368324163e-03 -5.400006913191478762e-04 -8.360218217729753487e-04 1.425200318380941296e-04 -1.565192952465819512e-03 8.400589270936101869e-04 4.154130251329710101e-04 8.933701217486466120e-05
-6.504691588175052445e-04 4.327784483102583104e-04 1.396221937830072288e-03 -1.170274741368324163e-03 0.000000000000000000e+00 1.149011034849430979e-03 9.572340469414052479e-04 -1.286729705407950333e-04 -1.576526095213426522e-03 1.755673225467881257e-03 5.564978393984633702e-04 4.486707664520362500e-04
-1.869679369289291759e-04 9.467288251147964269e-05 4.329419071804121175e-04 -5.400006913191478762e-04 1.149011034849430979e-03 0.000000000000000000e+00 4.488456013944382801e-04 -9.759001780066348271e-05 -1.155841001295006320e-03 -5.812232244037579066e-04 6.493964737528207199e-04 -2.638329650453580944e-07
-3.802533579237225679e-05 7.510748658470027235e-04 -6.466677514650818592e-04 -8.360218217729753487e-04 9.572340469414052479e-04 4.488456013944382801e-04 0.000000000000000000e+00 -6.734100228100831326e-05 1.123617922386976192e-03 6.633703392182781818e-04 9.101396387143098708e-04 -5.111229835214093102e-04
9.590462248332216671e-05 -4.506296610938868662e-05 2.053778397149641434e-04 1.425200318380941296e-04 -1.286729705407950333e-04 -9.759001780066348271e-05 -6.734100228100831326e-05 0.000000000000000000e+00 -1.384903069772548245e-04 6.114162998893640083e-05 -4.839535646917802808e-04 -2.074125095159186588e-04
-8.325070192851084393e-05 2.008139256059598369e-03 -6.467333626472629438e-04 -1.565192952465819512e-03 -1.576526095213426522e-03 -1.155841001295006320e-03 1.123617922386976192e-03 -1.384903069772548245e-04 0.000000000000000000e+00 -2.252917393706525395e-03 -7.261528658914876170e-04 2.154793588747083198e-05
-6.235121953671892260e-04 8.753887907791052308e-04 8.718570948474680662e-04 8.400589270936101869e-04 1.755673225467881257e-03 -5.812232244037579066e-04 6.633703392182781818e-04 6.114162998893640083e-05 -2.252917393706525395e-03 0.000000000000000000e+00 -1.039817418734166870e-03 1.277727343317914014e-04
5.322171742061304004e-04 6.971229800084212001e-04 3.917307298925431255e-04 4.154130251329710101e-04 5.564978393984633702e-04 6.493964737528207199e-04 9.101396387143098708e-04 -4.839535646917802808e-04 -7.261528658914876170e-04 -1.039817418734166870e-03 0.000000000000000000e+00 2.731689267494210845e-04
2.993049140742080547e-04 -2.614063542910675638e-04 2.094168375619419504e-04 8.933701217486466120e-05 4.486707664520362500e-04 -2.638329650453580944e-07 -5.111229835214093102e-04 -2.074125095159186588e-04 2.154793588747083198e-05 1.277727343317914014e-04 2.731689267494210845e-04 0.000000000000000000e+00
