0.000000000000000000e+00 4.332460508152259746e-04 -2.472658297093947616e-04 6.122587525153873160e-04 2.911512789446580533e-05 2.608777464025027553e-04 4.552226609646395063e-05 -1.260304748583498371e-04 2.521826178366932025e-04 1.417508240440066181e-04 2.411375893634860662e-04 1.471822248091375477e-04
4.332460508152259746e-04 0.000000000000000000e+00 2.799245713595026504e-04 1.214802737825068039e-03 -2.787619863763863247e-03 3.505680575913380521e-04 -1.272003910951936562e-03 6.003359093136674584e-04 -1.705773757414814570e-04 -6.573185161877365948e-04 -8.397741545473642183e-04 -1.855413020499747988e-04
-2.472658297093947616e-04 2.799245713595026504e-04 0.000000000000000000e+00 -5.465911998856263056e-04 5.345628954849020870e-04 5.003187640164425895e-04 -4.970781920370431414e-04 -3.277425295660750266e-04 6.790251178589437261e-04 -1.549728804827171704e-03 -4.457834841532125813e-04 1.776237141466246658e-04
6.122587525153873160e-04 1.214802737825068039e-03 -5.465911998856263056e-04 0.000000000000000000e+00 -1.314397466527141055e-03 -6.097202756528742346e-04 6.092557664694788757e-04 5.749960063729593791e-04 2.360496547374911686e-04 5.438027595350236566e-04 5.308813955648005074e-04 2.247999232436445128e-04
2.911512789446580533e-05 -2.787619863763863247e-03 5.345628954849020870e-04 -1.314397466527141055e-03 0.000000000000000000e+00 1.229104492746254567e-03 1.897685943476706133e-03 1.328668291665838696e-03 -3.441342977047913074e-03 1.530055334116002660e-03 -2.963656948742666736e-04 5.331577038932731275e-04
2.608777464025027553e-04 3.505680575913380521e-04 5.003187640164425895e-04 -6.097202756528742346e-04 1.229104492746254567e-03 0.000000000000000000e+00 -2.994515729390119377e-04 1.192377712046417432e-04 1.242180230028942789e-03 5.923145008931486079e-04 6.324957930322854644e-05 -9.445633551725895972e-05
4.552226609646395063e-05 -1.272003910951936562e-03 -4.970781920370431414e-04 6.092557664694788757e-04 1.897685943476706133e-03 -2.994515729390119377e-04 0.000000000000000000e+00 3.533197016105667871e-04 1.322197002639663660e-03 -1.664591334596695444e-04 1.275352200343456231e-03 1.965734704777182971e-04
-1.260304748583498371e-04 6.003359093136674584e-04 -3.277425295660750266e-04 5.749960063729593791e-04 1.328668291665838696e-03 1.192377712046417432e-04 3.533197016105667871e-04 0.000000000000000000e+00 -1.835042708031917166e-04 -6.564322399113215823e-04 6.108386716716287385e-04 1.338154172294394662e-04
2.521826178366932025e-04 -1.705773757414814570e-04 6.790251178589437261e-04 2.360496547374911686e-04 -3.441342977047913074e-03 1.242180230028942789e-03 1.322197002639663660e-03 -1.835042708031917166e-04 0.000000000000000000e+00 -3.140488003849936736e-03 1.685585692202579188e-04 -4.901135598168503485e-04
1.417508240440066181e-04 -6.573185161877365948e-04 -1.549728804827171704e-03 5.438027595350236566e-04 1.530055334116002660e-03 5.923145008931486079e-04 -1.664591334596695444e-04 -6.564322399113215823e-04 -3.140488003849936736e-03 0.000000000000000000e+00 1.191692229824980933e-03 -6.452331592999642994e-05
2.411375893634860662e-04 -8.397741545473642183e-04 -4.457834841532125813e-04 5.308813955648005074e-04 -2.963656948742666736e-04 6.324957930322854644e-05 1.275352200343456231e-03 6.108386716716287385e-04 1.685585692202579188e-04 1.191692229824980933e-03 0.000000000000000000e+00 3.237274781549085161e-04
1.471822248091375477e-04 -1.855413020499747988e-04 1.776237141466246658e-04 2.247999232436445128e-04 5.331577038932731275e-04 -9.445633551725895972e-05 1.965734704777182971e-04 1.338154172294394662e-04 -4.901135598168503485e-04 -6.452331592999642994e-05 3.237274781549085161e-04 0.000000000000000000e+00
