0.000000000000000000e+00 -1.282854448460127642e-04 1.754310927599375160e-04 2.676354865109024819e-04 -2.101703613940376632e-04 3.425757955357324152e-04 -6.692096528787986947e-04 -3.156362752006685668e-04 -2.250907218798715002e-04 -9.832238316044479304e-04 6.540614851710150690e-04 3.701157117695821463e-04
-1.282854448460127642e-04 0.000000000000000000e+00 -7.979294049365384667e-04 5.202063433796397853e-05 9.637687883077460582e-04 -8.542497001977885978e-04 6.024443857141748406e-04 -1.230691155866809434e-04 -5.875607354076724676e-04 -1.349496232972349091e-04 -1.250098207983369077e-03 -1.151282063944573649e-04
1.754310927599375160e-04 -7.979294049365384667e-04 0.000000000000000000e+00 5.877692654924244076e-04 -9.406891369682265610e-04 5.177609643339522397e-04 -2.356421234986405045e-04 3.592669583482309718e-04 -1.301879441481166005e-03 -9.754976781513570927e-04 -1.826942039484247813e-04 -5.246292021563222618e-04
2.676354865109024819e-04 5.202063433796397853e-05 5.877692654924244076e-04 0.000000000000000000e+00 -2.524567566681349545e-03 -1.160661112277028121e-04 -1.209990867193959580e-04 6.487411572098821444e-05 -2.102286584819213974e-03 8.188917322108617974e-04 1.527446827383341322e-03 1.272782374075593064e-04
-2.101703613940376632e-04 9.637687883077460582e-04 -9.406891369682265610e-04 -2.524567566681349545e-03 0.000000000000000000e+00 -1.101765991082172269e-03 2.034057359817754236e-04 -5.277799582708677436e-04 -4.198451715283737368e-03 9.182590719090129696e-04 1.331652077016262951e-03 -1.066470666136186927e-03
3.425757955357324152e-04 -8.542497001977885978e-04 5.177609643339522397e-04 -1.160661112277028121e-04 -1.101765991082172269e-03 0.000000000000000000e+00 -5.978835788630207848e-04 8.616254854509595261e-06 -8.805129963328633957e-04 -6.850789373234311003e-04 -5.509535966918694934e-04 7.014543597155884890e-05
-6.692096528787986947e-04 6.024443857141748406e-04 -2.356421234986405045e-04 -1.209990867193959580e-04 2.034057359817754236e-04 -5.978835788630207848e-04 0.000000000000000000e+00 6.464666321366478773e-04 -8.457458877774390608e-05 -1.300367000781173276e-03 1.321084004515739058e-03 9.439275550856074198e-05
-3.156362752006685668e-04 -1.230691155866809434e-04 3.592669583482309718e-04 6.487411572098821444e-05 -5.277799582708677436e-04 8.616254854509595261e-06 6.464666321366478773e-04 0.000000000000000000e+00 8.564178543940993574e-04 -2.510943935269244177e-04 2.154107406310689515e-04 -3.225807562374619911e-07
-2.250907218798715002e-04 -5.875607354076724676e-04 -1.301879441481166005e-03 -2.102286584819213974e-03 -4.198451715283737368e-03 -8.805129963328633957e-04 -8.457458877774390608e-05 8.564178543940993574e-04 0.000000000000000000e+00 2.096382715611906091e-04 -2.276856742089947497e-03 -1.830474828119929115e-05
-9.832238316044479304e-04 -1.349496232972349091e-04 -9.754976781513570927e-04 8.188917322108617974e-04 9.182590719090129696e-04 -6.850789373234311003e-04 -1.300367000781173276e-03 -2.510943935269244177e-04 2.096382715611906091e-04 0.000000000000000000e+00 -1.686042685695400859e-03 5.940897661733617443e-04
6.540614851710150690e-04 -1.250098207983369077e-03 -1.826942039484247813e-04 1.527446827383341322e-03 1.331652077016262951e-03 -5.509535966918694934e-04 1.321084004515739058e-03 2.154107406310689515e-04 -2.276856742089947497e-03 -1.686042685695400859e-03 0.000000000000000000e+00 6.178566335788818111e-04
3.701157117695821463e-04 -1.151282063944573649e-04 -5.246292021563222618e-04 1.272782374075593064e-04 -1.066470666136186927e-03 7.014543597155884890e-05 9.439275550856074198e-05 -3.225807562374619911e-07 -1.830474828119929115e-05 5.940897661733617443e-04 6.178566335788818111e-04 0.000000000000000000e+00
