0.000000000000000000e+00 7.952363988143938906e-04 -2.298555958665486219e-04 3.104218173064490424e-04 1.254515242422624393e-03 3.569373027029152387e-04 -4.736887377820070459e-05 5.789587735354986440e-04 1.647243598846687357e-03 -9.118162788356226406e-04 -1.650513638977214610e-04 1.722546681512209226e-04
7.952363988143938906e-04 0.000000000000000000e+00 7.137067990722652385e-05 -7.898409574773103143e-04 2.441444074661812402e-03 -2.320034347823888513e-04 1.140419331677039043e-04 5.718649715497604001e-04 1.615005549992582379e-03 8.506883514755365526e-04 1.540884779991919104e-04 1.535378979602409989e-04
-2.298555958665486219e-04 7.137067990722652385e-05 0.000000000000000000e+00 1.298483593729684302e-04 -3.396364475385980713e-04 1.183283538832118742e-04 -1.578782472955859206e-05 3.358922206593277938e-04 4.459723695366448197e-04 5.199242256890886787e-04 -3.730145627080974201e-04 -1.326232599111726155e-04
3.104218173064490424e-04 -7.898409574773103143e-04 1.298483593729684302e-04 0.000000000000000000e+00 1.002275047584345848e-05 -2.996783369938865174e-04 -3.352739741781946285e-04 4.716640178291462057e-06 -6.540342462165218409e-04 4.993053740275234893e-04 -4.633442161440393944e-05 -1.004655395259672725e-04
1.254515242422624393e-03 2.441444074661812402e-03 -3.396364475385980713e-04 1.002275047584345848e-05 0.000000000000000000e+00 -6.990759034483778065e-04 2.174797196618805941e-04 -3.521653955714361081e-04 2.940199564930196809e-04 -2.416331487202686042e-03 -2.358923624220276346e-03 -7.231379421488814789e-04
3.569373027029152387e-04 -2.320034347823888513e-04 1.183283538832118742e-04 -2.996783369938865174e-04 -6.990759034483778065e-04 0.000000000000000000e+00 2.437730403707263731e-04 -3.372382147618339259e-04 4.383933537976019215e-04 -5.393866158722903563e-05 4.926837566952221598e-04 1.227300877751280564e-05
-4.736887377820070459e-05 1.140419331677039043e-04 -1.578782472955859206e-05 -3.352739741781946285e-04 2.174797196618805941e-04 2.437730403707263731e-04 0.000000000000000000e+00 3.659425591688698041e-04 -1.716150280824446216e-03 -9.684213537042826768e-04 1.208712409218668958e-03 -2.214953547237279771e-04
5.789587735354986440e-04 5.718649715497604001e-04 3.358922206593277938e-04 4.716640178291462057e-06 -3.521653955714361081e-04 -3.372382147618339259e-04 3.659425591688698041e-04 0.000000000000000000e+00 -1.126143469470452065e-05 3.772069746555322734e-04 -4.442394742374911011e-04 -2.934377824067160379e-04
1.647243598846687357e-03 1.615005549992582379e-03 4.459723695366448197e-04 -6.540342462165218409e-04 2.940199564930196809e-04 4.383933537976019215e-04 -1.716150280824446216e-03 -1.126143469470452065e-05 0.000000000000000000e+00 -1.006006932741663031e-03 3.001772617284366191e-03 -4.806623932805887864e-04
-9.118162788356226406e-04 8.506883514755365526e-04 5.199242256890886787e-04 4.993053740275234893e-04 -2.416331487202686042e-03 -5.393866158722903563e-05 -9.684213537042826768e-04 3.772069746555322734e-04 -1.006006932741663031e-03 0.000000000000000000e+00 -4.539990890469317085e-05 3.031413311076009624e-04
-1.650513638977214610e-04 1.540884779991919104e-04 -3.730145627080974201e-04 -4.633442161440393944e-05 -2.358923624220276346e-03 4.926837566952221598e-04 1.208712409218668958e-03 -4.442394742374911011e-04 3.001772617284366191e-03 -4.539990890469317085e-05 0.000000000000000000e+00 2.344577145429875586e-04
1.722546681512209226e-04 1.535378979602409989e-04 -1.326232599111726155e-04 -1.004655395259672725e-04 -7.231379421488814789e-04 1.227300877751280564e-05 -2.214953547237279771e-04 -2.934377824067160379e-04 -4.806623932805887864e-04 3.031413311076009624e-04 2.344577145429875586e-04 0.000000000000000000e+00
