0.000000000000000000e+00 2.355698033140330577e-04 2.816235425508355271e-04 -1.329929975211526102e-04 -9.867125667425216684e-04 -5.076265457209186037e-04 -1.591505422390214510e-05 -2.502674593795913677e-04 6.194261780069107133e-04 -2.718214769171565354e-04 -1.015886750655588358e-04 -2.823581953105237449e-04
2.355698033140330577e-04 0.000000000000000000e+00 6.749214989529085152e-05 6.252931144048598988e-04 -1.850561445412940605e-03 -7.062930115514840347e-05 -6.083724751504889774e-04 2.582161861057525763e-04 1.028328556480970907e-03 6.248701954122973723e-04 -1.211219708604219578e-04 -2.272026950729645687e-04
2.816235425508355271e-04 6.749214989529085152e-05 0.000000000000000000e+00 -1.927312481259911840e-04 -1.706235836847909285e-03 -3.459783018665880819e-04 4.005240598329445098e-04 -2.207595439371509954e-04 -1.219578197131123299e-03 2.495817833904148968e-04 -5.550444684504526709e-04 4.056923396381211530e-04
-1.329929975211526102e-04 6.252931144048598988e-04 -1.927312481259911840e-04 0.000000000000000000e+00 3.570220815271037780e-04 -2.429195987038642999e-05 -5.798860979938085403e-04 3.018579361842062140e-04 -3.605415740665308326e-04 2.067810104814373439e-04 -6.936738204833157399e-04 -2.190322123537570282e-04
-9.867125667425216684e-04 -1.850561445412940605e-03 -1.706235836847909285e-03 3.570220815271037780e-04 0.000000000000000000e+00 -7.847425677122131255e-04 2.135237150735971780e-03 1.437964821328672300e-04 8.752528917247006735e-04 1.197413807088925459e-03 3.041923527563622785e-05 -3.334938214218161729e-04
-5.076265457209186037e-04 -7.062930115514840347e-05 -3.459783018665880819e-04 -2.429195987038642999e-05 -7.847425677122131255e-04 0.000000000000000000e+00 -3.632876170157559319e-04 2.630646913367685677e-04 -8.101840191615982322e-04 -1.214597499446751303e-04 4.873575688510159367e-04 6.409028513015121097e-05
-1.591505422390214510e-05 -6.083724751504889774e-04 4.005240598329445098e-04 -5.798860979938085403e-04 2.135237150735971780e-03 -3.632876170157559319e-04 0.000000000000000000e+00 1.461118758569988636e-04 -2.227379759496070453e-03 -4.822999226558911945e-04 -6.486650075675503028e-04 -6.354469862059658643e-04
-2.502674593795913677e-04 2.582161861057525763e-04 -2.207595439371509954e-04 3.018579361842062140e-04 1.437964821328672300e-04 2.630646913367685677e-04 1.461118758569988636e-04 0.000000000000000000e+00 1.101821459059847732e-04 -1.031551221319222894e-04 -3.414641558980252112e-04 7.519108182467547752e-06
6.194261780069107133e-04 1.028328556480970907e-03 -1.219578197131123299e-03 -3.605415740665308326e-04 8.752528917247006735e-04 -8.101840191615982322e-04 -2.227379759496070453e-03 1.101821459059847732e-04 0.000000000000000000e+00 9.662573157260698426e-04 6.286691680148376055e-04 9.353066254061199103e-04
-2.718214769171565354e-04 6.248701954122973723e-04 2.495817833904148968e-04 2.067810104814373439e-04 1.197413807088925459e-03 -1.214597499446751303e-04 -4.822999226558911945e-04 -1.031551221319222894e-04 9.662573157260698426e-04 0.000000000000000000e+00 -5.687900709920512207e-04 -1.393438993991688604e-05
-1.015886750655588358e-04 -1.211219708604219578e-04 -5.550444684504526709e-04 -6.936738204833157399e-04 3.041923527563622785e-05 4.873575688510159367e-04 -6.486650075675503028e-04 -3.414641558980252112e-04 6.286691680148376055e-04 -5.687900709920512207e-04 0.000000000000000000e+00 4.916204822605037202e-05
-2.823581953105237449e-04 -2.272026950729645687e-04 4.056923396381211530e-04 -2.190322123537570282e-04 -3.334938214218161729e-04 6.409028513015121097e-05 -6.354469862059658643e-04 7.519108182467547752e-06 9.353066254061199103e-04 -1.393438993991688604e-05 4.916204822605037202e-05 0.000000000000000000e+00
