0.000000000000000000e+00 -2.871933539798945901e-04 7.773962751032152414e-04 -6.453991674307204976e-04 6.274364798862099675e-04 7.035513545866198997e-04 -3.673257423236456654e-05 -1.505388484248814849e-04 -1.778096298474636560e-03 -1.372879232717651599e-03 -1.441078887565387222e-03 6.584694692955629820e-05
-2.871933539798945901e-04 0.000000000000000000e+00 2.494464702265169684e-04 -2.327240201794600078e-04 -1.703071315221523212e-04 5.013676615942583943e-04 2.987792450283269403e-04 6.124540859280124959e-05 -9.575441581410322033e-05 -1.319878379128541302e-03 -4.376461108931848569e-04 1.542157525691466486e-04
7.773962751032152414e-04 2.494464702265169684e-04 0.000000000000000000e+00 -1.336021841810203963e-03 -2.717694410660752031e-04 -6.520130697503317106e-04 -8.678129292188174835e-04 3.622686659063780617e-05 -1.181494610945962604e-03 -3.381054808184984629e-04 -5.296352405159311530e-04 -7.972521177058067201e-05
-6.453991674307204976e-04 -2.327240201794600078e-04 -1.336021841810203963e-03 0.000000000000000000e+00 -1.828921592749009498e-04 9.667282401702823481e-04 6.527724411941578445e-04 7.835909359315922345e-04 -1.355939858991574067e-03 1.575307367275796113e-03 2.076628249959218159e-04 8.802077928620734510e-04
6.274364798862099675e-04 -1.703071315221523212e-04 -2.717694410660752031e-04 -1.828921592749009498e-04 0.000000000000000000e+00 -8.088605413408954273e-05 -1.730315929860420484e-05 2.302936513116790474e-05 7.932576280042160245e-04 -8.464380245314542632e-04 -1.601189842435528983e-04 -8.895372005206540070e-06
7.035513545866198997e-04 5.013676615942583943e-04 -6.520130697503317106e-04 9.667282401702823481e-04 -8.088605413408954273e-05 0.000000000000000000e+00 4.528448276519991171e-04 5.569984736547950281e-04 -1.229066983529193647e-03 -2.308991603629992600e-03 7.700136111773957497e-04 3.466418043203614704e-04
-3.673257423236456654e-05 2.987792450283269403e-04 -8.678129292188174835e-04 6.527724411941578445e-04 -1.730315929860420484e-05 4.528448276519991171e-04 0.000000000000000000e+00 -7.620229206708444697e-04 -5.015784654708817019e-04 2.126341611431591897e-03 -5.396069918525288030e-04 2.958059612966503047e-04
-1.505388484248814849e-04 6.124540859280124959e-05 3.622686659063780617e-05 7.835909359315922345e-04 2.302936513116790474e-05 5.569984736547950281e-04 -7.620229206708444697e-04 0.000000000000000000e+00 -8.186179272667883089e-04 8.781284974069201695e-04 -6.783986376141603420e-04 -4.598450752930337022e-04
-1.778096298474636560e-03 -9.575441581410322033e-05 -1.181494610945962604e-03 -1.355939858991574067e-03 7.932576280042160245e-04 -1.229066983529193647e-03 -5.015784654708817019e-04 -8.186179272667883089e-04 0.000000000000000000e+00 -3.488649144815881425e-03 1.614333995453922982e-03 -7.767201131221042982e-04
-1.372879232717651599e-03 -1.319878379128541302e-03 -3.381054808184984629e-04 1.575307367275796113e-03 -8.464380245314542632e-04 -2.308991603629992600e-03 2.126341611431591897e-03 8.781284974069201695e-04 -3.488649144815881425e-03 0.000000000000000000e+00 -2.790833175659989101e-03 -2.086739639138657579e-03
-1.441078887565387222e-03 -4.376461108931848569e-04 -5.296352405159311530e-04 2.076628249959218159e-04 -1.601189842435528983e-04 7.700136111773957497e-04 -5.396069918525288030e-04 -6.783986376141603420e-04 1.614333995453922982e-03 -2.790833175659989101e-03 0.000000000000000000e+00 -2.370064692403067540e-05
6.584694692955629820e-05 1.542157525691466486e-04 -7.972521177058067201e-05 8.802077928620734510e-04 -8.895372005206540070e-06 3.466418043203614704e-04 2.958059612966503047e-04 -4.598450752930337022e-04 -7.767201131221042982e-04 -2.086739639138657579e-03 -2.370064692403067540e-05 0.000000000000000000e+00
