0.000000000000000000e+00 8.055294041128393070e-05 -7.110779500165977877e-04 3.484777952233805579e-04 6.951975872736070690e-04 1.445887833779693104e-04 -5.657104730028873762e-04 5.853714554399383702e-04 9.573906092114706787e-04 -1.750161567782323188e-03 -1.960951415600047923e-04 -2.904349401398941075e-04
8.055294041128393070e-05 0.000000000000000000e+00 -3.288837165020071685e-04 -2.837436171002998258e-04 -2.788921913582366962e-04 1.678130857015472323e-04 1.433627011664836666e-04 -2.472447868681819198e-04 -6.969541488080766012e-04 -4.535227893870292528e-04 3.030504305519677970e-04 2.752926005030548808e-05
-7.110779500165977877e-04 -3.288837165020071685e-04 0.000000000000000000e+00 -9.622193966880600562e-04 -3.106941214652573168e-04 6.541880583521513361e-04 -5.747672085866199895e-04 2.319217092725855468e-04 4.007759656595068090e-04 -1.009605954459934923e-03 2.595216227154250395e-04 5.553028868179771564e-04
3.484777952233805579e-04 -2.837436171002998258e-04 -9.622193966880600562e-04 0.000000000000000000e+00 -2.900256898027046100e-04 -6.211986854838675556e-05 5.026103101841182053e-04 1.178227963606193977e-03 -5.777267588288931451e-04 1.035393735199090746e-03 -5.204480853883482628e-04 1.127952486639351799e-04
6.951975872736070690e-04 -2.788921913582366962e-04 -3.106941214652573168e-04 -2.900256898027046100e-04 0.000000000000000000e+00 -7.609002765888157166e-05 4.922670841516908324e-04 -6.357852649669015136e-05 4.225746695269641941e-04 -2.621191236615407535e-04 -2.778037217735418365e-04 5.447249867059267194e-04
1.445887833779693104e-04 1.678130857015472323e-04 6.541880583521513361e-04 -6.211986854838675556e-05 -7.609002765888157166e-05 0.000000000000000000e+00 -4.397629693355318268e-04 4.711317461566078674e-04 -6.019222879716065906e-04 -1.211277830627366771e-03 7.157069067615088502e-04 2.031737517627531304e-05
-5.657104730028873762e-04 1.433627011664836666e-04 -5.747672085866199895e-04 5.026103101841182053e-04 4.922670841516908324e-04 -4.397629693355318268e-04 0.000000000000000000e+00 -1.137862711135062196e-03 1.497055322266509008e-03 -2.325044654176242759e-03 3.436351901727292477e-04 2.531891404097434206e-04
5.853714554399383702e-04 -2.472447868681819198e-04 2.319217092725855468e-04 1.178227963606193977e-03 -6.357852649669015136e-05 4.711317461566078674e-04 -1.137862711135062196e-03 0.000000000000000000e+00 -1.026092086870349822e-03 1.854277670591877045e-03 -1.622583771252229811e-04 -2.184529093578786317e-05
9.573906092114706787e-04 -6.969541488080766012e-04 4.007759656595068090e-04 -5.777267588288931451e-04 4.225746695269641941e-04 -6.019222879716065906e-04 1.497055322266509008e-03 -1.026092086870349822e-03 0.000000000000000000e+00 3.048301977887071454e-03 4.942254022387453961e-04 1.726406536252055013e-04
-1.750161567782323188e-03 -4.535227893870292528e-04 -1.009605954459934923e-03 1.035393735199090746e-03 -2.621191236615407535e-04 -1.211277830627366771e-03 -2.325044654176242759e-03 1.854277670591877045e-03 3.048301977887071454e-03 0.000000000000000000e+00 8.785656398455759250e-04 6.534069794139421312e-04
-1.960951415600047923e-04 3.030504305519677970e-04 2.595216227154250395e-04 -5.204480853883482628e-04 -2.778037217735418365e-04 7.157069067615088502e-04 3.436351901727292477e-04 -1.622583771252229811e-04 4.942254022387453961e-04 8.785656398455759250e-04 0.000000000000000000e+00 -4.165237519429478724e-04
-2.904349401398941075e-04 2.752926005030548808e-05 5.553028868179771564e-04 1.127952486639351799e-04 5.447249867059267194e-04 2.031737517627531304e-05 2.531891404097434206e-04 -2.184529093578786317e-05 1.726406536252055013e-04 6.534069794139421312e-04 -4.165237519429478724e-04 0.000000000000000000e+00
