0.000000000000000000e+00 1.662041101966887794e-04 -2.807159588781518185e-05 -5.550745851014489315e-05 -7.601257804687130450e-05 1.954983126332289337e-04 9.379450971149085959e-04 1.547360643057334173e-04 5.644535581643188261e-04 -2.501699879254648605e-04 3.145900415968760173e-04 7.201071521606336570e-06
1.662041101966887794e-04 0.000000000000000000e+00 -7.382275479763058699e-04 -1.490660388197970285e-03 -2.263443775008837291e-04 -3.578696560306952879e-04 -2.370539664321513827e-04 -1.908776733846853559e-04 5.834161413848581524e-04 4.923737702193758514e-04 -5.036049972220656102e-04 2.638159658317676252e-04
-2.807159588781518185e-05 -7.382275479763058699e-04 0.000000000000000000e+00 1.777072933745438158e-03 1.126788570095794804e-04 -4.148542974564514338e-04 1.099750878506333901e-03 -5.012619223386509002e-04 -6.451413882186195865e-04 2.017303197917997767e-03 -7.525224345543005729e-04 4.339354349966865511e-04
-5.550745851014489315e-05 -1.490660388197970285e-03 1.777072933745438158e-03 0.000000000000000000e+00 9.899770200765263366e-04 -8.474562320206115032e-04 -7.660938404166197854e-04 9.988506514689832715e-04 1.115855175141343501e-03 -2.169732689778683127e-03 -2.955831908577027828e-05 3.650132574759581126e-04
-7.601257804687130450e-05 -2.263443775008837291e-04 1.126788570095794804e-04 9.899770200765263366e-04 0.000000000000000000e+00 1.928229928385056819e-04 -1.145229086937262072e-03 3.246456702213920226e-05 -9.092548393711370140e-04 -1.397767927179907892e-04 2.643028352224270866e-04 1.017227144960295066e-04
1.954983126332289337e-04 -3.578696560306952879e-04 -4.148542974564514338e-04 -8.474562320206115032e-04 1.928229928385056819e-04 0.000000000000000000e+00 -1.339019457475047727e-05 1.592087616942981408e-04 3.250269010736783607e-04 -2.282710629597909421e-04 -4.046532252865799625e-04 -2.559997539764444024e-04
9.379450971149085959e-04 -2.370539664321513827e-04 1.099750878506333901e-03 -7.660938404166197854e-04 -1.145229086937262072e-03 -1.339019457475047727e-05 0.000000000000000000e+00 -8.836845552662151468e-05 -6.814324655812403807e-04 -1.578418879865596991e-04 4.122202977689420249e-04 -1.602821242637396599e-04
1.547360643057334173e-04 -1.908776733846853559e-04 -5.012619223386509002e-04 9.988506514689832715e-04 3.246456702213920226e-05 1.592087616942981408e-04 -8.836845552662151468e-05 0.000000000000000000e+00 1.177582355508736316e-03 2.570415946379368257e-04 1.809617146151041428e-04 -3.002435937042707012e-04
5.644535581643188261e-04 5.834161413848581524e-04 -6.451413882186195865e-04 1.115855175141343501e-03 -9.092548393711370140e-04 3.250269010736783607e-04 -6.814324655812403807e-04 1.177582355508736316e-03 0.000000000000000000e+00 -6.134260641490729129e-04 -8.864636515995342981e-04 5.048672507565001889e-04
-2.501699879254648605e-04 4.923737702193758514e-04 2.017303197917997767e-03 -2.169732689778683127e-03 -1.397767927179907892e-04 -2.282710629597909421e-04 -1.578418879865596991e-04 2.570415946379368257e-04 -6.134260641490729129e-04 0.000000000000000000e+00 3.890394672012987935e-04 -7.907773527916278015e-05
3.145900415968760173e-04 -5.036049972220656102e-04 -7.525224345543005729e-04 -2.955831908577027828e-05 2.643028352224270866e-04 -4.046532252865799625e-04 4.122202977689420249e-04 1.809617146151041428e-04 -8.864636515995342981e-04 3.890394672012987935e-04 0.000000000000000000e+00 -5.726870724222465859e-04
7.201071521606336570e-06 2.638159658317676252e-04 4.339354349966865511e-04 3.650132574759581126e-04 1.017227144960295066e-04 -2.559997539764444024e-04 -1.602821242637396599e-04 -3.002435937042707012e-04 5.048672507565001889e-04 -7.907773527916278015e-05 -5.726870724222465859e-04 0.000000000000000000e+00
