0.000000000000000000e+00 -9.023964341588458827e-06 -9.821857130553612869e-04 9.765716575691769236e-04 1.464292584028938397e-04 -1.794918395394879166e-04 2.122289677169401521e-04 -1.857866890255385425e-04 1.798921644059350649e-04 -7.195075836041225827e-04 -9.181905439013192090e-04 1.704599919542456612e-04
-9.023964341588458827e-06 0.000000000000000000e+00 8.788108498694001663e-04 4.856493493866661761e-05 -1.977360701411879208e-04 2.017745518491153916e-05 -2.316647662550570959e-04 2.023268726099516500e-04 6.882922611730027829e-04 -4.104915312858783933e-05 -1.519530975636159049e-04 -4.831686434315257987e-04
-9.821857130553612869e-04 8.788108498694001663e-04 0.000000000000000000e+00 2.486662812527991231e-03 1.481251627665277769e-04 -2.910243456360722507e-04 7.526662353451597353e-04 -1.031620909414805633e-03 7.343727650320816926e-04 1.823952763499618991e-03 -1.092179415350274119e-03 7.081933201800468371e-04
9.765716575691769236e-04 4.856493493866661761e-05 2.486662812527991231e-03 0.000000000000000000e+00 1.111980411861730311e-03 3.571862178386224712e-04 -5.198850534499415354e-05 -1.850936894499923750e-04 -1.372332686016989667e-04 -4.015892221936863762e-06 1.738280849593884210e-03 -4.500558913309055001e-04
1.464292584028938397e-04 -1.977360701411879208e-04 1.481251627665277769e-04 1.111980411861730311e-03 0.000000000000000000e+00 -1.639026814316572531e-04 -2.991011286302195618e-04 -1.692841652199536453e-04 -5.602075158346564139e-04 -9.113689197737627609e-04 -1.513351816300082615e-04 -1.032900017303344447e-04
-1.794918395394879166e-04 2.017745518491153916e-05 -2.910243456360722507e-04 3.571862178386224712e-04 -1.639026814316572531e-04 0.000000000000000000e+00 3.668250126360508281e-04 2.671055424179735450e-05 -6.012794176021595861e-04 -5.415285718400168226e-05 -7.453437056670292413e-04 -4.544372536387955943e-04
2.122289677169401521e-04 -2.316647662550570959e-04 7.526662353451597353e-04 -5.198850534499415354e-05 -2.991011286302195618e-04 3.668250126360508281e-04 0.000000000000000000e+00 -1.135763342057277822e-03 8.424590518348083019e-04 -6.123382364539007618e-04 8.804120426777816777e-04 5.171352152514139709e-04
-1.857866890255385425e-04 2.023268726099516500e-04 -1.031620909414805633e-03 -1.850936894499923750e-04 -1.692841652199536453e-04 2.671055424179735450e-05 -1.135763342057277822e-03 0.000000000000000000e+00 1.132980712274361519e-04 -5.336413344754238749e-04 -8.350856024992044492e-04 7.740481747421240632e-05
1.798921644059350649e-04 6.882922611730027829e-04 7.343727650320816926e-04 -1.372332686016989667e-04 -5.602075158346564139e-04 -6.012794176021595861e-04 8.424590518348083019e-04 1.132980712274361519e-04 0.000000000000000000e+00 1.639900250584316551e-04 -1.153600923771693756e-03 2.565312354892413890e-04
-7.195075836041225827e-04 -4.104915312858783933e-05 1.823952763499618991e-03 -4.015892221936863762e-06 -9.113689197737627609e-04 -5.415285718400168226e-05 -6.123382364539007618e-04 -5.336413344754238749e-04 1.639900250584316551e-04 0.000000000000000000e+00 -1.102597029249734011e-03 7.596629442801246116e-04
-9.181905439013192090e-04 -1.519530975636159049e-04 -1.092179415350274119e-03 1.738280849593884210e-03 -1.513351816300082615e-04 -7.453437056670292413e-04 8.804120426777816777e-04 -8.350856024992044492e-04 -1.153600923771693756e-03 -1.102597029249734011e-03 0.000000000000000000e+00 3.996634606075562452e-04
1.704599919542456612e-04 -4.831686434315257987e-04 7.081933201800468371e-04 -4.500558913309055001e-04 -1.032900017303344447e-04 -4.544372536387955943e-04 5.171352152514139709e-04 7.740481747421240632e-05 2.565312354892413890e-04 7.596629442801246116e-04 3.996634606075562452e-04 0.000000000000000000e+00
