0.000000000000000000e+00 -4.978298684155081037e-05 -1.232895750184484322e-03 9.250828553916621557e-04 3.467210689587647810e-04 7.835203040853542882e-05 -7.852478803405596583e-04 -4.297831027124042707e-04 4.009115088020969689e-04 -9.303680641290167606e-04 8.950889604889664033e-04 -3.722776269847149740e-04
-4.978298684155081037e-05 0.000000000000000000e+00 -8.454567602465502200e-05 -4.481437800384142542e-04 -7.065008841073350731e-04 1.556951113280652757e-04 -3.513034169543282899e-04 -4.297574780407445341e-04 1.187798979401231666e-03 -1.944294595121400133e-04 -3.275392274271850718e-05 -2.486796424489227508e-04
-1.232895750184484322e-03 -8.454567602465502200e-05 0.000000000000000000e+00 1.919144307440805467e-03 1.012032784727463948e-03 -1.163286337889788769e-03 3.275734833111362322e-04 -2.148179272893124608e-04 1.073459414755750926e-03 2.576032024497471561e-03 6.013660534838568715e-04 5.896068627415171218e-04
9.250828553916621557e-04 -4.481437800384142542e-04 1.919144307440805467e-03 0.000000000000000000e+00 9.583635806709509377e-04 1.158889985130564333e-03 -2.249942912212970960e-03 -6.004490802011916862e-04 1.409468841907220247e-03 3.375559251855180139e-03 -8.616841407621204235e-04 4.354188516681029415e-05
3.467210689587647810e-04 -7.065008841073350731e-04 1.012032784727463948e-03 9.583635806709509377e-04 0.000000000000000000e+00 -4.897134598237419274e-04 -6.298426351167617319e-04 3.417509440443877874e-04 3.659701582024685825e-06 -2.546515156270200836e-04 4.064845871556923185e-04 -9.018889185863725980e-05
7.835203040853542882e-05 1.556951113280652757e-04 -1.163286337889788769e-03 1.158889985130564333e-03 -4.897134598237419274e-04 0.000000000000000000e+00 3.759809669735826826e-04 -4.776223263662001534e-04 5.645289453778255291e-05 2.018520974268924047e-04 -2.507941027858207462e-04 7.630096962960758770e-05
-7.852478803405596583e-04 -3.513034169543282899e-04 3.275734833111362322e-04 -2.249942912212970960e-03 -6.298426351167617319e-04 3.759809669735826826e-04 0.000000000000000000e+00 -2.734226107330004125e-04 -1.060547052358790923e-03 -2.389520016816970300e-04 1.313527706659294763e-03 -1.187306727771521547e-04
-4.297831027124042707e-04 -4.297574780407445341e-04 -2.148179272893124608e-04 -6.004490802011916862e-04 3.417509440443877874e-04 -4.776223263662001534e-04 -2.734226107330004125e-04 0.000000000000000000e+00 1.280452598080526196e-04 -5.658389432514186355e-04 4.821096473249780593e-04 -6.630710884646481449e-05
4.009115088020969689e-04 1.187798979401231666e-03 1.073459414755750926e-03 1.409468841907220247e-03 3.659701582024685825e-06 5.645289453778255291e-05 -1.060547052358790923e-03 1.280452598080526196e-04 0.000000000000000000e+00 1.126427281298786288e-03 3.932744567365692358e-04 -1.633323612471933740e-04
-9.303680641290167606e-04 -1.944294595121400133e-04 2.576032024497471561e-03 3.375559251855180139e-03 -2.546515156270200836e-04 2.018520974268924047e-04 -2.389520016816970300e-04 -5.658389432514186355e-04 1.126427281298786288e-03 0.000000000000000000e+00 1.083152335297212073e-03 6.017079567318346428e-04
8.950889604889664033e-04 -3.275392274271850718e-05 6.013660534838568715e-04 -8.616841407621204235e-04 4.064845871556923185e-04 -2.507941027858207462e-04 1.313527706659294763e-03 4.821096473249780593e-04 3.932744567365692358e-04 1.083152335297212073e-03 0.000000000000000000e+00 1.684107092100741267e-04
-3.722776269847149740e-04 -2.486796424489227508e-04 5.896068627415171218e-04 4.354188516681029415e-05 -9.018889185863725980e-05 7.630096962960758770e-05 -1.187306727771521547e-04 -6.630710884646481449e-05 -1.633323612471933740e-04 6.017079567318346428e-04 1.684107092100741267e-04 0.000000000000000000e+00
