0.000000000000000000e+00 -8.715396601235529661e-05 -9.026232262980408202e-04 -4.668713715460676714e-04 -1.538042552134813500e-04 7.864845306416692232e-05 -6.114777477194659064e-04 -3.035936363091185195e-05 -1.701292981845931843e-04 1.079801975881498140e-04 -5.055015113599608829e-04 4.911207680502009676e-04
-8.715396601235529661e-05 0.000000000000000000e+00 5.088387030922800983e-04 -1.005400218405219951e-03 -5.316968217327004524e-04 4.434307075106884649e-04 5.794250295948266466e-04 7.125245072618964113e-04 4.582923530875886902e-04 -8.512377637720287176e-04 -8.337438540593165035e-04 4.237832455957302267e-04
-9.026232262980408202e-04 5.088387030922800983e-04 0.000000000000000000e+00 -2.326883879104086478e-03 -2.696127568585360962e-04 5.186060556784479782e-04 -4.863376807700647126e-04 -1.145624016868460493e-04 -1.396555911711280318e-03 8.398668061983018140e-05 -1.646653997947345729e-03 -4.441096505833124690e-04
-4.668713715460676714e-04 -1.005400218405219951e-03 -2.326883879104086478e-03 0.000000000000000000e+00 3.779991597479632950e-04 2.909586595785833892e-04 -1.303463580341836367e-03 -4.823887794017779298e-05 6.255675523689648541e-04 -5.802126163768515574e-04 1.332002250063185319e-03 -7.219378487535954786e-04
-1.538042552134813500e-04 -5.316968217327004524e-04 -2.696127568585360962e-04 3.779991597479632950e-04 0.000000000000000000e+00 -4.095816659666610569e-04 8.980832399047835798e-04 3.753071212262307850e-04 -9.852113931408802532e-04 -6.571191197595466346e-04 8.220407077138991046e-04 -1.738990901706081050e-04
7.864845306416692232e-05 4.434307075106884649e-04 5.186060556784479782e-04 2.909586595785833892e-04 -4.095816659666610569e-04 0.000000000000000000e+00 -1.290359464037449508e-04 -1.757610642109930764e-04 -5.786173053560519875e-04 -4.157462702228567728e-04 7.276747279334681547e-04 -8.890358232934241997e-05
-6.114777477194659064e-04 5.794250295948266466e-04 -4.863376807700647126e-04 -1.303463580341836367e-03 8.980832399047835798e-04 -1.290359464037449508e-04 0.000000000000000000e+00 -4.015554747274218154e-04 -1.981315231300255844e-03 -1.621022154608063289e-03 -2.068995989201715400e-04 5.040412779322413434e-04
-3.035936363091185195e-05 7.125245072618964113e-04 -1.145624016868460493e-04 -4.823887794017779298e-05 3.753071212262307850e-04 -1.757610642109930764e-04 -4.015554747274218154e-04 0.000000000000000000e+00 1.105572827034310805e-03 -1.392211285036642262e-04 4.141511003676636425e-04 -2.367381022173807548e-04
-1.701292981845931843e-04 4.582923530875886902e-04 -1.396555911711280318e-03 6.255675523689648541e-04 -9.852113931408802532e-04 -5.786173053560519875e-04 -1.981315231300255844e-03 1.105572827034310805e-03 0.000000000000000000e+00 -3.109002210867841016e-04 1.493588000635307899e-03 1.214733309211290212e-03
1.079801975881498140e-04 -8.512377637720287176e-04 8.398668061983018140e-05 -5.802126163768515574e-04 -6.571191197595466346e-04 -4.157462702228567728e-04 -1.621022154608063289e-03 -1.392211285036642262e-04 -3.109002210867841016e-04 0.000000000000000000e+00 -8.999671190020773958e-04 -6.855019750145606612e-04
-5.055015113599608829e-04 -8.337438540593165035e-04 -1.646653997947345729e-03 1.332002250063185319e-03 8.220407077138991046e-04 7.276747279334681547e-04 -2.068995989201715400e-04 4.141511003676636425e-04 1.493588000635307899e-03 -8.999671190020773958e-04 0.000000000000000000e+00 -1.074268024305366200e-04
4.911207680502009676e-04 4.237832455957302267e-04 -4.441096505833124690e-04 -7.219378487535954786e-04 -1.738990901706081050e-04 -8.890358232934241997e-05 5.040412779322413434e-04 -2.367381022173807548e-04 1.214733309211290212e-03 -6.855019750145606612e-04 -1.074268024305366200e-04 0.000000000000000000e+00
