0.000000000000000000e+00 -2.106234088875720382e-03 -9.902453913411242772e-04 -6.283801463321743485e-04 -3.720878878269332857e-04 -3.063608329551179531e-04 -1.350459915815801918e-03 -8.076938360078428749e-05 1.781880995090835695e-03 -9.827272052022318054e-04 1.511621289741037037e-03 8.465691445032328712e-04
-2.106234088875720382e-03 0.000000000000000000e+00 -1.353307547703339921e-03 7.588990617086904030e-04 1.322554059210587262e-03 8.291420368761522487e-04 -1.166308775569682927e-03 3.952333450046750550e-06 1.880995401764876682e-03 7.783307082320410847e-04 1.005076489345972093e-03 1.149855782814374712e-03
-9.902453913411242772e-04 -1.353307547703339921e-03 0.000000000000000000e+00 5.677288330107387124e-04 -6.048566499867625169e-04 -2.067755279060621784e-04 -3.779590732254068893e-04 -4.240310078593020828e-04 5.739736539735075917e-04 5.200748839553594660e-05 -7.460018356122343972e-04 2.349712876854515757e-04
-6.283801463321743485e-04 7.588990617086904030e-04 5.677288330107387124e-04 0.000000000000000000e+00 -4.987759402647329570e-04 -2.507328386804118865e-04 -6.329678005593929874e-04 2.035606579190614711e-04 1.771539638980487426e-04 2.209342939023669033e-04 1.322027510128121527e-04 -4.583966735284921682e-04
-3.720878878269332857e-04 1.322554059210587262e-03 -6.048566499867625169e-04 -4.987759402647329570e-04 0.000000000000000000e+00 -2.076134386259377552e-04 1.560584781403964326e-04 -2.253469486508251785e-04 -9.666820145226294220e-05 3.636306271678705205e-04 -4.718674919940313989e-04 7.242438929479539799e-05
-3.063608329551179531e-04 8.291420368761522487e-04 -2.067755279060621784e-04 -2.507328386804118865e-04 -2.076134386259377552e-04 0.000000000000000000e+00 -1.964612718198871706e-04 8.563729666514056688e-05 3.679695616560808564e-04 -4.067965104340106101e-04 -6.174287639041048468e-04 2.304333006982182928e-05
-1.350459915815801918e-03 -1.166308775569682927e-03 -3.779590732254068893e-04 -6.329678005593929874e-04 1.560584781403964326e-04 -1.964612718198871706e-04 0.000000000000000000e+00 1.005302647086694820e-04 -1.238466851226378363e-03 2.939544359012662253e-04 1.431944961952851241e-03 1.244431784484661963e-04
-8.076938360078428749e-05 3.952333450046750550e-06 -4.240310078593020828e-04 2.035606579190614711e-04 -2.253469486508251785e-04 8.563729666514056688e-05 1.005302647086694820e-04 0.000000000000000000e+00 -3.984690956606389521e-04 -1.211416624651138774e-04 1.812125799434174934e-04 -1.394285494480501349e-04
1.781880995090835695e-03 1.880995401764876682e-03 5.739736539735075917e-04 1.771539638980487426e-04 -9.666820145226294220e-05 3.679695616560808564e-04 -1.238466851226378363e-03 -3.984690956606389521e-04 0.000000000000000000e+00 7.922257614393062725e-05 2.175457402582956119e-03 3.914408545688997541e-04
-9.827272052022318054e-04 7.783307082320410847e-04 5.200748839553594660e-05 2.209342939023669033e-04 3.636306271678705205e-04 -4.067965104340106101e-04 2.939544359012662253e-04 -1.211416624651138774e-04 7.922257614393062725e-05 0.000000000000000000e+00 8.429633845056442969e-04 -1.539582124565225273e-04
1.511621289741037037e-03 1.005076489345972093e-03 -7.460018356122343972e-04 1.322027510128121527e-04 -4.718674919940313989e-04 -6.174287639041048468e-04 1.431944961952851241e-03 1.812125799434174934e-04 2.175457402582956119e-03 8.429633845056442969e-04 0.000000000000000000e+00 1.499332760652897579e-04
8.465691445032328712e-04 1.149855782814374712e-03 2.349712876854515757e-04 -4.583966735284921682e-04 7.242438929479539799e-05 2.304333006982182928e-05 1.244431784484661963e-04 -1.394285494480501349e-04 3.914408545688997541e-04 -1.539582124565225273e-04 1.499332760652897579e-04 0.000000000000000000e+00
