0.000000000000000000e+00 1.911297533466612634e-03 -8.254615478574200917e-05 -1.236770876447217636e-03 -6.560316535893307258e-06 -2.004207141973304894e-04 -1.366637446496515949e-03 2.046572272306365311e-04 -6.610790117407710793e-04 -1.021974494132469402e-05 2.382109395240148211e-03 1.202586173777182025e-04
1.911297533466612634e-03 0.000000000000000000e+00 1.214882966332582340e-03 -1.621399496748609137e-04 4.224406370209179496e-04 -8.681040240472370426e-04 2.313847456481255959e-03 -4.965741256170829853e-04 -2.521204505965617473e-03 1.519641073093341453e-04 -2.288367723445540805e-03 1.375048511833167888e-03
-8.254615478574200917e-05 1.214882966332582340e-03 0.000000000000000000e+00 3.625115123063309694e-04 3.671537793385256797e-04 4.143198366263210796e-04 -1.493208000364720399e-03 2.554596196557948101e-04 -8.495681549042342776e-04 -4.555877994066746730e-04 -1.077268881943729351e-03 -3.322750733106799408e-04
-1.236770876447217636e-03 -1.621399496748609137e-04 3.625115123063309694e-04 0.000000000000000000e+00 4.155402570282560557e-05 -2.647659266111834298e-04 1.035075005381245680e-03 4.263875589671898853e-04 -3.293772209982446077e-05 -3.333661129396331023e-04 7.811227885663647470e-04 -3.148446856978993360e-04
-6.560316535893307258e-06 4.224406370209179496e-04 3.671537793385256797e-04 4.155402570282560557e-05 0.000000000000000000e+00 1.303198166029276089e-04 1.056597624465639620e-03 2.710265692244258448e-04 -5.466561337229285285e-04 -3.138977721055381624e-05 1.572837220225558816e-03 -7.436819452535932233e-04
-2.004207141973304894e-04 -8.681040240472370426e-04 4.143198366263210796e-04 -2.647659266111834298e-04 1.303198166029276089e-04 0.000000000000000000e+00 5.683659241546482445e-05 -2.926669393839591285e-05 -1.026019003797528674e-04 -1.470823239880865614e-04 8.281030790142733782e-04 -7.835727361529290459e-04
-1.366637446496515949e-03 2.313847456481255959e-03 -1.493208000364720399e-03 1.035075005381245680e-03 1.056597624465639620e-03 5.683659241546482445e-05 0.000000000000000000e+00 1.324419651110025507e-04 1.042609651786723232e-03 4.388478217344475986e-04 4.785450331884784749e-04 -4.083031082317449068e-04
2.046572272306365311e-04 -4.965741256170829853e-04 2.554596196557948101e-04 4.263875589671898853e-04 2.710265692244258448e-04 -2.926669393839591285e-05 1.324419651110025507e-04 0.000000000000000000e+00 -4.941229617781087028e-04 3.382875661006764763e-04 -4.937061550310906186e-04 -7.650215331773276527e-04
-6.610790117407710793e-04 -2.521204505965617473e-03 -8.495681549042342776e-04 -3.293772209982446077e-05 -5.466561337229285285e-04 -1.026019003797528674e-04 1.042609651786723232e-03 -4.941229617781087028e-04 0.000000000000000000e+00 -6.950260236035291344e-04 2.627703869614067176e-04 1.325762752236378517e-04
-1.021974494132469402e-05 1.519641073093341453e-04 -4.555877994066746730e-04 -3.333661129396331023e-04 -3.138977721055381624e-05 -1.470823239880865614e-04 4.388478217344475986e-04 3.382875661006764763e-04 -6.950260236035291344e-04 0.000000000000000000e+00 3.779626270910618687e-05 -4.572391361287719553e-04
2.382109395240148211e-03 -2.288367723445540805e-03 -1.077268881943729351e-03 7.811227885663647470e-04 1.572837220225558816e-03 8.281030790142733782e-04 4.785450331884784749e-04 -4.937061550310906186e-04 2.627703869614067176e-04 3.779626270910618687e-05 0.000000000000000000e+00 2.092956633112494610e-05
1.202586173777182025e-04 1.375048511833167888e-03 -3.322750733106799408e-04 -3.148446856978993360e-04 -7.436819452535932233e-04 -7.835727361529290459e-04 -4.083031082317449068e-04 -7.650215331773276527e-04 1.325762752236378517e-04 -4.572391361287719553e-04 2.092956633112494610e-05 0.000000000000000000e+00
