0.000000000000000000e+00 1.970410604224810940e-03 -9.283074030006446429e-04 -1.047612143497405864e-03 3.531217855565719495e-05 -1.039467027534784810e-04 -1.184247899308154238e-03 3.675269672865892097e-05 4.987096653848459207e-04 3.864843033622218258e-04 1.218436373421358059e-04 9.743759750077901974e-04
1.970410604224810940e-03 0.000000000000000000e+00 -6.134400906016005848e-04 8.626689855010779076e-04 -6.701917022193814872e-04 3.072187580524839015e-04 -2.898569707917222492e-04 -1.672640819304917724e-03 -3.147037146165418300e-04 6.497671614035213953e-04 2.037612375291006882e-03 1.058030753176760277e-03
-9.283074030006446429e-04 -6.134400906016005848e-04 0.000000000000000000e+00 -5.330013403680125984e-04 6.199261405323150875e-04 -3.310467929435350124e-05 -3.728770239582447047e-04 7.138955258037071958e-04 2.462168735818121967e-04 1.872884135630292811e-04 -5.519140586043307269e-04 -5.321356046297218146e-07
-1.047612143497405864e-03 8.626689855010779076e-04 -5.330013403680125984e-04 0.000000000000000000e+00 -1.383979657534575478e-04 3.911413363351407425e-04 -4.327687676749123954e-04 -2.274519232570592253e-04 -6.840081165302747427e-04 3.804394830567775694e-04 4.025819937050738063e-05 -2.821847962877070443e-04
3.531217855565719495e-05 -6.701917022193814872e-04 6.199261405323150875e-04 -1.383979657534575478e-04 0.000000000000000000e+00 6.232790030839859409e-05 2.907432438323457984e-04 -6.352575187884522130e-05 -3.561407551418179071e-04 3.193627099552284489e-06 -7.057185710277062750e-04 4.595040224956105281e-04
-1.039467027534784810e-04 3.072187580524839015e-04 -3.310467929435350124e-05 3.911413363351407425e-04 6.232790030839859409e-05 0.000000000000000000e+00 -5.061617277595814200e-04 3.154352055332174034e-05 1.944343837983790121e-04 6.878318281892770267e-05 8.606595433638100829e-05 -1.622777064768716646e-04
-1.184247899308154238e-03 -2.898569707917222492e-04 -3.728770239582447047e-04 -4.327687676749123954e-04 2.907432438323457984e-04 -5.061617277595814200e-04 0.000000000000000000e+00 6.025708192461733679e-04 -5.622274989857387918e-04 2.983138252678085668e-05 1.751337093324072374e-03 -1.075319660913841378e-03
3.675269672865892097e-05 -1.672640819304917724e-03 7.138955258037071958e-04 -2.274519232570592253e-04 -6.352575187884522130e-05 3.154352055332174034e-05 6.025708192461733679e-04 0.000000000000000000e+00 -1.905479864183864567e-04 7.357192796572261563e-06 -8.324853177556672604e-04 5.159305602785325007e-04
4.987096653848459207e-04 -3.147037146165418300e-04 2.462168735818121967e-04 -6.840081165302747427e-04 -3.561407551418179071e-04 1.944343837983790121e-04 -5.622274989857387918e-04 -1.905479864183864567e-04 0.000000000000000000e+00 -2.755679411059287548e-04 -1.493993877561488205e-03 -6.001034263007037732e-04
3.864843033622218258e-04 6.497671614035213953e-04 1.872884135630292811e-04 3.804394830567775694e-04 3.193627099552284489e-06 6.878318281892770267e-05 2.983138252678085668e-05 7.357192796572261563e-06 -2.755679411059287548e-04 0.000000000000000000e+00 -3.860713381572583635e-04 6.508748037482744954e-05
1.218436373421358059e-04 2.037612375291006882e-03 -5.519140586043307269e-04 4.025819937050738063e-05 -7.057185710277062750e-04 8.606595433638100829e-05 1.751337093324072374e-03 -8.324853177556672604e-04 -1.493993877561488205e-03 -3.860713381572583635e-04 0.000000000000000000e+00 7.249877078745284873e-04
9.743759750077901974e-04 1.058030753176760277e-03 -5.321356046297218146e-07 -2.821847962877070443e-04 4.595040224956105281e-04 -1.622777064768716646e-04 -1.075319660913841378e-03 5.159305602785325007e-04 -6.001034263007037732e-04 6.508748037482744954e-05 7.249877078745284873e-04 0.000000000000000000e+00
