0.000000000000000000e+00 4.454368677325609011e-03 2.186387439076356142e-03 -5.705612274898645394e-04 5.264330717827565842e-05 1.361009485246749947e-03 1.053668015199528494e-03 7.841908962583514281e-04 2.132622943528252307e-03 1.670196473438852235e-04 -7.028482566558033303e-04 2.494293653244739734e-04
4.454368677325609011e-03 0.000000000000000000e+00 -7.228544442554719158e-04 -1.221289042103484079e-03 -7.823910899606616523e-04 -7.742601651422083156e-04 -6.114428402839239491e-04 2.614807241826728372e-04 6.816118977133181142e-04 1.052869870963666537e-03 -1.771815638678656555e-03 -2.049767067480569825e-03
2.186387439076356142e-03 -7.228544442554719158e-04 0.000000000000000000e+00 4.518513000433902198e-04 -6.323656204198156413e-04 -4.422654452520408119e-04 8.883774081880352206e-04 7.277318476408345560e-06 1.234503192175418883e-03 -4.628952666653476326e-04 5.326955403264360678e-04 8.175987419886867745e-05
-5.705612274898645394e-04 -1.221289042103484079e-03 4.518513000433902198e-04 0.000000000000000000e+00 -3.625988106735953103e-04 -1.772773640479766502e-04 1.172760839094846326e-04 1.621612554748478685e-04 2.299520244580297143e-04 2.697730985738274931e-04 -2.933061375714153193e-04 1.296496545025866407e-04
5.264330717827565842e-05 -7.823910899606616523e-04 -6.323656204198156413e-04 -3.625988106735953103e-04 0.000000000000000000e+00 1.166150249672571646e-04 5.737974262778151521e-04 7.565541626886789286e-04 -4.458131406610805841e-04 -3.059490531343717068e-04 -7.393691501999332489e-04 -1.428989198473912898e-04
1.361009485246749947e-03 -7.742601651422083156e-04 -4.422654452520408119e-04 -1.772773640479766502e-04 1.166150249672571646e-04 0.000000000000000000e+00 6.643202994744946098e-04 1.278715264901504633e-04 -2.281629172365317519e-05 -1.871499077243441833e-04 5.071608080762364480e-04 2.861942490096487613e-04
1.053668015199528494e-03 -6.114428402839239491e-04 8.883774081880352206e-04 1.172760839094846326e-04 5.737974262778151521e-04 6.643202994744946098e-04 0.000000000000000000e+00 3.740264402238379737e-04 -4.173095038276000679e-04 -4.781232679475958089e-04 -9.443548164631163045e-04 -9.265257238546731246e-04
7.841908962583514281e-04 2.614807241826728372e-04 7.277318476408345560e-06 1.621612554748478685e-04 7.565541626886789286e-04 1.278715264901504633e-04 3.740264402238379737e-04 0.000000000000000000e+00 6.614795147421770240e-04 5.127325635444018680e-05 3.620003025764611908e-04 2.143185312371159734e-04
2.132622943528252307e-03 6.816118977133181142e-04 1.234503192175418883e-03 2.299520244580297143e-04 -4.458131406610805841e-04 -2.281629172365317519e-05 -4.173095038276000679e-04 6.614795147421770240e-04 0.000000000000000000e+00 -4.618547680245937244e-04 3.323196119204747685e-04 7.852711489295268431e-04
1.670196473438852235e-04 1.052869870963666537e-03 -4.628952666653476326e-04 2.697730985738274931e-04 -3.059490531343717068e-04 -1.871499077243441833e-04 -4.781232679475958089e-04 5.127325635444018680e-05 -4.618547680245937244e-04 0.000000000000000000e+00 -4.922339121914326475e-04 -2.549159283225916305e-04
-7.028482566558033303e-04 -1.771815638678656555e-03 5.326955403264360678e-04 -2.933061375714153193e-04 -7.393691501999332489e-04 5.071608080762364480e-04 -9.443548164631163045e-04 3.620003025764611908e-04 3.323196119204747685e-04 -4.922339121914326475e-04 0.000000000000000000e+00 6.454156396234756983e-04
2.494293653244739734e-04 -2.049767067480569825e-03 8.175987419886867745e-05 1.296496545025866407e-04 -1.428989198473912898e-04 2.861942490096487613e-04 -9.265257238546731246e-04 2.143185312371159734e-04 7.852711489295268431e-04 -2.549159283225916305e-04 6.454156396234756983e-04 0.000000000000000000e+00
