0.000000000000000000e+00 3.094499262025685775e-04 -2.019594528078649158e-04 7.355548430224891901e-04 5.653047834776948107e-04 -2.089593503460615044e-04 -3.614939754397169039e-04 2.429352884361302904e-04 -1.630749093631215108e-04 1.327822097043000033e-04 6.020307363989434591e-05 4.628871134077254187e-05
3.094499262025685775e-04 0.000000000000000000e+00 -1.803896440205263879e-03 -2.698213874835791570e-03 1.275496601454805109e-03 -5.207998091321134823e-04 5.000309244627316758e-04 -4.156367821606659772e-04 3.409821099585490299e-04 9.421823623618496321e-05 8.072539067559253000e-04 2.860276904036127021e-04
-2.019594528078649158e-04 -1.803896440205263879e-03 0.000000000000000000e+00 1.532041937082842357e-03 2.532002090458187159e-04 -9.100279665818101354e-05 2.107581653715594812e-04 -1.177802935216446938e-04 3.674984082960927470e-04 2.625382201950403013e-04 4.097633594681867708e-04 1.321510870331489085e-03
7.355548430224891901e-04 -2.698213874835791570e-03 1.532041937082842357e-03 0.000000000000000000e+00 1.860625566609649039e-03 -3.505774310365330462e-04 5.906357853091586839e-04 -3.584119854755015984e-04 -1.111841815770709633e-04 -3.014569005237763928e-04 -1.203772499294528554e-03 -2.648157669362154621e-03
5.653047834776948107e-04 1.275496601454805109e-03 2.532002090458187159e-04 1.860625566609649039e-03 0.000000000000000000e+00 6.057775487503231195e-04 9.476382569074134161e-04 4.537046427716742432e-04 5.893638500055348997e-04 3.874455123231617466e-04 8.988127595612912775e-04 -1.133055221221688374e-04
-2.089593503460615044e-04 -5.207998091321134823e-04 -9.100279665818101354e-05 -3.505774310365330462e-04 6.057775487503231195e-04 0.000000000000000000e+00 1.460635127523521207e-04 1.955430541628253830e-04 -3.984940700694877521e-04 3.551866131920538932e-04 -1.842320413812342892e-04 -9.845923190110747805e-04
-3.614939754397169039e-04 5.000309244627316758e-04 2.107581653715594812e-04 5.906357853091586839e-04 9.476382569074134161e-04 1.460635127523521207e-04 0.000000000000000000e+00 1.061530715033181979e-04 -1.468384299054166509e-04 -4.211849729141554466e-04 1.913016266175996359e-04 1.073204855903015908e-03
2.429352884361302904e-04 -4.156367821606659772e-04 -1.177802935216446938e-04 -3.584119854755015984e-04 4.537046427716742432e-04 1.955430541628253830e-04 1.061530715033181979e-04 0.000000000000000000e+00 -3.283349882228144565e-04 -1.651589965139853365e-04 3.205171372975628395e-04 3.828812648069437972e-04
-1.630749093631215108e-04 3.409821099585490299e-04 3.674984082960927470e-04 -1.111841815770709633e-04 5.893638500055348997e-04 -3.984940700694877521e-04 -1.468384299054166509e-04 -3.283349882228144565e-04 0.000000000000000000e+00 -1.076249765201258546e-04 2.466062173723261022e-04 -1.719652411709807530e-04
1.327822097043000033e-04 9.421823623618496321e-05 2.625382201950403013e-04 -3.014569005237763928e-04 3.874455123231617466e-04 3.551866131920538932e-04 -4.211849729141554466e-04 -1.651589965139853365e-04 -1.076249765201258546e-04 0.000000000000000000e+00 3.575623734459983170e-04 -4.922787592399459465e-06
6.020307363989434591e-05 8.072539067559253000e-04 4.097633594681867708e-04 -1.203772499294528554e-03 8.988127595612912775e-04 -1.842320413812342892e-04 1.913016266175996359e-04 3.205171372975628395e-04 2.466062173723261022e-04 3.575623734459983170e-04 0.000000000000000000e+00 1.456344762489455947e-03
4.628871134077254187e-05 2.860276904036127021e-04 1.321510870331489085e-03 -2.648157669362154621e-03 -1.133055221221688374e-04 -9.845923190110747805e-04 1.073204855903015908e-03 3.828812648069437972e-04 -1.719652411709807530e-04 -4.922787592399459465e-06 1.456344762489455947e-03 0.000000000000000000e+00
