0.000000000000000000e+00 -5.539148300190441330e-04 -1.021716000317004006e-04 -1.085842545458535384e-03 -3.426122219175540542e-04 2.848565642974717582e-04 -4.314506626906857985e-04 1.842406760727607201e-04 -2.105760097058754512e-04 -4.814913988574922969e-04 2.876431627343884888e-04 9.448656720331727365e-04
-5.539148300190441330e-04 0.000000000000000000e+00 -2.799287955999873469e-04 -3.096564938462148758e-05 -1.779917658119180898e-03 1.222295733071466573e-03 4.833708697404581224e-05 8.172610164238151148e-04 5.878331462308017267e-04 7.714590307059691811e-04 -5.534178813816138017e-04 -1.536149004535471282e-03
-1.021716000317004006e-04 -2.799287955999873469e-04 0.000000000000000000e+00 -3.787560385406876264e-04 4.077387102426303250e-04 1.004642515162500394e-04 -3.247163057371378224e-04 2.249929651199714391e-04 2.995276269323867086e-04 -3.750806119843535678e-04 -3.947719392903007904e-04 1.011261084565602845e-03
-1.085842545458535384e-03 -3.096564938462148758e-05 -3.787560385406876264e-04 0.000000000000000000e+00 2.181279728242582067e-03 1.383579074856380983e-04 -1.807092079293777000e-03 -2.847681170940501898e-04 -2.276547471507669573e-03 9.547472674027170873e-04 1.127845443291837849e-03 8.135450196304653755e-04
-3.426122219175540542e-04 -1.779917658119180898e-03 4.077387102426303250e-04 2.181279728242582067e-03 0.000000000000000000e+00 -4.130496421763400945e-05 -1.339580225681599865e-03 8.585246609532170116e-04 8.209219229592788379e-04 1.156411274594366760e-03 2.782093928939189699e-04 -1.064428310236130264e-03
2.848565642974717582e-04 1.222295733071466573e-03 1.004642515162500394e-04 1.383579074856380983e-04 -4.130496421763400945e-05 0.000000000000000000e+00 -2.726273200349396339e-04 2.077794308862465546e-04 3.228456594222038427e-04 1.501648890948158578e-04 -1.152150221697474159e-04 3.745920115861574155e-04
-4.314506626906857985e-04 4.833708697404581224e-05 -3.247163057371378224e-04 -1.807092079293777000e-03 -1.339580225681599865e-03 -2.726273200349396339e-04 0.000000000000000000e+00 2.070628920249034503e-04 2.890875291144804661e-04 5.473140748240555055e-04 3.600997739609843951e-04 -1.979287182540167157e-03
1.842406760727607201e-04 8.172610164238151148e-04 2.249929651199714391e-04 -2.847681170940501898e-04 8.585246609532170116e-04 2.077794308862465546e-04 2.070628920249034503e-04 0.000000000000000000e+00 -3.695132281703274917e-04 -2.137519914018290738e-04 -7.191796913533827389e-05 -5.947592702587188758e-04
-2.105760097058754512e-04 5.878331462308017267e-04 2.995276269323867086e-04 -2.276547471507669573e-03 8.209219229592788379e-04 3.228456594222038427e-04 2.890875291144804661e-04 -3.695132281703274917e-04 0.000000000000000000e+00 2.742477556726358808e-04 1.024002285432865588e-04 3.471588426527310927e-04
-4.814913988574922969e-04 7.714590307059691811e-04 -3.750806119843535678e-04 9.547472674027170873e-04 1.156411274594366760e-03 1.501648890948158578e-04 5.473140748240555055e-04 -2.137519914018290738e-04 2.742477556726358808e-04 0.000000000000000000e+00 3.826328763605450507e-04 -7.509402141115883392e-04
2.876431627343884888e-04 -5.534178813816138017e-04 -3.947719392903007904e-04 1.127845443291837849e-03 2.782093928939189699e-04 -1.152150221697474159e-04 3.600997739609843951e-04 -7.191796913533827389e-05 1.024002285432865588e-04 3.826328763605450507e-04 0.000000000000000000e+00 1.827561036180937052e-03
9.448656720331727365e-04 -1.536149004535471282e-03 1.011261084565602845e-03 8.135450196304653755e-04 -1.064428310236130264e-03 3.745920115861574155e-04 -1.979287182540167157e-03 -5.947592702587188758e-04 3.471588426527310927e-04 -7.509402141115883392e-04 1.827561036180937052e-03 0.000000000000000000e+00
