0.000000000000000000e+00 -5.491631998653356264e-04 3.586852122743118695e-04 -6.043855395723032138e-04 8.243173471792201350e-04 1.967533042716950028e-04 5.146850987909782965e-04 -1.133151464704227403e-04 2.215921205824476748e-04 -2.578863207945125127e-04 -5.010337476157699765e-04 6.640082339930234194e-04
-5.491631998653356264e-04 0.000000000000000000e+00 3.996098221281850168e-04 1.081327584047908326e-03 -2.375953452359814630e-03 -2.111447677476556753e-04 8.597125420028483081e-04 -5.237377292702283292e-04 1.063221938986000110e-03 -5.104290684549964065e-04 1.392584233793365839e-03 4.175145678557669153e-03
3.586852122743118695e-04 3.996098221281850168e-04 0.000000000000000000e+00 -3.287901506900509335e-05 -1.048955944429702698e-03 -9.680998758614720696e-05 -5.104584808781312440e-04 -2.216222663043626627e-04 -1.238940467033237340e-04 -2.260890520749182266e-04 -6.938267753475185371e-04 9.447271241062220673e-04
-6.043855395723032138e-04 1.081327584047908326e-03 -3.287901506900509335e-05 0.000000000000000000e+00 2.081701951254264198e-03 1.264903595159309153e-03 -1.035018914754898961e-03 6.700499225446107264e-04 1.532712878610356872e-03 -1.962227692238437940e-04 -3.355827989996048818e-04 3.797581922358019349e-03
8.243173471792201350e-04 -2.375953452359814630e-03 -1.048955944429702698e-03 2.081701951254264198e-03 0.000000000000000000e+00 -6.803563085637846742e-04 1.793390583246186982e-03 1.931713370130454656e-04 1.544880114061412111e-04 -7.972379057406081765e-04 -9.112243179847857215e-04 -2.388108653396511707e-03
1.967533042716950028e-04 -2.111447677476556753e-04 -9.680998758614720696e-05 1.264903595159309153e-03 -6.803563085637846742e-04 0.000000000000000000e+00 3.403996565806628499e-04 -6.550768042306536311e-04 -2.102726756892314090e-04 -1.817028086685767388e-04 -6.928509680656701967e-05 4.730868453418086549e-04
5.146850987909782965e-04 8.597125420028483081e-04 -5.104584808781312440e-04 -1.035018914754898961e-03 1.793390583246186982e-03 3.403996565806628499e-04 0.000000000000000000e+00 2.003934383254565149e-04 -9.044400539799706202e-04 -1.096873974689208494e-04 2.845460513077227691e-04 1.210994582359837450e-04
-1.133151464704227403e-04 -5.237377292702283292e-04 -2.216222663043626627e-04 6.700499225446107264e-04 1.931713370130454656e-04 -6.550768042306536311e-04 2.003934383254565149e-04 0.000000000000000000e+00 -4.582769703964816905e-05 -3.233892652386118256e-04 -1.054450023794165466e-04 6.118138904091220904e-04
2.215921205824476748e-04 1.063221938986000110e-03 -1.238940467033237340e-04 1.532712878610356872e-03 1.544880114061412111e-04 -2.102726756892314090e-04 -9.044400539799706202e-04 -4.582769703964816905e-05 0.000000000000000000e+00 -6.628605710104513039e-04 3.334454349810273563e-05 -1.187429730243748979e-03
-2.578863207945125127e-04 -5.104290684549964065e-04 -2.260890520749182266e-04 -1.962227692238437940e-04 -7.972379057406081765e-04 -1.817028086685767388e-04 -1.096873974689208494e-04 -3.233892652386118256e-04 -6.628605710104513039e-04 0.000000000000000000e+00 8.014493086164128921e-04 -7.457581447371850305e-04
-5.010337476157699765e-04 1.392584233793365839e-03 -6.938267753475185371e-04 -3.355827989996048818e-04 -9.112243179847857215e-04 -6.928509680656701967e-05 2.845460513077227691e-04 -1.054450023794165466e-04 3.334454349810273563e-05 8.014493086164128921e-04 0.000000000000000000e+00 -1.031967582323710880e-04
6.640082339930234194e-04 4.175145678557669153e-03 9.447271241062220673e-04 3.797581922358019349e-03 -2.388108653396511707e-03 4.730868453418086549e-04 1.210994582359837450e-04 6.118138904091220904e-04 -1.187429730243748979e-03 -7.457581447371850305e-04 -1.031967582323710880e-04 0.000000000000000000e+00
