0.000000000000000000e+00 4.421122421912949442e-04 -1.236866350600524455e-04 5.940600225085026988e-05 1.487957621275095264e-04 -1.350160290698284768e-04 1.134859887344342533e-04 3.270761792154823900e-04 -4.095658770558769529e-04 -1.753283718888241848e-05 2.439130061629622107e-04 7.066909699907658214e-04
4.421122421912949442e-04 0.000000000000000000e+00 5.081113385218069415e-04 -1.896166809492831401e-03 3.263986140494534705e-04 -7.843654746223214548e-04 -2.317442069224137288e-04 -1.982511350325741892e-04 4.188031450498950364e-04 1.005313473937262999e-03 -6.464895564909955202e-04 -3.280580109645156000e-05
-1.236866350600524455e-04 5.081113385218069415e-04 0.000000000000000000e+00 -8.734888601950603192e-04 -3.434266046798956475e-04 -2.441341485365229971e-04 -2.889989456916152409e-04 -1.588599199403718364e-04 5.546817364741748416e-04 6.396573545877724115e-05 -3.474895514847615367e-04 -2.564425888438874503e-04
5.940600225085026988e-05 -1.896166809492831401e-03 -8.734888601950603192e-04 0.000000000000000000e+00 1.419784924681592037e-03 -3.752442309617747170e-04 -1.408159786851518160e-03 -8.372634155217132659e-04 7.398733908986715544e-04 3.328717131038812747e-04 6.883451592485109001e-04 -1.249721052706314868e-03
1.487957621275095264e-04 3.263986140494534705e-04 -3.434266046798956475e-04 1.419784924681592037e-03 0.000000000000000000e+00 -6.014893883157000978e-04 -3.214678283845442595e-04 -5.108565042684796911e-04 -1.470035156705109137e-03 -2.204149322780244672e-04 -1.031813034063439537e-04 1.169781276912795591e-03
-1.350160290698284768e-04 -7.843654746223214548e-04 -2.441341485365229971e-04 -3.752442309617747170e-04 -6.014893883157000978e-04 0.000000000000000000e+00 4.570402111335875300e-04 1.715732981180446059e-04 6.859973253759606973e-04 -7.482421323934785142e-05 6.907535376963347276e-04 -2.865849893584752916e-04
1.134859887344342533e-04 -2.317442069224137288e-04 -2.889989456916152409e-04 -1.408159786851518160e-03 -3.214678283845442595e-04 4.570402111335875300e-04 0.000000000000000000e+00 5.482956292322655432e-04 -7.643767451849588657e-04 6.090016118339232256e-04 6.855831943465076628e-04 -1.736559961520623579e-04
3.270761792154823900e-04 -1.982511350325741892e-04 -1.588599199403718364e-04 -8.372634155217132659e-04 -5.108565042684796911e-04 1.715732981180446059e-04 5.482956292322655432e-04 0.000000000000000000e+00 -1.430251563208499483e-04 2.051333038371323770e-04 -5.127488495171491625e-04 -4.534990555194111741e-04
-4.095658770558769529e-04 4.188031450498950364e-04 5.546817364741748416e-04 7.398733908986715544e-04 -1.470035156705109137e-03 6.859973253759606973e-04 -7.643767451849588657e-04 -1.430251563208499483e-04 0.000000000000000000e+00 1.219583473581134373e-04 -7.039316172438847812e-04 -1.645226867017926921e-03
-1.753283718888241848e-05 1.005313473937262999e-03 6.396573545877724115e-05 3.328717131038812747e-04 -2.204149322780244672e-04 -7.482421323934785142e-05 6.090016118339232256e-04 2.051333038371323770e-04 1.219583473581134373e-04 0.000000000000000000e+00 8.031162250863440807e-04 -3.689641569916948176e-04
2.439130061629622107e-04 -6.464895564909955202e-04 -3.474895514847615367e-04 6.883451592485109001e-04 -1.031813034063439537e-04 6.907535376963347276e-04 6.855831943465076628e-04 -5.127488495171491625e-04 -7.039316172438847812e-04 8.031162250863440807e-04 0.000000000000000000e+00 1.536346521586628554e-03
7.066909699907658214e-04 -3.280580109645156000e-05 -2.564425888438874503e-04 -1.249721052706314868e-03 1.169781276912795591e-03 -2.865849893584752916e-04 -1.736559961520623579e-04 -4.534990555194111741e-04 -1.645226867017926921e-03 -3.689641569916948176e-04 1.536346521586628554e-03 0.000000000000000000e+00
