0.000000000000000000e+00 1.919950374510882992e-04 7.236634285742996791e-04 6.265208894650353626e-06 -2.728524213880257330e-04 5.985741893311699694e-05 -1.911270703806359995e-04 -2.925556270020414937e-04 3.929653980464621133e-04 1.312508179874078351e-04 8.585574121760493945e-04 -8.249247538284874707e-04
1.919950374510882992e-04 0.000000000000000000e+00 -4.770921898318852155e-04 2.298967713597675593e-03 2.779180244305703290e-03 3.399449201118703314e-04 1.777819475410863598e-03 2.684678929533345281e-04 -7.066509712009924225e-04 -4.570724022778565785e-04 1.063788317812220090e-03 2.765420204554487052e-04
7.236634285742996791e-04 -4.770921898318852155e-04 0.000000000000000000e+00 -1.657945491128560425e-03 -1.370090970538320740e-03 6.925226433449850269e-04 5.478214405104307164e-05 -2.317528636581802097e-04 -1.054723639559303986e-03 2.703223958259444275e-04 -1.794045344761078273e-04 -3.528867377894211459e-04
6.265208894650353626e-06 2.298967713597675593e-03 -1.657945491128560425e-03 0.000000000000000000e+00 -1.283490820240088936e-03 -1.048279443343416717e-03 -7.942534015200243417e-04 2.374615465649033985e-04 -2.051402167825053626e-04 -5.525242895699548039e-04 -1.232951334151732685e-03 -2.576513786666025183e-03
-2.728524213880257330e-04 2.779180244305703290e-03 -1.370090970538320740e-03 -1.283490820240088936e-03 0.000000000000000000e+00 1.104257990869821505e-03 1.023281009766397343e-03 3.748878491640782098e-04 -4.733697275230417160e-05 -8.356717930053757367e-04 -1.918101807234879545e-04 -1.266063080061517526e-03
5.985741893311699694e-05 3.399449201118703314e-04 6.925226433449850269e-04 -1.048279443343416717e-03 1.104257990869821505e-03 0.000000000000000000e+00 -4.642049861938615622e-05 2.108233630040573796e-04 -3.075294292333229464e-04 1.091369986247447526e-04 -7.520241667031267885e-04 -1.545951260094681739e-03
-1.911270703806359995e-04 1.777819475410863598e-03 5.478214405104307164e-05 -7.942534015200243417e-04 1.023281009766397343e-03 -4.642049861938615622e-05 0.000000000000000000e+00 -2.210150347500188048e-04 5.316517311709012322e-04 7.111220511659138580e-04 3.012296857240798664e-04 -7.591827264939943675e-04
-2.925556270020414937e-04 2.684678929533345281e-04 -2.317528636581802097e-04 2.374615465649033985e-04 3.748878491640782098e-04 2.108233630040573796e-04 -2.210150347500188048e-04 0.000000000000000000e+00 -1.871552794827563209e-05 2.530054095980202090e-04 2.378119207730729106e-05 9.039862873633019514e-04
3.929653980464621133e-04 -7.066509712009924225e-04 -1.054723639559303986e-03 -2.051402167825053626e-04 -4.733697275230417160e-05 -3.075294292333229464e-04 5.316517311709012322e-04 -1.871552794827563209e-05 0.000000000000000000e+00 1.008669023322096765e-04 5.184294378543324823e-04 2.197745239092520277e-04
1.312508179874078351e-04 -4.570724022778565785e-04 2.703223958259444275e-04 -5.525242895699548039e-04 -8.356717930053757367e-04 1.091369986247447526e-04 7.111220511659138580e-04 2.530054095980202090e-04 1.008669023322096765e-04 0.000000000000000000e+00 7.877312457078217752e-04 -3.220006545270057488e-04
8.585574121760493945e-04 1.063788317812220090e-03 -1.794045344761078273e-04 -1.232951334151732685e-03 -1.918101807234879545e-04 -7.520241667031267885e-04 3.012296857240798664e-04 2.378119207730729106e-05 5.184294378543324823e-04 7.877312457078217752e-04 0.000000000000000000e+00 1.348788074256109144e-03
-8.249247538284874707e-04 2.765420204554487052e-04 -3.528867377894211459e-04 -2.576513786666025183e-03 -1.266063080061517526e-03 -1.545951260094681739e-03 -7.591827264939943675e-04 9.039862873633019514e-04 2.197745239092520277e-04 -3.220006545270057488e-04 1.348788074256109144e-03 0.000000000000000000e+00
