0.000000000000000000e+00 -2.455472736626873316e-04 -1.976386834277092484e-05 3.099039438533675241e-04 -2.618904715926394797e-04 3.570429432105076510e-04 -1.655071392977159261e-04 -5.775821701551407238e-04 -1.412932128193162442e-05 -1.222626744489646601e-05 -6.984494675891659210e-04 -6.513758614037493458e-05
-2.455472736626873316e-04 0.000000000000000000e+00 1.579016433055272544e-05 1.272682100211106255e-04 5.142649191483721814e-05 -1.518933674071771417e-04 -3.865362113357045655e-04 3.465388760864913519e-04 -9.161937743034823762e-05 -3.360317194093572087e-04 4.250118436125627144e-04 -1.011288204216601689e-03
-1.976386834277092484e-05 1.579016433055272544e-05 0.000000000000000000e+00 7.614235661107965911e-04 6.496149835587601172e-04 -5.734782817003919496e-04 2.632953453694104797e-03 -2.876248367931859545e-03 -1.277149458188083821e-03 -6.422105813656119478e-04 -6.232255278768694239e-04 6.762420681215467822e-04
3.099039438533675241e-04 1.272682100211106255e-04 7.614235661107965911e-04 0.000000000000000000e+00 -4.571363223961136257e-04 -2.992520862157664399e-05 -1.139276262567459738e-04 5.107311895350358320e-04 -5.664558498447131536e-04 -1.410535256359700320e-04 8.191531895395285311e-06 -7.877112634321693828e-04
-2.618904715926394797e-04 5.142649191483721814e-05 6.496149835587601172e-04 -4.571363223961136257e-04 0.000000000000000000e+00 -7.599040994635515925e-04 1.110540594474126530e-03 6.788353881255125523e-04 7.030597527938406291e-04 -8.274288281622299893e-05 -7.745506549417273054e-04 -1.359623099829372975e-03
3.570429432105076510e-04 -1.518933674071771417e-04 -5.734782817003919496e-04 -2.992520862157664399e-05 -7.599040994635515925e-04 0.000000000000000000e+00 5.756201695846462334e-04 3.040539360585024493e-04 -6.877941893029252589e-04 1.081346461814835841e-04 6.441621945208783207e-06 1.375470941908542972e-04
-1.655071392977159261e-04 -3.865362113357045655e-04 2.632953453694104797e-03 -1.139276262567459738e-04 1.110540594474126530e-03 5.756201695846462334e-04 0.000000000000000000e+00 -5.136770243640087844e-04 -5.141820842493926907e-04 6.777092847745743364e-04 2.249341435116692484e-04 2.744589237503794812e-03
-5.775821701551407238e-04 3.465388760864913519e-04 -2.876248367931859545e-03 5.107311895350358320e-04 6.788353881255125523e-04 3.040539360585024493e-04 -5.136770243640087844e-04 0.000000000000000000e+00 1.411910168766836605e-03 -4.412659336472461421e-04 1.561547815477788963e-04 1.613859040183658958e-03
-1.412932128193162442e-05 -9.161937743034823762e-05 -1.277149458188083821e-03 -5.664558498447131536e-04 7.030597527938406291e-04 -6.877941893029252589e-04 -5.141820842493926907e-04 1.411910168766836605e-03 0.000000000000000000e+00 1.635463796945335548e-04 -5.707322683669878221e-04 1.537372836300554373e-03
-1.222626744489646601e-05 -3.360317194093572087e-04 -6.422105813656119478e-04 -1.410535256359700320e-04 -8.274288281622299893e-05 1.081346461814835841e-04 6.777092847745743364e-04 -4.412659336472461421e-04 1.635463796945335548e-04 0.000000000000000000e+00 6.731654269823586327e-04 -2.880350911755861945e-04
-6.984494675891659210e-04 4.250118436125627144e-04 -6.232255278768694239e-04 8.191531895395285311e-06 -7.745506549417273054e-04 6.441621945208783207e-06 2.249341435116692484e-04 1.561547815477788963e-04 -5.707322683669878221e-04 6.731654269823586327e-04 0.000000000000000000e+00 -8.399717791582441209e-04
-6.513758614037493458e-05 -1.011288204216601689e-03 6.762420681215467822e-04 -7.877112634321693828e-04 -1.359623099829372975e-03 1.375470941908542972e-04 2.744589237503794812e-03 1.613859040183658958e-03 1.537372836300554373e-03 -2.880350911755861945e-04 -8.399717791582441209e-04 0.000000000000000000e+00
