0.000000000000000000e+00 -1.624826625461301354e-04 5.993337819546415163e-04 -8.688959495550478533e-05 -5.326794343718439274e-04 2.882827620392420945e-04 6.085536096340828658e-04 -1.156338797635547537e-04 1.087147818759791660e-04 2.927194172206241387e-04 2.524050202168914001e-04 8.402103929492559051e-04
-1.624826625461301354e-04 0.000000000000000000e+00 4.528391054626146805e-04 7.764829011290659761e-05 -4.328006181311341177e-04 2.480229530816517484e-06 1.651974135062375898e-04 2.750859877223121768e-05 3.160062045758825163e-04 3.038357911644539041e-04 5.553323772283980429e-05 -1.025244478062013097e-04
5.993337819546415163e-04 4.528391054626146805e-04 0.000000000000000000e+00 1.738593611031610483e-04 -1.040418963840444291e-03 5.075302418494129610e-04 5.163071943539781442e-04 3.892158736313505773e-04 -1.320245004446214286e-03 -3.194387988712711233e-04 1.276693451785493316e-03 -1.234944688584357041e-03
-8.688959495550478533e-05 7.764829011290659761e-05 1.738593611031610483e-04 0.000000000000000000e+00 1.160606773407428440e-04 -1.240153296422484726e-04 -2.312393823674019550e-04 -8.903436391078168363e-04 -6.858635080578291134e-05 4.505304118776191262e-04 -1.025716136170518413e-04 -1.201668131133674152e-03
-5.326794343718439274e-04 -4.328006181311341177e-04 -1.040418963840444291e-03 1.160606773407428440e-04 0.000000000000000000e+00 4.829160082026810567e-04 8.227697444781120750e-04 -8.278628730345978038e-04 -1.473858326108724046e-04 -9.972015668680278555e-04 4.180114680629181019e-04 -2.062638108383832609e-03
2.882827620392420945e-04 2.480229530816517484e-06 5.075302418494129610e-04 -1.240153296422484726e-04 4.829160082026810567e-04 0.000000000000000000e+00 7.924849135348772857e-04 -5.771293493556233249e-04 -3.029104086364132662e-04 -2.272770680821620997e-04 2.049000562853643358e-05 -3.587008453743097710e-04
6.085536096340828658e-04 1.651974135062375898e-04 5.163071943539781442e-04 -2.312393823674019550e-04 8.227697444781120750e-04 7.924849135348772857e-04 0.000000000000000000e+00 1.384797360892669159e-03 -7.459898765748556324e-04 1.170847800481576023e-03 2.935345961445647283e-04 -2.476430719667640969e-03
-1.156338797635547537e-04 2.750859877223121768e-05 3.892158736313505773e-04 -8.903436391078168363e-04 -8.278628730345978038e-04 -5.771293493556233249e-04 1.384797360892669159e-03 0.000000000000000000e+00 9.316869057099364491e-04 2.495847272616651095e-05 1.148893441284920070e-03 2.090396207220260273e-04
1.087147818759791660e-04 3.160062045758825163e-04 -1.320245004446214286e-03 -6.858635080578291134e-05 -1.473858326108724046e-04 -3.029104086364132662e-04 -7.459898765748556324e-04 9.316869057099364491e-04 0.000000000000000000e+00 6.412695624110176891e-04 4.435657857754012751e-04 -1.174416382942044569e-03
2.927194172206241387e-04 3.038357911644539041e-04 -3.194387988712711233e-04 4.505304118776191262e-04 -9.972015668680278555e-04 -2.272770680821620997e-04 1.170847800481576023e-03 2.495847272616651095e-05 6.412695624110176891e-04 0.000000000000000000e+00 -7.866429413985099759e-04 -1.279165682589294625e-03
2.524050202168914001e-04 5.553323772283980429e-05 1.276693451785493316e-03 -1.025716136170518413e-04 4.180114680629181019e-04 2.049000562853643358e-05 2.935345961445647283e-04 1.148893441284920070e-03 4.435657857754012751e-04 -7.866429413985099759e-04 0.000000000000000000e+00 -7.666849392911168981e-04
8.402103929492559051e-04 -1.025244478062013097e-04 -1.234944688584357041e-03 -1.201668131133674152e-03 -2.062638108383832609e-03 -3.587008453743097710e-04 -2.476430719667640969e-03 2.090396207220260273e-04 -1.174416382942044569e-03 -1.279165682589294625e-03 -7.666849392911168981e-04 0.000000000000000000e+00
