0.000000000000000000e+00 7.646674251204831573e-05 -3.521820262076956649e-04 -3.967728445378994545e-04 -7.146003597026184080e-04 4.108676296359413480e-04 -2.189447954783606417e-04 -6.439291849168189523e-04 -1.507786596090142307e-04 -4.056470974456004991e-04 1.381431153288041733e-04 -3.688082842882613177e-04
7.646674251204831573e-05 0.000000000000000000e+00 2.513899560899539808e-04 -2.157919102903251409e-04 3.859702159717622494e-04 4.488302977889691535e-05 -5.212168011974053139e-04 -6.294961294198764051e-04 -1.872852487677556424e-04 -3.601867806406160296e-04 2.073304966996940789e-04 1.009583804655934643e-03
-3.521820262076956649e-04 2.513899560899539808e-04 0.000000000000000000e+00 4.213144898015749483e-04 4.363514543054736357e-04 -9.342186782311619664e-05 2.890015468533907970e-03 -9.389488764199837830e-04 2.361939269857821384e-03 9.395093949063082223e-04 3.960775266415537130e-04 2.972414411101484931e-03
-3.967728445378994545e-04 -2.157919102903251409e-04 4.213144898015749483e-04 0.000000000000000000e+00 -3.571780831454570869e-04 5.425478108201443509e-05 8.590920138688701302e-04 4.758051036382553558e-04 -3.774179789737555310e-04 5.612353851930531158e-04 1.989488523273404402e-04 -3.044889880121758735e-04
-7.146003597026184080e-04 3.859702159717622494e-04 4.363514543054736357e-04 -3.571780831454570869e-04 0.000000000000000000e+00 1.780721640037077484e-05 -1.398194340940503216e-03 -1.175222389396049982e-03 -9.641662409339457791e-04 7.379725977856957148e-05 -3.751597561774675568e-04 9.976798939693727174e-04
4.108676296359413480e-04 4.488302977889691535e-05 -9.342186782311619664e-05 5.425478108201443509e-05 1.780721640037077484e-05 0.000000000000000000e+00 1.276274724676569605e-04 1.988259932362352505e-04 2.269938560619598857e-04 3.410854794238216375e-04 -3.748998026789059166e-04 5.424977080787261527e-04
-2.189447954783606417e-04 -5.212168011974053139e-04 2.890015468533907970e-03 8.590920138688701302e-04 -1.398194340940503216e-03 1.276274724676569605e-04 0.000000000000000000e+00 -1.029076346120474375e-03 -1.756916512539018899e-03 7.612530107623548042e-04 -3.867254927164072605e-04 8.291835998191390660e-04
-6.439291849168189523e-04 -6.294961294198764051e-04 -9.389488764199837830e-04 4.758051036382553558e-04 -1.175222389396049982e-03 1.988259932362352505e-04 -1.029076346120474375e-03 0.000000000000000000e+00 -2.390296444158952326e-03 -6.478031450010178841e-04 1.111417850730591836e-03 2.068993427689532535e-03
-1.507786596090142307e-04 -1.872852487677556424e-04 2.361939269857821384e-03 -3.774179789737555310e-04 -9.641662409339457791e-04 2.269938560619598857e-04 -1.756916512539018899e-03 -2.390296444158952326e-03 0.000000000000000000e+00 6.147143900328859087e-04 5.290285810244543157e-04 -2.406483331756094877e-03
-4.056470974456004991e-04 -3.601867806406160296e-04 9.395093949063082223e-04 5.612353851930531158e-04 7.379725977856957148e-05 3.410854794238216375e-04 7.612530107623548042e-04 -6.478031450010178841e-04 6.147143900328859087e-04 0.000000000000000000e+00 5.792836787682540225e-05 -1.465073269745380334e-04
1.381431153288041733e-04 2.073304966996940789e-04 3.960775266415537130e-04 1.989488523273404402e-04 -3.751597561774675568e-04 -3.748998026789059166e-04 -3.867254927164072605e-04 1.111417850730591836e-03 5.290285810244543157e-04 5.792836787682540225e-05 0.000000000000000000e+00 5.884988337762327507e-04
-3.688082842882613177e-04 1.009583804655934643e-03 2.972414411101484931e-03 -3.044889880121758735e-04 9.976798939693727174e-04 5.424977080787261527e-04 8.291835998191390660e-04 2.068993427689532535e-03 -2.406483331756094877e-03 -1.465073269745380334e-04 5.884988337762327507e-04 0.000000000000000000e+00
