0.000000000000000000e+00 -1.967537885198314114e-04 1.221482470514226835e-03 3.764506997043022183e-04 2.009680813460389993e-04 1.017131029361316983e-04 1.500281585185393534e-04 -1.537445450244878187e-03 1.047019309604079514e-04 4.025117056823003306e-06 4.223635237155155429e-04 7.822752913579593794e-04
-1.967537885198314114e-04 0.000000000000000000e+00 -7.769600517716747444e-05 -7.882615617843745880e-05 -3.427025011519978974e-04 -2.080799733430586430e-04 3.991274808136991196e-04 -6.118175931567096902e-04 -5.087038296087643876e-04 -4.862695281032985073e-04 -5.856312892039819201e-04 3.728603944784229947e-04
1.221482470514226835e-03 -7.769600517716747444e-05 0.000000000000000000e+00 7.162349461969059290e-04 1.345176527066905105e-03 6.531980158737430917e-04 8.036916286177246465e-04 -1.763511153702745785e-03 -4.525110457870097137e-04 -8.655743503798490803e-04 2.109928224480296449e-04 -2.339243561643407961e-03
3.764506997043022183e-04 -7.882615617843745880e-05 7.162349461969059290e-04 0.000000000000000000e+00 4.187869938079040210e-06 -2.484440106358594977e-04 7.419859315267619956e-04 6.593448402091993833e-04 -2.769176564717046722e-05 -2.728379476159686077e-04 -2.454830691109227757e-04 3.307179214328025206e-04
2.009680813460389993e-04 -3.427025011519978974e-04 1.345176527066905105e-03 4.187869938079040210e-06 0.000000000000000000e+00 -1.656060590721251751e-04 3.870804452907070044e-05 5.161382650002805869e-04 -2.200292656524269804e-04 -6.446476884965021432e-04 6.598847553711270977e-04 -1.592470489200226462e-03
1.017131029361316983e-04 -2.080799733430586430e-04 6.531980158737430917e-04 -2.484440106358594977e-04 -1.656060590721251751e-04 0.000000000000000000e+00 -2.472145771563681572e-04 -3.801615162626888027e-04 -5.665531769820556602e-04 -5.307752991250789133e-04 -1.715435405289142650e-04 8.682634822585101218e-04
1.500281585185393534e-04 3.991274808136991196e-04 8.036916286177246465e-04 7.419859315267619956e-04 3.870804452907070044e-05 -2.472145771563681572e-04 0.000000000000000000e+00 -1.369373314703299996e-03 -1.828111612602706295e-03 1.195364964717906230e-03 1.167750775966489237e-05 -4.671440954834824607e-04
-1.537445450244878187e-03 -6.118175931567096902e-04 -1.763511153702745785e-03 6.593448402091993833e-04 5.161382650002805869e-04 -3.801615162626888027e-04 -1.369373314703299996e-03 0.000000000000000000e+00 1.549915585601683481e-03 -4.851917448966504894e-04 -5.923360585030002434e-04 -7.343972588145636620e-04
1.047019309604079514e-04 -5.087038296087643876e-04 -4.525110457870097137e-04 -2.769176564717046722e-05 -2.200292656524269804e-04 -5.665531769820556602e-04 -1.828111612602706295e-03 1.549915585601683481e-03 0.000000000000000000e+00 1.438486044953016566e-04 1.137575108846071307e-03 2.230763692866539940e-03
4.025117056823003306e-06 -4.862695281032985073e-04 -8.655743503798490803e-04 -2.728379476159686077e-04 -6.446476884965021432e-04 -5.307752991250789133e-04 1.195364964717906230e-03 -4.851917448966504894e-04 1.438486044953016566e-04 0.000000000000000000e+00 -2.396337286137937303e-04 -1.222823878220137290e-03
4.223635237155155429e-04 -5.856312892039819201e-04 2.109928224480296449e-04 -2.454830691109227757e-04 6.598847553711270977e-04 -1.715435405289142650e-04 1.167750775966489237e-05 -5.923360585030002434e-04 1.137575108846071307e-03 -2.396337286137937303e-04 0.000000000000000000e+00 1.028371545688659553e-03
7.822752913579593794e-04 3.728603944784229947e-04 -2.339243561643407961e-03 3.307179214328025206e-04 -1.592470489200226462e-03 8.682634822585101218e-04 -4.671440954834824607e-04 -7.343972588145636620e-04 2.230763692866539940e-03 -1.222823878220137290e-03 1.028371545688659553e-03 0.000000000000000000e+00
