0.000000000000000000e+00 -5.864473600570315305e-04 -7.027597119640149360e-04 -6.036616456451365223e-05 -1.829818298677900754e-04 5.606113676367742438e-04 2.210848583590697481e-04 8.177503519696726004e-04 -5.171563153523993112e-04 4.635321921830148971e-04 -1.227882649790673686e-05 -6.568770431925271842e-04
-5.864473600570315305e-04 0.000000000000000000e+00 5.956750188937978132e-04 -3.674745908074302805e-04 -4.466212649722816567e-04 2.532880504433286098e-04 3.631739493716221157e-04 -5.202651801836956618e-05 1.836345846252623556e-04 -2.142264565147159545e-04 8.021165577427660505e-05 -1.670758932984849965e-04
-7.027597119640149360e-04 5.956750188937978132e-04 0.000000000000000000e+00 -7.177498051392388646e-04 -1.409858238543609940e-03 -5.308214777284603119e-04 -2.077599173978564914e-03 -1.625109420162121473e-03 -6.596479863230148748e-04 -1.294569782314773264e-03 8.644705566722109811e-05 -7.888589721448578066e-04
-6.036616456451365223e-05 -3.674745908074302805e-04 -7.177498051392388646e-04 0.000000000000000000e+00 4.717843086196925133e-04 -6.333274126505735577e-07 -8.793654943340058119e-04 6.661555806882303371e-04 -8.221511515780079811e-04 -3.054702052197701741e-04 -3.334990531656500641e-04 3.258380806238430033e-04
-1.829818298677900754e-04 -4.466212649722816567e-04 -1.409858238543609940e-03 4.717843086196925133e-04 0.000000000000000000e+00 -3.763225404393503960e-04 1.720805429129793280e-03 -1.260860766316611661e-03 -7.156235352081159740e-04 6.142932351933476755e-04 1.109799927282163859e-04 1.835198388363303880e-03
5.606113676367742438e-04 2.532880504433286098e-04 -5.308214777284603119e-04 -6.333274126505735577e-07 -3.763225404393503960e-04 0.000000000000000000e+00 5.099558773236516395e-04 -1.721079129172478845e-04 -3.507006705149459344e-04 -2.727875967150542426e-04 1.048807532734791545e-04 6.954815520912085427e-04
2.210848583590697481e-04 3.631739493716221157e-04 -2.077599173978564914e-03 -8.793654943340058119e-04 1.720805429129793280e-03 5.099558773236516395e-04 0.000000000000000000e+00 4.982514456740526863e-04 1.595681993508064932e-03 -3.818325988542471423e-05 3.555863639278960316e-04 2.972295301127737127e-03
8.177503519696726004e-04 -5.202651801836956618e-05 -1.625109420162121473e-03 6.661555806882303371e-04 -1.260860766316611661e-03 -1.721079129172478845e-04 4.982514456740526863e-04 0.000000000000000000e+00 -1.583531284442673843e-03 -2.890371813063078756e-04 -7.169642642213052916e-05 2.133069165110752785e-03
-5.171563153523993112e-04 1.836345846252623556e-04 -6.596479863230148748e-04 -8.221511515780079811e-04 -7.156235352081159740e-04 -3.507006705149459344e-04 1.595681993508064932e-03 -1.583531284442673843e-03 0.000000000000000000e+00 2.648246680746933149e-04 -5.186533643064160847e-04 -8.353067045797441187e-04
4.635321921830148971e-04 -2.142264565147159545e-04 -1.294569782314773264e-03 -3.054702052197701741e-04 6.142932351933476755e-04 -2.727875967150542426e-04 -3.818325988542471423e-05 -2.890371813063078756e-04 2.648246680746933149e-04 0.000000000000000000e+00 4.221325075215032608e-04 -1.908528926964666965e-03
-1.227882649790673686e-05 8.021165577427660505e-05 8.644705566722109811e-05 -3.334990531656500641e-04 1.109799927282163859e-04 1.048807532734791545e-04 3.555863639278960316e-04 -7.169642642213052916e-05 -5.186533643064160847e-04 4.221325075215032608e-04 0.000000000000000000e+00 9.355045596189813430e-04
-6.568770431925271842e-04 -1.670758932984849965e-04 -7.888589721448578066e-04 3.258380806238430033e-04 1.835198388363303880e-03 6.954815520912085427e-04 2.972295301127737127e-03 2.133069165110752785e-03 -8.353067045797441187e-04 -1.908528926964666965e-03 9.355045596189813430e-04 0.000000000000000000e+00
