0.000000000000000000e+00 -8.555578458824336045e-04 7.356921395814104789e-04 4.211908408435445018e-05 5.328925692504072080e-04 -7.057431139222505347e-04 1.834675301441449080e-03 -7.632033744545776467e-04 1.111448218330820560e-03 -1.827622940202359427e-03 2.604713989558820990e-03 3.630022745091262507e-05
-8.555578458824336045e-04 0.000000000000000000e+00 8.607583958314990761e-04 9.913797530325803254e-05 -6.078074080351986500e-04 2.175883154829935477e-04 -1.038954097964568234e-03 -1.481458797852107248e-03 8.348844768085710445e-05 1.165371277911196992e-03 2.344505255659527602e-03 -5.131465774326104306e-04
7.356921395814104789e-04 8.607583958314990761e-04 0.000000000000000000e+00 -4.252406985271683058e-04 7.600069973216271122e-04 6.472850394832748314e-06 5.005284023008448480e-04 1.118465873084650494e-03 1.987042147838714477e-04 2.179888187878418170e-03 4.609753671157572515e-03 8.422951853416288295e-04
4.211908408435445018e-05 9.913797530325803254e-05 -4.252406985271683058e-04 0.000000000000000000e+00 1.272607604525871291e-04 -9.563056392265318001e-05 1.389996164688042017e-04 -4.405235497903301346e-04 4.889826042283414078e-05 -4.491169843582394519e-04 9.750400392677862770e-05 2.233533202048686433e-04
5.328925692504072080e-04 -6.078074080351986500e-04 7.600069973216271122e-04 1.272607604525871291e-04 0.000000000000000000e+00 -3.115717263459973616e-04 -5.956362047299671109e-04 -1.222280801754245094e-04 -8.290930968510759722e-05 1.859528729191991072e-04 -1.653213193796782064e-04 2.365933332725643880e-04
-7.057431139222505347e-04 2.175883154829935477e-04 6.472850394832748314e-06 -9.563056392265318001e-05 -3.115717263459973616e-04 0.000000000000000000e+00 7.552119673908731269e-04 -6.113524555110237679e-04 1.352187956539691342e-04 1.305291863134496366e-04 -9.159042331275582917e-05 5.956728683214522826e-04
1.834675301441449080e-03 -1.038954097964568234e-03 5.005284023008448480e-04 1.389996164688042017e-04 -5.956362047299671109e-04 7.552119673908731269e-04 0.000000000000000000e+00 1.536436212407615550e-03 8.006788430530731868e-04 -1.123211000637262423e-03 2.070890730876944179e-03 3.799358023493495853e-04
-7.632033744545776467e-04 -1.481458797852107248e-03 1.118465873084650494e-03 -4.405235497903301346e-04 -1.222280801754245094e-04 -6.113524555110237679e-04 1.536436212407615550e-03 0.000000000000000000e+00 -3.206559966275874629e-04 -9.759999178546787811e-05 2.669485039134348301e-04 2.737960248985947206e-04
1.111448218330820560e-03 8.348844768085710445e-05 1.987042147838714477e-04 4.889826042283414078e-05 -8.290930968510759722e-05 1.352187956539691342e-04 8.006788430530731868e-04 -3.206559966275874629e-04 0.000000000000000000e+00 2.924080231316210994e-04 -2.871663514782979007e-06 7.344526242951184979e-05
-1.827622940202359427e-03 1.165371277911196992e-03 2.179888187878418170e-03 -4.491169843582394519e-04 1.859528729191991072e-04 1.305291863134496366e-04 -1.123211000637262423e-03 -9.759999178546787811e-05 2.924080231316210994e-04 0.000000000000000000e+00 -1.452459479023728581e-03 -6.590462100327394018e-04
2.604713989558820990e-03 2.344505255659527602e-03 4.609753671157572515e-03 9.750400392677862770e-05 -1.653213193796782064e-04 -9.159042331275582917e-05 2.070890730876944179e-03 2.669485039134348301e-04 -2.871663514782979007e-06 -1.452459479023728581e-03 0.000000000000000000e+00 -1.416637414813382316e-03
3.630022745091262507e-05 -5.131465774326104306e-04 8.422951853416288295e-04 2.233533202048686433e-04 2.365933332725643880e-04 5.956728683214522826e-04 3.799358023493495853e-04 2.737960248985947206e-04 7.344526242951184979e-05 -6.590462100327394018e-04 -1.416637414813382316e-03 0.000000000000000000e+00
