0.000000000000000000e+00 -7.513649823880561279e-04 5.155844579846445818e-05 -6.016837217391220183e-04 3.236205442718596321e-05 -1.813672913817891534e-04 -1.793914973977273801e-03 4.697315772126271207e-04 3.909119567385411186e-04 -2.339251959117767754e-06 -3.406755362696392369e-04 4.942620694828493569e-04
-7.513649823880561279e-04 0.000000000000000000e+00 1.062268223254404440e-03 -2.748551325238639091e-05 2.530453656881329603e-04 4.589556515554010351e-04 -5.337017399779758449e-04 -5.933562131348918585e-04 4.022614102021595151e-04 1.046802145941789575e-03 7.032387711981812886e-04 3.997543633226809091e-04
5.155844579846445818e-05 1.062268223254404440e-03 0.000000000000000000e+00 1.008579865694724382e-04 9.631461716249341103e-04 1.028271463137364053e-03 9.845854274713426724e-04 3.879060410051355620e-05 9.192579034563045986e-04 7.690563232933627334e-04 -2.164622308223039700e-03 5.880349875000684531e-04
-6.016837217391220183e-04 -2.748551325238639091e-05 1.008579865694724382e-04 0.000000000000000000e+00 -1.361204077643757770e-04 -3.554381215148032594e-05 -3.062279169440323750e-04 -5.835443520614337799e-05 1.022037087262178738e-04 4.307037355603097637e-04 -5.486248518226694189e-04 -3.301432210036558870e-04
3.236205442718596321e-05 2.530453656881329603e-04 9.631461716249341103e-04 -1.361204077643757770e-04 0.000000000000000000e+00 1.370499551833795034e-04 -1.617591081453979179e-04 -3.918172086811355019e-04 -2.839325059766803993e-04 -4.788259248534245272e-04 1.607427907644609513e-04 -3.390527251481255258e-04
-1.813672913817891534e-04 4.589556515554010351e-04 1.028271463137364053e-03 -3.554381215148032594e-05 1.370499551833795034e-04 0.000000000000000000e+00 8.250244793358264502e-05 3.827389895424307235e-04 4.471895773303010422e-04 -1.275712385424000684e-04 8.449803715631916227e-04 -1.586200873384440899e-04
-1.793914973977273801e-03 -5.337017399779758449e-04 9.845854274713426724e-04 -3.062279169440323750e-04 -1.617591081453979179e-04 8.250244793358264502e-05 0.000000000000000000e+00 7.211957379166968182e-04 -5.539491782539189817e-04 -1.061708533285189845e-03 -2.723536963688843061e-03 7.504974105734017005e-04
4.697315772126271207e-04 -5.933562131348918585e-04 3.879060410051355620e-05 -5.835443520614337799e-05 -3.918172086811355019e-04 3.827389895424307235e-04 7.211957379166968182e-04 0.000000000000000000e+00 3.069518973575295065e-04 -2.855685242481356126e-04 -1.242542740116800654e-03 -4.958157379722642798e-04
3.909119567385411186e-04 4.022614102021595151e-04 9.192579034563045986e-04 1.022037087262178738e-04 -2.839325059766803993e-04 4.471895773303010422e-04 -5.539491782539189817e-04 3.069518973575295065e-04 0.000000000000000000e+00 3.451389043888855053e-05 1.111655500009222416e-03 -1.295151172786594359e-04
-2.339251959117767754e-06 1.046802145941789575e-03 7.690563232933627334e-04 4.307037355603097637e-04 -4.788259248534245272e-04 -1.275712385424000684e-04 -1.061708533285189845e-03 -2.855685242481356126e-04 3.451389043888855053e-05 0.000000000000000000e+00 -2.436461286351507185e-03 2.645166546688554896e-04
-3.406755362696392369e-04 7.032387711981812886e-04 -2.164622308223039700e-03 -5.486248518226694189e-04 1.607427907644609513e-04 8.449803715631916227e-04 -2.723536963688843061e-03 -1.242542740116800654e-03 1.111655500009222416e-03 -2.436461286351507185e-03 0.000000000000000000e+00 -2.628475817681352657e-04
4.942620694828493569e-04 3.997543633226809091e-04 5.880349875000684531e-04 -3.301432210036558870e-04 -3.390527251481255258e-04 -1.586200873384440899e-04 7.504974105734017005e-04 -4.958157379722642798e-04 -1.295151172786594359e-04 2.645166546688554896e-04 -2.628475817681352657e-04 0.000000000000000000e+00
