0.000000000000000000e+00 -1.021448525989605925e-03 -2.519352877090269647e-03 7.215362454805105373e-04 8.547579987079329108e-04 -3.991274202768741093e-04 -1.115702895261604750e-03 6.896912092711999587e-04 1.161553975878682832e-04 -1.455396931738595859e-03 2.531062407610134169e-03 -9.929753618415490188e-04
-1.021448525989605925e-03 0.000000000000000000e+00 1.665836309477165432e-03 6.189587468853218919e-04 -1.978489300187646438e-04 1.980944673378603365e-04 2.849917609178902840e-04 8.701065140672590778e-04 -7.157700125480512612e-04 -8.337950948246755862e-04 1.339040220396701432e-03 6.069045321696335847e-06
-2.519352877090269647e-03 1.665836309477165432e-03 0.000000000000000000e+00 3.749064424208426284e-04 4.506936775115959822e-04 -7.502182064999033100e-04 3.030465558676798056e-04 -5.779535614370387604e-04 4.715282599679695443e-04 1.065896158569467874e-03 1.603775618423010493e-03 2.291022598324819358e-04
7.215362454805105373e-04 6.189587468853218919e-04 3.749064424208426284e-04 0.000000000000000000e+00 -4.192525861115067171e-04 1.426273750458273192e-05 3.640731488357720714e-04 2.125577853697290941e-04 -3.116455721155126816e-05 -4.722575352206618052e-04 6.675992254075725470e-04 -3.151967257203352351e-04
8.547579987079329108e-04 -1.978489300187646438e-04 4.506936775115959822e-04 -4.192525861115067171e-04 0.000000000000000000e+00 -2.942706097718384502e-04 2.060053392425597270e-05 -4.349065295218228059e-04 -6.810770233167139955e-04 2.975228612707360876e-05 7.299951241238877018e-04 2.407055446717269579e-04
-3.991274202768741093e-04 1.980944673378603365e-04 -7.502182064999033100e-04 1.426273750458273192e-05 -2.942706097718384502e-04 0.000000000000000000e+00 -9.899072840743093713e-04 -4.052491931861362459e-04 -3.847730001604735602e-04 -7.903878433560866060e-04 1.631300559889564640e-03 5.177477138753078679e-04
-1.115702895261604750e-03 2.849917609178902840e-04 3.030465558676798056e-04 3.640731488357720714e-04 2.060053392425597270e-05 -9.899072840743093713e-04 0.000000000000000000e+00 6.846189891229560774e-04 4.360896024876798819e-04 1.634352787924852474e-03 4.728418136453815877e-04 -2.259101695016655623e-04
6.896912092711999587e-04 8.701065140672590778e-04 -5.779535614370387604e-04 2.125577853697290941e-04 -4.349065295218228059e-04 -4.052491931861362459e-04 6.846189891229560774e-04 0.000000000000000000e+00 4.066271007286832153e-04 5.263724826642684649e-04 -2.334204875806018137e-04 2.923093397658519917e-04
1.161553975878682832e-04 -7.157700125480512612e-04 4.715282599679695443e-04 -3.116455721155126816e-05 -6.810770233167139955e-04 -3.847730001604735602e-04 4.360896024876798819e-04 4.066271007286832153e-04 0.000000000000000000e+00 2.330185603768909514e-04 4.388113599590113796e-04 -2.280230150561987417e-04
-1.455396931738595859e-03 -8.337950948246755862e-04 1.065896158569467874e-03 -4.722575352206618052e-04 2.975228612707360876e-05 -7.903878433560866060e-04 1.634352787924852474e-03 5.263724826642684649e-04 2.330185603768909514e-04 0.000000000000000000e+00 -9.074349197692234978e-04 8.645704268169475057e-04
2.531062407610134169e-03 1.339040220396701432e-03 1.603775618423010493e-03 6.675992254075725470e-04 7.299951241238877018e-04 1.631300559889564640e-03 4.728418136453815877e-04 -2.334204875806018137e-04 4.388113599590113796e-04 -9.074349197692234978e-04 0.000000000000000000e+00 -1.662672950405616424e-04
-9.929753618415490188e-04 6.069045321696335847e-06 2.291022598324819358e-04 -3.151967257203352351e-04 2.407055446717269579e-04 5.177477138753078679e-04 -2.259101695016655623e-04 2.923093397658519917e-04 -2.280230150561987417e-04 8.645704268169475057e-04 -1.662672950405616424e-04 0.000000000000000000e+00
