0.000000000000000000e+00 3.927644223240882803e-04 9.366933874548011513e-04 2.863733888036817726e-04 -4.138948967866809715e-05 3.361465353739159388e-04 -1.894416220128989801e-03 -4.123072994689490367e-04 7.529687404188256617e-04 3.798310552807561175e-04 -3.276086003399757574e-03 -6.845455678483394757e-04
3.927644223240882803e-04 0.000000000000000000e+00 -2.640433804306072563e-04 2.126156487551087533e-04 -2.555830269667711918e-04 -3.695269103058281251e-04 -1.075028448136314062e-04 -2.921772109153755693e-04 9.025423317616225070e-04 -6.652151503411429974e-04 6.229472729760852825e-05 2.989506696990422365e-04
9.366933874548011513e-04 -2.640433804306072563e-04 0.000000000000000000e+00 1.063729587450581201e-04 -2.210343034002299053e-04 -1.093746362092314290e-03 -1.654826172614508924e-03 1.031166682018378079e-04 -6.621155122513597236e-04 -1.021920960937311874e-03 -7.660212932394603593e-04 2.815162734856760472e-04
2.863733888036817726e-04 2.126156487551087533e-04 1.063729587450581201e-04 0.000000000000000000e+00 -5.588242351145387065e-05 5.583181266049035356e-06 -4.049042716360699043e-04 -1.880271437020958575e-04 -1.939564687276618116e-04 1.181136699500780516e-04 1.639499132670352505e-05 -4.945936973466709944e-05
-4.138948967866809715e-05 -2.555830269667711918e-04 -2.210343034002299053e-04 -5.588242351145387065e-05 0.000000000000000000e+00 -8.395576775357742013e-05 -5.845601558761546763e-04 -3.219317251371598093e-04 -1.421491969642854481e-05 2.047978399037712319e-04 -3.920390456320092983e-04 -2.693634070365619020e-04
3.361465353739159388e-04 -3.695269103058281251e-04 -1.093746362092314290e-03 5.583181266049035356e-06 -8.395576775357742013e-05 0.000000000000000000e+00 1.100746695949094030e-03 3.868279295974864050e-04 2.244800829170521769e-04 -6.247992362565233434e-04 9.347030496089404894e-04 -1.507117844341578083e-04
-1.894416220128989801e-03 -1.075028448136314062e-04 -1.654826172614508924e-03 -4.049042716360699043e-04 -5.845601558761546763e-04 1.100746695949094030e-03 0.000000000000000000e+00 -4.575112461091360183e-04 6.199916438570655030e-04 1.301883889528422482e-03 2.736566593882200100e-03 -1.181828116337668233e-03
-4.123072994689490367e-04 -2.921772109153755693e-04 1.031166682018378079e-04 -1.880271437020958575e-04 -3.219317251371598093e-04 3.868279295974864050e-04 -4.575112461091360183e-04 0.000000000000000000e+00 1.869170381138323615e-04 4.931107282695066036e-04 -2.826869691670345647e-03 -1.881573198049803165e-04
7.529687404188256617e-04 9.025423317616225070e-04 -6.621155122513597236e-04 -1.939564687276618116e-04 -1.421491969642854481e-05 2.244800829170521769e-04 6.199916438570655030e-04 1.869170381138323615e-04 0.000000000000000000e+00 -1.415362885505361615e-04 -2.443916791319968398e-04 2.286903308051501803e-04
3.798310552807561175e-04 -6.652151503411429974e-04 -1.021920960937311874e-03 1.181136699500780516e-04 2.047978399037712319e-04 -6.247992362565233434e-04 1.301883889528422482e-03 4.931107282695066036e-04 -1.415362885505361615e-04 0.000000000000000000e+00 4.898444371221002567e-04 -3.645669273021281834e-04
-3.276086003399757574e-03 6.229472729760852825e-05 -7.660212932394603593e-04 1.639499132670352505e-05 -3.920390456320092983e-04 9.347030496089404894e-04 2.736566593882200100e-03 -2.826869691670345647e-03 -2.443916791319968398e-04 4.898444371221002567e-04 0.000000000000000000e+00 -9.668179160294856868e-04
-6.845455678483394757e-04 2.989506696990422365e-04 2.815162734856760472e-04 -4.945936973466709944e-05 -2.693634070365619020e-04 -1.507117844341578083e-04 -1.181828116337668233e-03 -1.881573198049803165e-04 2.286903308051501803e-04 -3.645669273021281834e-04 -9.668179160294856868e-04 0.000000000000000000e+00
