0.000000000000000000e+00 1.184345525577634045e-04 -6.672964851112659929e-04 7.801230589890502691e-05 1.723050823042548453e-03 -6.078366466559457495e-04 -8.136338450659541923e-04 9.442925464513372011e-04 -5.928878723394221100e-05 3.018441515646305890e-04 -4.124342353310046718e-04 1.112362636071723273e-03
1.184345525577634045e-04 0.000000000000000000e+00 1.196336557899440938e-03 -1.119224070940097508e-04 1.467740303963410795e-03 -1.284842794266922647e-03 -1.331240601101772334e-03 1.025886704004492834e-05 -2.991810819967202122e-04 -2.895655893140274104e-04 -4.005083800414387975e-04 -3.181639145163035016e-04
-6.672964851112659929e-04 1.196336557899440938e-03 0.000000000000000000e+00 -7.143888531699529171e-04 2.226741322731630880e-04 1.496030601215348095e-03 1.030992239573144551e-04 1.546892125492918969e-05 -3.581231671736645190e-04 2.164811106798437924e-05 2.668899401923498357e-04 -1.267263900828321686e-03
7.801230589890502691e-05 -1.119224070940097508e-04 -7.143888531699529171e-04 0.000000000000000000e+00 -2.862549014000594669e-04 -4.362585032213796288e-04 3.361995970728844313e-04 -1.590301399687082820e-04 2.657409792961737622e-04 -5.440761671473865347e-04 -7.874444241482593662e-04 -8.122426135206685339e-04
1.723050823042548453e-03 1.467740303963410795e-03 2.226741322731630880e-04 -2.862549014000594669e-04 0.000000000000000000e+00 7.095769513179492859e-04 7.564393798819595742e-04 -2.320176373923527903e-04 -2.034299012482065233e-04 6.489874116706660472e-04 -1.044510640930780034e-03 -3.160838036020065852e-03
-6.078366466559457495e-04 -1.284842794266922647e-03 1.496030601215348095e-03 -4.362585032213796288e-04 7.095769513179492859e-04 0.000000000000000000e+00 1.651062201883012927e-03 -4.216357623017833942e-04 2.374346921315774917e-04 1.448224412758714703e-03 -1.794274612472334093e-05 -1.195393394595425669e-03
-8.136338450659541923e-04 -1.331240601101772334e-03 1.030992239573144551e-04 3.361995970728844313e-04 7.564393798819595742e-04 1.651062201883012927e-03 0.000000000000000000e+00 -4.130821225312194915e-04 -2.189766161487595756e-04 -2.998389714980608423e-04 -1.381939176085578841e-03 -2.742827233311904717e-03
9.442925464513372011e-04 1.025886704004492834e-05 1.546892125492918969e-05 -1.590301399687082820e-04 -2.320176373923527903e-04 -4.216357623017833942e-04 -4.130821225312194915e-04 0.000000000000000000e+00 1.382662308251282244e-04 2.484354127031987393e-04 2.447692054217316275e-05 2.790762529595351639e-04
-5.928878723394221100e-05 -2.991810819967202122e-04 -3.581231671736645190e-04 2.657409792961737622e-04 -2.034299012482065233e-04 2.374346921315774917e-04 -2.189766161487595756e-04 1.382662308251282244e-04 0.000000000000000000e+00 3.733738033595854298e-04 -4.199579661463752962e-05 -8.001157184729739379e-04
3.018441515646305890e-04 -2.895655893140274104e-04 2.164811106798437924e-05 -5.440761671473865347e-04 6.489874116706660472e-04 1.448224412758714703e-03 -2.998389714980608423e-04 2.484354127031987393e-04 3.733738033595854298e-04 0.000000000000000000e+00 8.197623007444650601e-04 1.145995103445621990e-03
-4.124342353310046718e-04 -4.005083800414387975e-04 2.668899401923498357e-04 -7.874444241482593662e-04 -1.044510640930780034e-03 -1.794274612472334093e-05 -1.381939176085578841e-03 2.447692054217316275e-05 -4.199579661463752962e-05 8.197623007444650601e-04 0.000000000000000000e+00 -1.386136938326762479e-03
1.112362636071723273e-03 -3.181639145163035016e-04 -1.267263900828321686e-03 -8.122426135206685339e-04 -3.160838036020065852e-03 -1.195393394595425669e-03 -2.742827233311904717e-03 2.790762529595351639e-04 -8.001157184729739379e-04 1.145995103445621990e-03 -1.386136938326762479e-03 0.000000000000000000e+00
