0.000000000000000000e+00 6.227560081336577270e-04 -3.069793534459655049e-04 8.219316698161107813e-06 -2.681255600648212601e-04 1.530177537483000351e-03 -1.232757365201627038e-04 -3.606831984180609960e-04 1.060670293343646351e-04 1.082410105205870422e-04 8.928243177199853735e-04 2.117721266476082446e-03
6.227560081336577270e-04 0.000000000000000000e+00 -1.115757653346221082e-04 4.660759449018945068e-04 -2.503919915604828459e-04 -1.016460971357118718e-03 4.138979120585720432e-04 8.179620563979485260e-05 -7.549102689178323322e-05 3.159017747935869238e-04 -6.091090347877250403e-04 -4.355023442874648488e-04
-3.069793534459655049e-04 -1.115757653346221082e-04 0.000000000000000000e+00 -1.147828503340484407e-04 -5.926715575437877404e-04 1.296926996356389215e-03 -7.626007194752983456e-04 -1.972159485585959159e-04 6.881453592378653991e-04 6.319681411820010988e-05 -4.804353866648628651e-04 -4.799275518714893042e-05
8.219316698161107813e-06 4.660759449018945068e-04 -1.147828503340484407e-04 0.000000000000000000e+00 -4.591622973268118723e-04 6.178805266203712390e-04 -5.873706789795138166e-04 3.099682915452266923e-05 -2.084100885630795505e-04 -3.737870843999320210e-04 -3.438518195669199159e-04 -5.581732870986121607e-04
-2.681255600648212601e-04 -2.503919915604828459e-04 -5.926715575437877404e-04 -4.591622973268118723e-04 0.000000000000000000e+00 -1.525572230840220632e-03 -4.045217204249286686e-04 -3.415140373028050609e-04 -1.246465083304864512e-03 9.025596395273784720e-04 1.416319236178159796e-03 1.670442018352266819e-03
1.530177537483000351e-03 -1.016460971357118718e-03 1.296926996356389215e-03 6.178805266203712390e-04 -1.525572230840220632e-03 0.000000000000000000e+00 -3.166803514834372769e-03 2.525771403371108873e-04 3.000990407918363134e-05 -1.011393329513135715e-03 -5.903112242564200135e-04 2.709690232406435518e-03
-1.232757365201627038e-04 4.138979120585720432e-04 -7.626007194752983456e-04 -5.873706789795138166e-04 -4.045217204249286686e-04 -3.166803514834372769e-03 0.000000000000000000e+00 4.372852940229376008e-04 6.669995239175787426e-04 -1.455444248305406746e-04 1.057325178142618080e-03 3.635899280469529708e-04
-3.606831984180609960e-04 8.179620563979485260e-05 -1.972159485585959159e-04 3.099682915452266923e-05 -3.415140373028050609e-04 2.525771403371108873e-04 4.372852940229376008e-04 0.000000000000000000e+00 -2.272529911726844812e-04 -1.275048137881572947e-04 9.230893455220191292e-05 -3.594498965640354361e-04
1.060670293343646351e-04 -7.549102689178323322e-05 6.881453592378653991e-04 -2.084100885630795505e-04 -1.246465083304864512e-03 3.000990407918363134e-05 6.669995239175787426e-04 -2.272529911726844812e-04 0.000000000000000000e+00 1.905878859256666588e-04 -5.955389173211846727e-04 -8.012256446938217924e-04
1.082410105205870422e-04 3.159017747935869238e-04 6.319681411820010988e-05 -3.737870843999320210e-04 9.025596395273784720e-04 -1.011393329513135715e-03 -1.455444248305406746e-04 -1.275048137881572947e-04 1.905878859256666588e-04 0.000000000000000000e+00 -2.793046816697367920e-04 -1.510499978961234234e-04
8.928243177199853735e-04 -6.091090347877250403e-04 -4.804353866648628651e-04 -3.438518195669199159e-04 1.416319236178159796e-03 -5.903112242564200135e-04 1.057325178142618080e-03 9.230893455220191292e-05 -5.955389173211846727e-04 -2.793046816697367920e-04 0.000000000000000000e+00 -1.538121083096226013e-03
2.117721266476082446e-03 -4.355023442874648488e-04 -4.799275518714893042e-05 -5.581732870986121607e-04 1.670442018352266819e-03 2.709690232406435518e-03 3.635899280469529708e-04 -3.594498965640354361e-04 -8.012256446938217924e-04 -1.510499978961234234e-04 -1.538121083096226013e-03 0.000000000000000000e+00
