0.000000000000000000e+00 1.519689432111027744e-04 -2.243787951919574324e-04 1.607912234853429696e-04 -4.861184423891805285e-04 1.826360623402051731e-04 5.372491641033170411e-04 2.234425525538507847e-04 -3.315264086274324657e-04 3.137613725287905506e-04 9.122097675842551429e-04 -6.543577799604155315e-04
1.519689432111027744e-04 0.000000000000000000e+00 3.376964399694548711e-04 3.334799426264197604e-04 -8.869650074198713336e-04 -1.074585328390861242e-03 4.960301573833473003e-04 -1.990860674789617199e-04 2.762927649142639039e-04 2.066559688601196881e-04 1.189887909753610485e-04 -2.533438882715340328e-03
-2.243787951919574324e-04 3.376964399694548711e-04 0.000000000000000000e+00 -5.406133099549412528e-05 -2.809885164151480850e-04 -6.840028746095080416e-04 -6.445910755574804337e-04 4.319857918715692984e-05 -3.116673789780731083e-04 5.521413352213289105e-04 2.863223475692074516e-04 6.792029489680564318e-04
1.607912234853429696e-04 3.334799426264197604e-04 -5.406133099549412528e-05 0.000000000000000000e+00 7.129521095188031928e-04 -3.733815979510581289e-04 1.613776162285218609e-04 2.159722767600676747e-04 -1.049714355332484959e-06 4.446275981531926233e-04 -1.297752909166672447e-04 8.163852479259530804e-04
-4.861184423891805285e-04 -8.869650074198713336e-04 -2.809885164151480850e-04 7.129521095188031928e-04 0.000000000000000000e+00 -1.785903262222289544e-04 2.490482950770095166e-04 -2.236101782371806388e-04 6.797130030170451392e-04 8.067204095325192529e-04 1.153466912087829001e-03 6.505450282606474975e-04
1.826360623402051731e-04 -1.074585328390861242e-03 -6.840028746095080416e-04 -3.733815979510581289e-04 -1.785903262222289544e-04 0.000000000000000000e+00 -4.070179239909497754e-05 7.289764013757530497e-04 -4.977613748400735788e-04 6.191120822645792676e-04 -9.801473523743666708e-04 -3.067691071230979009e-03
5.372491641033170411e-04 4.960301573833473003e-04 -6.445910755574804337e-04 1.613776162285218609e-04 2.490482950770095166e-04 -4.070179239909497754e-05 0.000000000000000000e+00 -4.780059957577829661e-04 6.798839328138940048e-06 3.208473017685835641e-04 5.655473157321954996e-04 4.418706067204431555e-05
2.234425525538507847e-04 -1.990860674789617199e-04 4.319857918715692984e-05 2.159722767600676747e-04 -2.236101782371806388e-04 7.289764013757530497e-04 -4.780059957577829661e-04 0.000000000000000000e+00 1.755708748640277676e-04 2.604295600118767249e-04 -1.165006822432401999e-04 -1.329944221784024473e-04
-3.315264086274324657e-04 2.762927649142639039e-04 -3.116673789780731083e-04 -1.049714355332484959e-06 6.797130030170451392e-04 -4.977613748400735788e-04 6.798839328138940048e-06 1.755708748640277676e-04 0.000000000000000000e+00 -3.427730297127934162e-05 3.229416007740659088e-05 -6.827275969955910349e-04
3.137613725287905506e-04 2.066559688601196881e-04 5.521413352213289105e-04 4.446275981531926233e-04 8.067204095325192529e-04 6.191120822645792676e-04 3.208473017685835641e-04 2.604295600118767249e-04 -3.427730297127934162e-05 0.000000000000000000e+00 6.671448373651641815e-05 -4.799451923745967754e-05
9.122097675842551429e-04 1.189887909753610485e-04 2.863223475692074516e-04 -1.297752909166672447e-04 1.153466912087829001e-03 -9.801473523743666708e-04 5.655473157321954996e-04 -1.165006822432401999e-04 3.229416007740659088e-05 6.671448373651641815e-05 0.000000000000000000e+00 -1.916172961218029491e-03
-6.543577799604155315e-04 -2.533438882715340328e-03 6.792029489680564318e-04 8.163852479259530804e-04 6.505450282606474975e-04 -3.067691071230979009e-03 4.418706067204431555e-05 -1.329944221784024473e-04 -6.827275969955910349e-04 -4.799451923745967754e-05 -1.916172961218029491e-03 0.000000000000000000e+00
