0.000000000000000000e+00 2.290530781907493707e-04 6.907408125153446281e-04 -1.516464175490752729e-05 5.490091517384077966e-04 -6.331610861751643671e-04 -9.146801327620619412e-04 -3.544206957625389842e-04 1.760183131079771891e-04 -7.558498937735586964e-04 -1.240213568866518879e-04 -2.022193111021498239e-03
2.290530781907493707e-04 0.000000000000000000e+00 1.289008819695149609e-04 9.797786669054935266e-05 -5.778562095628611691e-04 7.286964702860670648e-04 -1.110550344745028556e-04 3.790492506412334038e-05 1.329054302324335303e-04 1.780364689225656140e-04 2.391020194973043943e-04 -7.370558867543468414e-04
6.907408125153446281e-04 1.289008819695149609e-04 0.000000000000000000e+00 5.701625781923895764e-05 -8.705968019771096779e-04 2.649391766698389744e-04 7.218080330263812157e-04 -1.878795279191367994e-04 -5.662414450486856097e-04 -5.660822717755372747e-04 7.104246129481583483e-04 -8.414755578030140137e-04
-1.516464175490752729e-05 9.797786669054935266e-05 5.701625781923895764e-05 0.000000000000000000e+00 -1.309958845620304909e-04 3.671060629755089409e-04 2.781979255198706422e-04 4.977419440003513079e-04 -1.961674045971250301e-04 -2.741302885469999663e-04 -3.123511807861046653e-04 5.579474209642493968e-04
5.490091517384077966e-04 -5.778562095628611691e-04 -8.705968019771096779e-04 -1.309958845620304909e-04 0.000000000000000000e+00 -1.986867161823622011e-03 7.234166825950452120e-04 -8.844074992118100510e-04 -5.422482518391242646e-04 9.555147942286856128e-04 -3.089328998926351160e-04 -1.942661765142315216e-04
-6.331610861751643671e-04 7.286964702860670648e-04 2.649391766698389744e-04 3.671060629755089409e-04 -1.986867161823622011e-03 0.000000000000000000e+00 -3.627974961694306177e-04 -1.990791183649059124e-04 8.585067521157976845e-04 -1.022621146230485870e-03 7.667608901449730419e-04 5.840732042552246621e-04
-9.146801327620619412e-04 -1.110550344745028556e-04 7.218080330263812157e-04 2.781979255198706422e-04 7.234166825950452120e-04 -3.627974961694306177e-04 0.000000000000000000e+00 -5.863814235448470985e-05 3.593148202805709077e-04 -7.637992762136343317e-04 -6.801138871574900335e-04 2.993943428902098511e-03
-3.544206957625389842e-04 3.790492506412334038e-05 -1.878795279191367994e-04 4.977419440003513079e-04 -8.844074992118100510e-04 -1.990791183649059124e-04 -5.863814235448470985e-05 0.000000000000000000e+00 3.546242101328184789e-05 4.209288237485294906e-05 5.060466344412876049e-04 -9.934717614295226259e-04
1.760183131079771891e-04 1.329054302324335303e-04 -5.662414450486856097e-04 -1.961674045971250301e-04 -5.422482518391242646e-04 8.585067521157976845e-04 3.593148202805709077e-04 3.546242101328184789e-05 0.000000000000000000e+00 8.352347847725164138e-04 1.510912400900516611e-04 1.623702341838500736e-03
-7.558498937735586964e-04 1.780364689225656140e-04 -5.660822717755372747e-04 -2.741302885469999663e-04 9.555147942286856128e-04 -1.022621146230485870e-03 -7.637992762136343317e-04 4.209288237485294906e-05 8.352347847725164138e-04 0.000000000000000000e+00 5.100784869287865349e-04 -1.912656737637417068e-03
-1.240213568866518879e-04 2.391020194973043943e-04 7.104246129481583483e-04 -3.123511807861046653e-04 -3.089328998926351160e-04 7.667608901449730419e-04 -6.801138871574900335e-04 5.060466344412876049e-04 1.510912400900516611e-04 5.100784869287865349e-04 0.000000000000000000e+00 -1.059946804254994612e-03
-2.022193111021498239e-03 -7.370558867543468414e-04 -8.414755578030140137e-04 5.579474209642493968e-04 -1.942661765142315216e-04 5.840732042552246621e-04 2.993943428902098511e-03 -9.934717614295226259e-04 1.623702341838500736e-03 -1.912656737637417068e-03 -1.059946804254994612e-03 0.000000000000000000e+00
