0.000000000000000000e+00 -1.791328010941832310e-03 -1.581458732927310147e-04 -6.038292009493661508e-04 -4.126345284756118979e-04 3.425406772298251670e-05 -3.996599227417908708e-04 -7.396117096195167296e-04 -3.082573343957880642e-04 4.740112830158124311e-04 7.050163859672363214e-05 2.229161831262940275e-04
-1.791328010941832310e-03 0.000000000000000000e+00 1.545786356403986350e-03 6.281369019111758869e-07 -1.349346010941528519e-04 2.589951227740357664e-04 2.636683859703861828e-03 -1.467531328701392494e-03 -6.785352731706789696e-04 -1.417759902760512385e-03 6.272356465326711173e-04 5.721596989359075585e-04
-1.581458732927310147e-04 1.545786356403986350e-03 0.000000000000000000e+00 -4.445443891673117164e-04 3.742045843386860915e-05 1.046731992125626571e-04 3.240352615518870519e-04 -1.409603975548895675e-04 4.861744333595448882e-04 7.571112141858177182e-04 -1.505203056710357400e-05 8.226972883450158879e-04
-6.038292009493661508e-04 6.281369019111758869e-07 -4.445443891673117164e-04 0.000000000000000000e+00 6.719119289050408568e-04 1.312975388836453892e-04 -4.883670325318240990e-04 6.259564773222492124e-04 -2.905515102212645473e-04 -2.919048388984482145e-04 1.511177178819785906e-04 -2.394178254720835794e-04
-4.126345284756118979e-04 -1.349346010941528519e-04 3.742045843386860915e-05 6.719119289050408568e-04 0.000000000000000000e+00 4.096696260842215055e-04 4.265863536326131673e-04 9.257967489135513969e-04 1.662371885804343435e-05 -1.830610316159916862e-04 -4.126345241169505711e-04 -5.693487792275179170e-04
3.425406772298251670e-05 2.589951227740357664e-04 1.046731992125626571e-04 1.312975388836453892e-04 4.096696260842215055e-04 0.000000000000000000e+00 -3.069528232620704787e-04 -9.091729580969085340e-04 -5.983591452599058646e-05 -2.305742566699381976e-04 3.789947723120656289e-05 3.390298695416547404e-04
-3.996599227417908708e-04 2.636683859703861828e-03 3.240352615518870519e-04 -4.883670325318240990e-04 4.265863536326131673e-04 -3.069528232620704787e-04 0.000000000000000000e+00 1.072430413247242500e-03 -7.219780504630561157e-04 2.292799118252115932e-04 -3.899389364419493672e-04 -2.393118917665127928e-04
-7.396117096195167296e-04 -1.467531328701392494e-03 -1.409603975548895675e-04 6.259564773222492124e-04 9.257967489135513969e-04 -9.091729580969085340e-04 1.072430413247242500e-03 0.000000000000000000e+00 1.000162899138638296e-03 1.200324983052794559e-03 1.032578527432046530e-03 -8.145729824337506232e-04
-3.082573343957880642e-04 -6.785352731706789696e-04 4.861744333595448882e-04 -2.905515102212645473e-04 1.662371885804343435e-05 -5.983591452599058646e-05 -7.219780504630561157e-04 1.000162899138638296e-03 0.000000000000000000e+00 -8.247374552334643433e-05 5.491174264314552592e-04 -4.746387303951480951e-05
4.740112830158124311e-04 -1.417759902760512385e-03 7.571112141858177182e-04 -2.919048388984482145e-04 -1.830610316159916862e-04 -2.305742566699381976e-04 2.292799118252115932e-04 1.200324983052794559e-03 -8.247374552334643433e-05 0.000000000000000000e+00 -3.682972159277104595e-04 -3.416255619561688506e-04
7.050163859672363214e-05 6.272356465326711173e-04 -1.505203056710357400e-05 1.511177178819785906e-04 -4.126345241169505711e-04 3.789947723120656289e-05 -3.899389364419493672e-04 1.032578527432046530e-03 5.491174264314552592e-04 -3.682972159277104595e-04 0.000000000000000000e+00 4.973226938836296110e-04
2.229161831262940275e-04 5.721596989359075585e-04 8.226972883450158879e-04 -2.394178254720835794e-04 -5.693487792275179170e-04 3.390298695416547404e-04 -2.393118917665127928e-04 -8.145729824337506232e-04 -4.746387303951480951e-05 -3.416255619561688506e-04 4.973226938836296110e-04 0.000000000000000000e+00
