0.000000000000000000e+00 1.253752045090964938e-03 -1.488538078913626472e-04 -1.106800431418798161e-04 -2.303535020633791063e-04 2.727000900835155860e-04 9.840704450205173736e-05 4.446968078167944267e-04 9.302794491673508642e-06 -7.417915160246481689e-05 4.073419062870882245e-05 -6.880988163268385348e-04
1.253752045090964938e-03 0.000000000000000000e+00 -1.910255743828138215e-03 1.378941689396147871e-03 -1.801807300193812079e-04 -9.602935954387931908e-04 1.814635560108702030e-03 -1.667537258227392563e-03 -8.905027971168922880e-04 3.705970251376390975e-05 2.082824277246710879e-03 2.644080846415012773e-03
-1.488538078913626472e-04 -1.910255743828138215e-03 0.000000000000000000e+00 -1.799508985819544876e-04 -2.436428950028903992e-04 -1.001094513656072436e-04 7.771496500637724335e-04 1.580077223851426588e-03 2.431642079658893332e-04 -2.504072277409300299e-06 7.752783031292747326e-04 -5.362300323235650017e-04
-1.106800431418798161e-04 1.378941689396147871e-03 -1.799508985819544876e-04 0.000000000000000000e+00 4.875945968533140534e-04 -2.026792709042869744e-04 4.509246344804120109e-04 -1.351779254520799403e-03 -1.692193260775513744e-04 1.513489580088679155e-04 -1.126184579456889498e-03 -1.041280243112299936e-03
-2.303535020633791063e-04 -1.801807300193812079e-04 -2.436428950028903992e-04 4.875945968533140534e-04 0.000000000000000000e+00 1.013195662439969732e-04 -3.590546249944700586e-04 -3.353903567640635354e-05 -2.259465486688048082e-05 -5.291596898852959918e-04 3.085092614261150733e-04 -2.461697402227697650e-04
2.727000900835155860e-04 -9.602935954387931908e-04 -1.001094513656072436e-04 -2.026792709042869744e-04 1.013195662439969732e-04 0.000000000000000000e+00 -8.697734936201740414e-04 -3.080855155643627292e-04 1.663954386917204913e-04 -1.543675102143628457e-04 -5.354954658186993500e-04 4.522666603900037455e-04
9.840704450205173736e-05 1.814635560108702030e-03 7.771496500637724335e-04 4.509246344804120109e-04 -3.590546249944700586e-04 -8.697734936201740414e-04 0.000000000000000000e+00 1.330817434772952430e-03 -9.852321465428170002e-05 4.563388956578433905e-04 1.002024156834200805e-03 1.017598325145136927e-03
4.446968078167944267e-04 -1.667537258227392563e-03 1.580077223851426588e-03 -1.351779254520799403e-03 -3.353903567640635354e-05 -3.080855155643627292e-04 1.330817434772952430e-03 0.000000000000000000e+00 -3.389545555313117965e-04 -2.580016806365019650e-04 1.126651548308931080e-04 -1.865291184813227697e-03
9.302794491673508642e-06 -8.905027971168922880e-04 2.431642079658893332e-04 -1.692193260775513744e-04 -2.259465486688048082e-05 1.663954386917204913e-04 -9.852321465428170002e-05 -3.389545555313117965e-04 0.000000000000000000e+00 1.603256449698791612e-04 5.777293725224104046e-04 -2.576053244931525606e-04
-7.417915160246481689e-05 3.705970251376390975e-05 -2.504072277409300299e-06 1.513489580088679155e-04 -5.291596898852959918e-04 -1.543675102143628457e-04 4.563388956578433905e-04 -2.580016806365019650e-04 1.603256449698791612e-04 0.000000000000000000e+00 -6.217940744344689543e-04 -4.583148905615595315e-05
4.073419062870882245e-05 2.082824277246710879e-03 7.752783031292747326e-04 -1.126184579456889498e-03 3.085092614261150733e-04 -5.354954658186993500e-04 1.002024156834200805e-03 1.126651548308931080e-04 5.777293725224104046e-04 -6.217940744344689543e-04 0.000000000000000000e+00 -7.998078474641828219e-05
-6.880988163268385348e-04 2.644080846415012773e-03 -5.362300323235650017e-04 -1.041280243112299936e-03 -2.461697402227697650e-04 4.522666603900037455e-04 1.017598325145136927e-03 -1.865291184813227697e-03 -2.576053244931525606e-04 -4.583148905615595315e-05 -7.998078474641828219e-05 0.000000000000000000e+00
