0.000000000000000000e+00 -1.328054604322526869e-03 9.288607551066472884e-05 -1.529698509274274570e-04 -2.129819542171226072e-04 1.585438556922794606e-04 3.499654286023020744e-04 -8.433608901714267263e-04 -3.780566513752687597e-04 3.739104908005137182e-05 -4.313226754036961750e-04 5.772528486152541261e-04
-1.328054604322526869e-03 0.000000000000000000e+00 -1.080496854620472498e-03 2.285425686596704187e-03 6.773556529317724872e-04 1.330131265471345232e-03 1.034962715436782898e-04 2.482900821010930806e-03 -3.779862592576159952e-05 -4.622469856903773343e-04 5.678778315804560231e-04 -2.360969934804372887e-03
9.288607551066472884e-05 -1.080496854620472498e-03 0.000000000000000000e+00 1.937867515613256428e-04 2.574813101352961303e-04 -1.726805232499320237e-04 9.764758390761001366e-04 2.030483139511770219e-03 -4.741849070893792485e-04 -2.084504595160757961e-04 -1.188203179541560527e-03 1.229706622172658994e-03
-1.529698509274274570e-04 2.285425686596704187e-03 1.937867515613256428e-04 0.000000000000000000e+00 8.380598273133786592e-04 2.529969754448470895e-04 4.798577237061109725e-04 -9.627457238435393463e-04 -1.122608856977631229e-04 -6.066649581109933523e-04 6.405169955319054385e-04 -4.003262437205734560e-04
-2.129819542171226072e-04 6.773556529317724872e-04 2.574813101352961303e-04 8.380598273133786592e-04 0.000000000000000000e+00 -5.382858082541776713e-04 8.588082066079484904e-04 6.473981251864966780e-04 -1.555171774909488405e-04 6.526034723627659531e-04 -6.425392314814755033e-04 -1.678285899235200255e-03
1.585438556922794606e-04 1.330131265471345232e-03 -1.726805232499320237e-04 2.529969754448470895e-04 -5.382858082541776713e-04 0.000000000000000000e+00 -8.722093846494626554e-04 -5.935060115570572241e-04 -2.851734244282784947e-04 6.774068752914106663e-05 -2.348414432709637005e-04 -1.195203228618789496e-04
3.499654286023020744e-04 1.034962715436782898e-04 9.764758390761001366e-04 4.798577237061109725e-04 8.588082066079484904e-04 -8.722093846494626554e-04 0.000000000000000000e+00 1.437310351177846805e-03 -4.730008869187750267e-04 2.268636929050769024e-04 5.756855166369562399e-04 9.808511215882757209e-04
-8.433608901714267263e-04 2.482900821010930806e-03 2.030483139511770219e-03 -9.627457238435393463e-04 6.473981251864966780e-04 -5.935060115570572241e-04 1.437310351177846805e-03 0.000000000000000000e+00 2.125045425069845093e-04 -4.177186102078378461e-04 -1.129532770761447220e-03 1.647639440979644515e-03
-3.780566513752687597e-04 -3.779862592576159952e-05 -4.741849070893792485e-04 -1.122608856977631229e-04 -1.555171774909488405e-04 -2.851734244282784947e-04 -4.730008869187750267e-04 2.125045425069845093e-04 0.000000000000000000e+00 -2.569887024133366829e-04 1.218558392031513383e-04 4.352095876258477072e-04
3.739104908005137182e-05 -4.622469856903773343e-04 -2.084504595160757961e-04 -6.066649581109933523e-04 6.526034723627659531e-04 6.774068752914106663e-05 2.268636929050769024e-04 -4.177186102078378461e-04 -2.569887024133366829e-04 0.000000000000000000e+00 -4.021675801117356535e-04 -1.367821410961192344e-03
-4.313226754036961750e-04 5.678778315804560231e-04 -1.188203179541560527e-03 6.405169955319054385e-04 -6.425392314814755033e-04 -2.348414432709637005e-04 5.756855166369562399e-04 -1.129532770761447220e-03 1.218558392031513383e-04 -4.021675801117356535e-04 0.000000000000000000e+00 9.020276251342818118e-04
5.772528486152541261e-04 -2.360969934804372887e-03 1.229706622172658994e-03 -4.003262437205734560e-04 -1.678285899235200255e-03 -1.195203228618789496e-04 9.808511215882757209e-04 1.647639440979644515e-03 4.352095876258477072e-04 -1.367821410961192344e-03 9.020276251342818118e-04 0.000000000000000000e+00
