0.000000000000000000e+00 -9.925852647587898273e-05 -1.238163897109970698e-04 1.492998222484379924e-04 -7.805244530666882209e-05 -2.123997458520423967e-04 -8.504126274183799886e-04 -7.646880422773882089e-04 8.884980729157420916e-05 -6.053740290535797542e-05 -2.082341662353916754e-04 2.657110360192615388e-04
-9.925852647587898273e-05 0.000000000000000000e+00 4.227818918525037980e-04 -1.989013937960531705e-03 -2.634226778264515696e-03 2.092889179704445239e-04 9.671646478711487223e-04 -5.014067411650555313e-03 8.739942843013022346e-04 -4.908400444404299430e-04 -2.099870516720376331e-03 -5.706164329593877696e-04
-1.238163897109970698e-04 4.227818918525037980e-04 0.000000000000000000e+00 3.838566826617456737e-04 -3.086740417005063761e-04 -3.079937343769402307e-04 9.176692988533169566e-04 1.389626971114371135e-03 -7.958990227399766269e-05 -5.203191903122076061e-04 -2.863592165568639401e-04 -8.448211608738808343e-05
1.492998222484379924e-04 -1.989013937960531705e-03 3.838566826617456737e-04 0.000000000000000000e+00 8.482080368692797995e-04 4.065336897226278531e-04 1.765541005526973439e-04 4.493108675133689403e-04 -2.056216838217824177e-04 -2.962767293763745582e-04 4.149644156585377878e-04 -4.441318512013964844e-04
-7.805244530666882209e-05 -2.634226778264515696e-03 -3.086740417005063761e-04 8.482080368692797995e-04 0.000000000000000000e+00 -2.030922497992822110e-04 9.224936456694548918e-04 -2.298346791314695783e-03 -1.955935728988889011e-04 5.432788772947898855e-04 1.119446402703236062e-03 -1.174669841097387632e-03
-2.123997458520423967e-04 2.092889179704445239e-04 -3.079937343769402307e-04 4.065336897226278531e-04 -2.030922497992822110e-04 0.000000000000000000e+00 2.102618964505386637e-04 -5.963191814821717325e-04 2.301790462168808876e-04 -3.928323443042695253e-04 2.537556001062401308e-04 2.531342620825205816e-04
-8.504126274183799886e-04 9.671646478711487223e-04 9.176692988533169566e-04 1.765541005526973439e-04 9.224936456694548918e-04 2.102618964505386637e-04 0.000000000000000000e+00 -1.477291636693749957e-03 -3.324573771154884462e-04 -6.978652939942995952e-04 -5.052052033795351085e-04 -5.373121512241078564e-04
-7.646880422773882089e-04 -5.014067411650555313e-03 1.389626971114371135e-03 4.493108675133689403e-04 -2.298346791314695783e-03 -5.963191814821717325e-04 -1.477291636693749957e-03 0.000000000000000000e+00 -5.701879934692140068e-04 9.131340304814733726e-04 -1.889204928168179047e-03 2.530045892504113555e-04
8.884980729157420916e-05 8.739942843013022346e-04 -7.958990227399766269e-05 -2.056216838217824177e-04 -1.955935728988889011e-04 2.301790462168808876e-04 -3.324573771154884462e-04 -5.701879934692140068e-04 0.000000000000000000e+00 2.903483442758869387e-04 8.343383489330691858e-04 1.582024832246168699e-04
-6.053740290535797542e-05 -4.908400444404299430e-04 -5.203191903122076061e-04 -2.962767293763745582e-04 5.432788772947898855e-04 -3.928323443042695253e-04 -6.978652939942995952e-04 9.131340304814733726e-04 2.903483442758869387e-04 0.000000000000000000e+00 2.874360843653200859e-04 3.525879789250092140e-04
-2.082341662353916754e-04 -2.099870516720376331e-03 -2.863592165568639401e-04 4.149644156585377878e-04 1.119446402703236062e-03 2.537556001062401308e-04 -5.052052033795351085e-04 -1.889204928168179047e-03 8.343383489330691858e-04 2.874360843653200859e-04 0.000000000000000000e+00 1.742500867824733858e-03
2.657110360192615388e-04 -5.706164329593877696e-04 -8.448211608738808343e-05 -4.441318512013964844e-04 -1.174669841097387632e-03 2.531342620825205816e-04 -5.373121512241078564e-04 2.530045892504113555e-04 1.582024832246168699e-04 3.525879789250092140e-04 1.742500867824733858e-03 0.000000000000000000e+00
