0.000000000000000000e+00 3.537180610979096538e-04 2.088984576554136520e-04 3.143003259309645053e-04 7.547412027226126389e-04 -1.298792949730519708e-03 -4.915122706956118062e-04 8.714892184038612166e-04 -5.207012470565042022e-04 -1.480883904728380325e-04 -4.651105061188652123e-04 -4.859403912399238193e-06
3.537180610979096538e-04 0.000000000000000000e+00 6.042403156546830847e-04 1.336594163345227295e-03 1.263038032936302521e-03 8.419691744301676046e-04 3.656843967963087729e-04 1.100815079178759466e-03 -3.347570978372230578e-04 2.083906041957558474e-04 -9.063271229204447220e-04 3.001258762663189359e-04
2.088984576554136520e-04 6.042403156546830847e-04 0.000000000000000000e+00 1.389160083328087663e-03 4.491112106363127844e-04 -4.381032566781247893e-04 -2.044981035454142466e-06 -3.716741798205922876e-04 4.364243955276730404e-04 -4.525667767982610810e-04 -5.310291817804029327e-04 3.287170011534309923e-04
3.143003259309645053e-04 1.336594163345227295e-03 1.389160083328087663e-03 0.000000000000000000e+00 -1.855049311415215120e-03 1.097447715540591714e-03 -6.071626186530957236e-04 -2.928957864272915650e-03 -8.080705740083643117e-04 8.063215795004668529e-04 3.609459066598704933e-04 -2.588458244585662023e-04
7.547412027226126389e-04 1.263038032936302521e-03 4.491112106363127844e-04 -1.855049311415215120e-03 0.000000000000000000e+00 -3.120098994711007975e-03 -3.175249396517622878e-04 3.073947341998136025e-03 -9.399360510342087000e-04 -3.100796639726687812e-04 2.017435241703261720e-03 5.010380079661306673e-04
-1.298792949730519708e-03 8.419691744301676046e-04 -4.381032566781247893e-04 1.097447715540591714e-03 -3.120098994711007975e-03 0.000000000000000000e+00 5.919383067796281459e-04 2.547740198455372956e-03 -7.163410623144120986e-04 -1.173142433576439356e-03 -9.984467911653216801e-04 -7.896263646266987127e-04
-4.915122706956118062e-04 3.656843967963087729e-04 -2.044981035454142466e-06 -6.071626186530957236e-04 -3.175249396517622878e-04 5.919383067796281459e-04 0.000000000000000000e+00 4.365873402251136521e-04 -3.089803553512811556e-04 3.702546714992263773e-04 1.823248918452863537e-04 3.154577194872073328e-04
8.714892184038612166e-04 1.100815079178759466e-03 -3.716741798205922876e-04 -2.928957864272915650e-03 3.073947341998136025e-03 2.547740198455372956e-03 4.365873402251136521e-04 0.000000000000000000e+00 -1.193515672597009148e-03 -1.244703965805080007e-03 -1.357359172049522889e-03 8.732515688395429520e-05
-5.207012470565042022e-04 -3.347570978372230578e-04 4.364243955276730404e-04 -8.080705740083643117e-04 -9.399360510342087000e-04 -7.163410623144120986e-04 -3.089803553512811556e-04 -1.193515672597009148e-03 0.000000000000000000e+00 -6.770187449624653474e-04 -7.182515318688876280e-04 -3.312316396073778854e-04
-1.480883904728380325e-04 2.083906041957558474e-04 -4.525667767982610810e-04 8.063215795004668529e-04 -3.100796639726687812e-04 -1.173142433576439356e-03 3.702546714992263773e-04 -1.244703965805080007e-03 -6.770187449624653474e-04 0.000000000000000000e+00 -5.817128184467298393e-04 4.742818087920031055e-04
-4.651105061188652123e-04 -9.063271229204447220e-04 -5.310291817804029327e-04 3.609459066598704933e-04 2.017435241703261720e-03 -9.984467911653216801e-04 1.823248918452863537e-04 -1.357359172049522889e-03 -7.182515318688876280e-04 -5.817128184467298393e-04 0.000000000000000000e+00 8.364636382494283155e-04
-4.859403912399238193e-06 3.001258762663189359e-04 3.287170011534309923e-04 -2.588458244585662023e-04 5.010380079661306673e-04 -7.896263646266987127e-04 3.154577194872073328e-04 8.732515688395429520e-05 -3.312316396073778854e-04 4.742818087920031055e-04 8.364636382494283155e-04 0.000000000000000000e+00
