0.000000000000000000e+00 6.442593704330490346e-04 7.425989776432472217e-05 -1.453965321588078638e-03 -3.913879621042533471e-04 3.717930347976386028e-04 -3.898995034466727259e-04 -1.370792424766971830e-03 1.180503528366168400e-04 3.667732618631647039e-04 -3.040877169929909164e-05 2.187746854351891196e-05
6.442593704330490346e-04 0.000000000000000000e+00 -1.919818189726532338e-04 5.083566100485670649e-04 1.901221180810741410e-04 8.394964640558446548e-04 5.841190871335434588e-04 -5.839475369009161122e-04 5.552740422710823287e-05 2.537172192736443098e-04 -1.437011518329434469e-04 1.616621791481127922e-04
7.425989776432472217e-05 -1.919818189726532338e-04 0.000000000000000000e+00 3.368980536956299454e-04 -7.272640030749951551e-04 -7.384685732099995580e-05 -1.639357804317078738e-04 5.389850776317499500e-04 -1.674829930371048777e-04 -4.896358039207035365e-04 5.133897850712578403e-04 -8.407334630544805582e-05
-1.453965321588078638e-03 5.083566100485670649e-04 3.368980536956299454e-04 0.000000000000000000e+00 2.130211851186758140e-03 -8.999635217474413014e-05 -8.783680015628200267e-05 1.763799404299764867e-04 9.505132384825129782e-04 4.450113995853756778e-04 2.166476148156818056e-03 -2.769788167261388371e-05
-3.913879621042533471e-04 1.901221180810741410e-04 -7.272640030749951551e-04 2.130211851186758140e-03 0.000000000000000000e+00 1.435002717252329037e-03 -2.259557976418702114e-04 2.831088242841583915e-03 7.311660566519927748e-04 -1.701576139884606706e-05 -1.376681649597071705e-03 -6.429699618795410403e-04
3.717930347976386028e-04 8.394964640558446548e-04 -7.384685732099995580e-05 -8.999635217474413014e-05 1.435002717252329037e-03 0.000000000000000000e+00 3.073156659653514494e-04 2.361768259931805013e-03 -1.723440786549376269e-04 -7.250169834672002677e-05 8.703971536165651824e-04 3.474826833263659005e-04
-3.898995034466727259e-04 5.841190871335434588e-04 -1.639357804317078738e-04 -8.783680015628200267e-05 -2.259557976418702114e-04 3.073156659653514494e-04 0.000000000000000000e+00 3.489393895855391094e-04 -1.238286154826413689e-04 -1.473208733573230583e-04 -3.412382636115618884e-04 1.399483412880692665e-04
-1.370792424766971830e-03 -5.839475369009161122e-04 5.389850776317499500e-04 1.763799404299764867e-04 2.831088242841583915e-03 2.361768259931805013e-03 3.489393895855391094e-04 0.000000000000000000e+00 6.343939973883005535e-04 -3.636260010191593437e-04 1.709381182792939690e-03 3.156649777550190987e-04
1.180503528366168400e-04 5.552740422710823287e-05 -1.674829930371048777e-04 9.505132384825129782e-04 7.311660566519927748e-04 -1.723440786549376269e-04 -1.238286154826413689e-04 6.343939973883005535e-04 0.000000000000000000e+00 -1.603236844140822146e-04 8.441013232195600114e-06 5.193379168351091533e-05
3.667732618631647039e-04 2.537172192736443098e-04 -4.896358039207035365e-04 4.450113995853756778e-04 -1.701576139884606706e-05 -7.250169834672002677e-05 -1.473208733573230583e-04 -3.636260010191593437e-04 -1.603236844140822146e-04 0.000000000000000000e+00 3.273666133691751625e-04 6.729992680934456894e-05
-3.040877169929909164e-05 -1.437011518329434469e-04 5.133897850712578403e-04 2.166476148156818056e-03 -1.376681649597071705e-03 8.703971536165651824e-04 -3.412382636115618884e-04 1.709381182792939690e-03 8.441013232195600114e-06 3.273666133691751625e-04 0.000000000000000000e+00 4.775817569787255048e-04
2.187746854351891196e-05 1.616621791481127922e-04 -8.407334630544805582e-05 -2.769788167261388371e-05 -6.429699618795410403e-04 3.474826833263659005e-04 1.399483412880692665e-04 3.156649777550190987e-04 5.193379168351091533e-05 6.729992680934456894e-05 4.775817569787255048e-04 0.000000000000000000e+00
