0.000000000000000000e+00 -3.772030315028465012e-04 -3.283750000741479354e-04 1.680941414517777069e-04 -1.467364397189406229e-03 -4.676970876704978600e-04 -4.657994766021048179e-04 1.141317767630963768e-03 -4.597700068801386817e-04 -9.027423568715866957e-05 -4.573743921733060253e-05 -1.326398670307946147e-04
-3.772030315028465012e-04 0.000000000000000000e+00 -1.485303434437762287e-04 -5.676188177676331093e-04 1.627077882077369473e-03 4.469099391366894761e-04 -6.680118354163274092e-04 -4.271217583347971169e-04 -1.452913491256413762e-04 -9.786707320623569685e-06 -1.027365834925250384e-03 2.766727295698481618e-04
-3.283750000741479354e-04 -1.485303434437762287e-04 0.000000000000000000e+00 5.063651733942428466e-05 1.519309831857411721e-04 2.759322870046693253e-04 3.450834409401124284e-04 -6.962231516340132258e-04 -4.782614589438606784e-04 1.744302622825358816e-04 7.836000373179929533e-04 -8.866418869948505040e-05
1.680941414517777069e-04 -5.676188177676331093e-04 5.063651733942428466e-05 0.000000000000000000e+00 -1.029847605749163904e-03 -1.569095987129582020e-03 9.201132724259762728e-04 -6.354245225525164418e-04 -5.457407013760586477e-04 4.302074630202721304e-04 -2.172966433220711174e-03 9.662661507039245132e-04
-1.467364397189406229e-03 1.627077882077369473e-03 1.519309831857411721e-04 -1.029847605749163904e-03 0.000000000000000000e+00 -2.045943641606873687e-03 -5.479888297226590812e-04 3.117511922709532588e-04 2.299402150256947162e-04 -7.263136637683715625e-04 -1.163475880378293429e-04 4.053550787482471649e-04
-4.676970876704978600e-04 4.469099391366894761e-04 2.759322870046693253e-04 -1.569095987129582020e-03 -2.045943641606873687e-03 0.000000000000000000e+00 -3.579624556577231677e-04 -1.421262952862695174e-03 -7.949812200919053641e-04 2.144157563319772715e-04 9.616105982944874429e-05 5.651799487182151711e-04
-4.657994766021048179e-04 -6.680118354163274092e-04 3.450834409401124284e-04 9.201132724259762728e-04 -5.479888297226590812e-04 -3.579624556577231677e-04 0.000000000000000000e+00 -7.343994605533555979e-04 7.714413019527195442e-05 -2.608161396992913039e-05 8.597461345916181151e-04 3.815657842812015160e-05
1.141317767630963768e-03 -4.271217583347971169e-04 -6.962231516340132258e-04 -6.354245225525164418e-04 3.117511922709532588e-04 -1.421262952862695174e-03 -7.343994605533555979e-04 0.000000000000000000e+00 -8.106058315252419409e-04 4.094703657398131042e-05 1.105082822862485468e-03 -2.886068053619549964e-05
-4.597700068801386817e-04 -1.452913491256413762e-04 -4.782614589438606784e-04 -5.457407013760586477e-04 2.299402150256947162e-04 -7.949812200919053641e-04 7.714413019527195442e-05 -8.106058315252419409e-04 0.000000000000000000e+00 -1.413726336354005381e-04 -1.617562224142604990e-04 -4.839632567942574767e-04
-9.027423568715866957e-05 -9.786707320623569685e-06 1.744302622825358816e-04 4.302074630202721304e-04 -7.263136637683715625e-04 2.144157563319772715e-04 -2.608161396992913039e-05 4.094703657398131042e-05 -1.413726336354005381e-04 0.000000000000000000e+00 -1.099006287126880026e-03 -5.547754883274095151e-04
-4.573743921733060253e-05 -1.027365834925250384e-03 7.836000373179929533e-04 -2.172966433220711174e-03 -1.163475880378293429e-04 9.616105982944874429e-05 8.597461345916181151e-04 1.105082822862485468e-03 -1.617562224142604990e-04 -1.099006287126880026e-03 0.000000000000000000e+00 3.631041571308915757e-04
-1.326398670307946147e-04 2.766727295698481618e-04 -8.866418869948505040e-05 9.662661507039245132e-04 4.053550787482471649e-04 5.651799487182151711e-04 3.815657842812015160e-05 -2.886068053619549964e-05 -4.839632567942574767e-04 -5.547754883274095151e-04 3.631041571308915757e-04 0.000000000000000000e+00
