0.000000000000000000e+00 -1.659391080800544393e-04 1.915162653476543044e-04 4.356012228846592210e-04 1.067547667443161574e-03 -4.021961719307840183e-04 -1.133053359522003716e-04 -2.985371981320324598e-04 -6.615733466282389867e-06 -5.637447472451937835e-05 2.618756003412282905e-04 -9.870054309899748291e-05
-1.659391080800544393e-04 0.000000000000000000e+00 -2.959754326387882637e-04 -1.298341825813119008e-03 -1.584947221680066626e-03 8.189615073088411703e-05 1.242039546578712451e-05 -1.417219208906168133e-03 4.063748871953841435e-04 2.406564967466714739e-04 1.155246691557652904e-03 6.478764422926419934e-04
1.915162653476543044e-04 -2.959754326387882637e-04 0.000000000000000000e+00 -5.102639764291760699e-04 -7.730711320564271662e-04 -6.141691219691159265e-04 3.151710722973114702e-04 -3.053286871357027222e-04 5.496110675399825112e-05 -2.826407605014327881e-04 -3.456559127686144859e-05 -1.379676104562138335e-04
4.356012228846592210e-04 -1.298341825813119008e-03 -5.102639764291760699e-04 0.000000000000000000e+00 2.402567011019565019e-03 -2.401893288398382429e-03 3.522795225919152099e-04 -1.825160959613874895e-04 8.434708085469386305e-04 -5.099903109996957104e-04 9.075159326618582401e-04 -2.312407129139495423e-04
1.067547667443161574e-03 -1.584947221680066626e-03 -7.730711320564271662e-04 2.402567011019565019e-03 0.000000000000000000e+00 1.950892799907126942e-03 1.933535377226194461e-04 -1.841054540216676035e-03 -1.006959405682624192e-03 -4.449587782565789370e-04 7.711796700405152425e-04 -8.132733520060746700e-05
-4.021961719307840183e-04 8.189615073088411703e-05 -6.141691219691159265e-04 -2.401893288398382429e-03 1.950892799907126942e-03 0.000000000000000000e+00 2.012845607359928007e-04 -1.006796572236654018e-03 4.245527609076992317e-04 1.320968885501712375e-03 -1.925521463931993433e-03 -7.005201999553635137e-04
-1.133053359522003716e-04 1.242039546578712451e-05 3.151710722973114702e-04 3.522795225919152099e-04 1.933535377226194461e-04 2.012845607359928007e-04 0.000000000000000000e+00 -4.634812795611865542e-04 1.140065473721253470e-04 -1.207112948584943544e-04 4.338327483646487229e-04 7.753507821985386147e-05
-2.985371981320324598e-04 -1.417219208906168133e-03 -3.053286871357027222e-04 -1.825160959613874895e-04 -1.841054540216676035e-03 -1.006796572236654018e-03 -4.634812795611865542e-04 0.000000000000000000e+00 -6.988733344634687769e-04 -8.952602155275723962e-04 2.028358428143454354e-03 -8.823714078167050603e-04
-6.615733466282389867e-06 4.063748871953841435e-04 5.496110675399825112e-05 8.434708085469386305e-04 -1.006959405682624192e-03 4.245527609076992317e-04 1.140065473721253470e-04 -6.988733344634687769e-04 0.000000000000000000e+00 2.833591010177130158e-05 1.063066849384500549e-03 -6.686541273814879788e-05
-5.637447472451937835e-05 2.406564967466714739e-04 -2.826407605014327881e-04 -5.099903109996957104e-04 -4.449587782565789370e-04 1.320968885501712375e-03 -1.207112948584943544e-04 -8.952602155275723962e-04 2.833591010177130158e-05 0.000000000000000000e+00 7.879262474796727049e-04 -3.230197167372910101e-04
2.618756003412282905e-04 1.155246691557652904e-03 -3.456559127686144859e-05 9.075159326618582401e-04 7.711796700405152425e-04 -1.925521463931993433e-03 4.338327483646487229e-04 2.028358428143454354e-03 1.063066849384500549e-03 7.879262474796727049e-04 0.000000000000000000e+00 4.240543057929152299e-04
-9.870054309899748291e-05 6.478764422926419934e-04 -1.379676104562138335e-04 -2.312407129139495423e-04 -8.132733520060746700e-05 -7.005201999553635137e-04 7.753507821985386147e-05 -8.823714078167050603e-04 -6.686541273814879788e-05 -3.230197167372910101e-04 4.240543057929152299e-04 0.000000000000000000e+00
