0.000000000000000000e+00 -2.107891991765448224e-04 9.637161650338130724e-06 -1.043037153997337365e-03 8.435890864127442053e-04 3.377784748590023840e-04 2.531214446295631257e-04 2.803368394987983928e-04 3.200252414153579596e-04 -6.692832053888648873e-04 -1.451459674804379200e-04 3.501186638866515696e-05
-2.107891991765448224e-04 0.000000000000000000e+00 -2.130427167701478034e-04 -1.505857216155016831e-03 -1.334361577243195355e-03 3.369151365598085143e-04 3.151002559557948232e-04 5.456769294259832632e-04 1.180273260410770036e-04 4.217496713596328886e-04 -5.809879710302371471e-05 -2.886236800019530458e-05
9.637161650338130724e-06 -2.130427167701478034e-04 0.000000000000000000e+00 2.547470298250417035e-06 5.941536377106094047e-04 -1.650682717080571892e-04 -2.562526641080691545e-04 -7.411757427871654928e-04 3.240714248488671813e-04 -1.615771224254065788e-04 -4.091252086505225158e-04 -4.182324137978045777e-05
-1.043037153997337365e-03 -1.505857216155016831e-03 2.547470298250417035e-06 0.000000000000000000e+00 -2.474845781090897513e-03 -1.289326139901125767e-03 2.274488182320660813e-04 1.699445136659221594e-04 -1.013166737585001562e-03 8.094588773906482952e-04 -2.098269358816347557e-04 7.171242008484830007e-04
8.435890864127442053e-04 -1.334361577243195355e-03 5.941536377106094047e-04 -2.474845781090897513e-03 0.000000000000000000e+00 -1.836766549649232038e-03 3.859149549779279588e-04 -1.712805653659516892e-03 -8.612546705971075656e-04 3.859206298506912881e-04 -2.179736438342491471e-03 2.532353887776829906e-04
3.377784748590023840e-04 3.369151365598085143e-04 -1.650682717080571892e-04 -1.289326139901125767e-03 -1.836766549649232038e-03 0.000000000000000000e+00 -6.227869512646829744e-04 2.146873630954209550e-03 5.518043137836559911e-04 -1.168112565222429719e-04 -2.243028518956743239e-03 -6.146023113118109739e-04
2.531214446295631257e-04 3.151002559557948232e-04 -2.562526641080691545e-04 2.274488182320660813e-04 3.859149549779279588e-04 -6.227869512646829744e-04 0.000000000000000000e+00 -4.795578150123690924e-04 1.530402014182224719e-04 -2.058014359411457347e-04 -3.190161211292787363e-04 -3.751821815880907016e-04
2.803368394987983928e-04 5.456769294259832632e-04 -7.411757427871654928e-04 1.699445136659221594e-04 -1.712805653659516892e-03 2.146873630954209550e-03 -4.795578150123690924e-04 0.000000000000000000e+00 8.241153234891777663e-04 2.136069316738964255e-04 1.152730286601445352e-04 -4.841867111169718962e-04
3.200252414153579596e-04 1.180273260410770036e-04 3.240714248488671813e-04 -1.013166737585001562e-03 -8.612546705971075656e-04 5.518043137836559911e-04 1.530402014182224719e-04 8.241153234891777663e-04 0.000000000000000000e+00 -1.680449204565545964e-04 9.376214845332652087e-04 -1.777417897839935531e-04
-6.692832053888648873e-04 4.217496713596328886e-04 -1.615771224254065788e-04 8.094588773906482952e-04 3.859206298506912881e-04 -1.168112565222429719e-04 -2.058014359411457347e-04 2.136069316738964255e-04 -1.680449204565545964e-04 0.000000000000000000e+00 -4.594617478326096780e-05 2.501284516406179314e-04
-1.451459674804379200e-04 -5.809879710302371471e-05 -4.091252086505225158e-04 -2.098269358816347557e-04 -2.179736438342491471e-03 -2.243028518956743239e-03 -3.190161211292787363e-04 1.152730286601445352e-04 9.376214845332652087e-04 -4.594617478326096780e-05 0.000000000000000000e+00 8.512041543075560355e-05
3.501186638866515696e-05 -2.886236800019530458e-05 -4.182324137978045777e-05 7.171242008484830007e-04 2.532353887776829906e-04 -6.146023113118109739e-04 -3.751821815880907016e-04 -4.841867111169718962e-04 -1.777417897839935531e-04 2.501284516406179314e-04 8.512041543075560355e-05 0.000000000000000000e+00
