0.000000000000000000e+00 -1.302599870940025816e-03 9.900850881124907514e-04 -1.297696396795794448e-03 1.242282103523008894e-04 3.182407747221137882e-04 -3.309862161236723629e-04 -9.936419253277473367e-04 7.368879321030428423e-04 1.101141180413966542e-04 3.541295008198051038e-03 -1.683448640021216296e-03
-1.302599870940025816e-03 0.000000000000000000e+00 -5.379088062925252867e-04 2.231480368881925047e-04 1.817077103926195670e-04 -9.609985328833049907e-05 4.362690966939504066e-04 3.053883398243210511e-04 5.319744522731526849e-04 -3.999430452307925704e-04 -9.203081872175026754e-04 1.872414201244825308e-04
9.900850881124907514e-04 -5.379088062925252867e-04 0.000000000000000000e+00 1.118763206387336876e-04 -2.055961440289571108e-04 -1.312470209452911546e-04 -1.005340439785969788e-04 2.787985490675494254e-04 4.083091244967905725e-04 1.194352246855203358e-04 7.776194094768935916e-04 -5.138664919633129449e-04
-1.297696396795794448e-03 2.231480368881925047e-04 1.118763206387336876e-04 0.000000000000000000e+00 -1.470718492342996107e-04 -5.542196444256898948e-04 -3.421360636085051194e-04 -1.855509359025399882e-03 5.692594694920771791e-04 -8.266580987107654448e-04 -1.812032646888731263e-03 -7.114496342371211127e-04
1.242282103523008894e-04 1.817077103926195670e-04 -2.055961440289571108e-04 -1.470718492342996107e-04 0.000000000000000000e+00 3.479710732156032641e-04 1.832338646034825780e-05 -8.534972882807291940e-04 -3.739399835937199935e-05 9.091632686647243070e-04 -2.172069334927048331e-03 9.746623513428195841e-04
3.182407747221137882e-04 -9.609985328833049907e-05 -1.312470209452911546e-04 -5.542196444256898948e-04 3.479710732156032641e-04 0.000000000000000000e+00 -3.796473420971544296e-05 -6.888050906737487990e-04 1.180092522363159689e-04 8.372495894237088222e-04 2.191550234978430873e-04 -4.965440303518274100e-04
-3.309862161236723629e-04 4.362690966939504066e-04 -1.005340439785969788e-04 -3.421360636085051194e-04 1.832338646034825780e-05 -3.796473420971544296e-05 0.000000000000000000e+00 5.915081405725599152e-04 6.355052458777427484e-05 -2.573564713704804701e-05 2.989856824362605351e-04 -1.647105520129970668e-04
-9.936419253277473367e-04 3.053883398243210511e-04 2.787985490675494254e-04 -1.855509359025399882e-03 -8.534972882807291940e-04 -6.888050906737487990e-04 5.915081405725599152e-04 0.000000000000000000e+00 3.207216052656219050e-04 -5.177403790080930710e-04 -1.485672851709480885e-03 -6.269473945764984140e-04
7.368879321030428423e-04 5.319744522731526849e-04 4.083091244967905725e-04 5.692594694920771791e-04 -3.739399835937199935e-05 1.180092522363159689e-04 6.355052458777427484e-05 3.207216052656219050e-04 0.000000000000000000e+00 -2.470375341963146245e-06 -3.180219308754208911e-04 -5.136133298569465567e-04
1.101141180413966542e-04 -3.999430452307925704e-04 1.194352246855203358e-04 -8.266580987107654448e-04 9.091632686647243070e-04 8.372495894237088222e-04 -2.573564713704804701e-05 -5.177403790080930710e-04 -2.470375341963146245e-06 0.000000000000000000e+00 -9.473511854723277396e-05 -7.283958779142458116e-04
3.541295008198051038e-03 -9.203081872175026754e-04 7.776194094768935916e-04 -1.812032646888731263e-03 -2.172069334927048331e-03 2.191550234978430873e-04 2.989856824362605351e-04 -1.485672851709480885e-03 -3.180219308754208911e-04 -9.473511854723277396e-05 0.000000000000000000e+00 -2.765738888847584735e-03
-1.683448640021216296e-03 1.872414201244825308e-04 -5.138664919633129449e-04 -7.114496342371211127e-04 9.746623513428195841e-04 -4.965440303518274100e-04 -1.647105520129970668e-04 -6.269473945764984140e-04 -5.136133298569465567e-04 -7.283958779142458116e-04 -2.765738888847584735e-03 0.000000000000000000e+00
