0.000000000000000000e+00 2.630509091388753178e-04 -8.650949698872088030e-04 4.833409882300182883e-04 -2.547276142537743988e-03 -7.588739136146969945e-04 -4.547160302991536769e-04 -9.766530589658121205e-04 4.192159966319807906e-04 6.006890014078011299e-04 -2.915879078958125755e-03 -6.651538611779693553e-04
2.630509091388753178e-04 0.000000000000000000e+00 -5.204582231552608410e-05 9.348601652119676187e-04 -5.690569658113993562e-05 9.705673379725960964e-05 2.298170975075265472e-04 8.040645406300366742e-04 -3.810054121595182817e-04 2.683288013317126517e-04 -1.196718850752277481e-03 -9.222190427512098540e-04
-8.650949698872088030e-04 -5.204582231552608410e-05 0.000000000000000000e+00 1.311652832111143726e-04 -4.729840894651320495e-04 7.561964558935651897e-05 7.798210671192464265e-05 6.023760098075828674e-04 -3.161023936888622348e-04 1.235034960934358757e-04 1.839083804087613913e-04 -5.907419463195805187e-04
4.833409882300182883e-04 9.348601652119676187e-04 1.311652832111143726e-04 0.000000000000000000e+00 -1.218486948471209953e-03 1.275511006946386343e-04 -1.367480686071597881e-04 -3.835995955291795568e-04 2.676782976960780558e-04 -5.549938554695654563e-04 -6.850878936202590844e-04 1.046822420252167905e-03
-2.547276142537743988e-03 -5.690569658113993562e-05 -4.729840894651320495e-04 -1.218486948471209953e-03 0.000000000000000000e+00 -3.698233141350673776e-04 5.940038879905516664e-05 1.048271603546803822e-03 1.731859598590456697e-04 -8.797509822400632635e-04 -2.044782910740266602e-04 2.335779608365120283e-04
-7.588739136146969945e-04 9.705673379725960964e-05 7.561964558935651897e-05 1.275511006946386343e-04 -3.698233141350673776e-04 0.000000000000000000e+00 -2.956277464594188201e-04 8.741196924306459401e-04 5.500305172585044384e-04 6.695219032442640671e-04 -1.710480370613290391e-03 2.502755076296025224e-04
-4.547160302991536769e-04 2.298170975075265472e-04 7.798210671192464265e-05 -1.367480686071597881e-04 5.940038879905516664e-05 -2.956277464594188201e-04 0.000000000000000000e+00 -3.953394343112120253e-04 -4.099603619114780117e-04 3.019676128575568487e-04 7.918516260506798217e-04 1.127261714190319142e-03
-9.766530589658121205e-04 8.040645406300366742e-04 6.023760098075828674e-04 -3.835995955291795568e-04 1.048271603546803822e-03 8.741196924306459401e-04 -3.953394343112120253e-04 0.000000000000000000e+00 -7.137847091627021624e-04 4.749845385208133013e-04 -1.614306926138788087e-03 1.603732063094399788e-03
4.192159966319807906e-04 -3.810054121595182817e-04 -3.161023936888622348e-04 2.676782976960780558e-04 1.731859598590456697e-04 5.500305172585044384e-04 -4.099603619114780117e-04 -7.137847091627021624e-04 0.000000000000000000e+00 3.932742267343942695e-04 3.225219875897997451e-04 -4.868936672219450275e-04
6.006890014078011299e-04 2.683288013317126517e-04 1.235034960934358757e-04 -5.549938554695654563e-04 -8.797509822400632635e-04 6.695219032442640671e-04 3.019676128575568487e-04 4.749845385208133013e-04 3.932742267343942695e-04 0.000000000000000000e+00 -6.731608511849658397e-04 -3.417107932313184727e-04
-2.915879078958125755e-03 -1.196718850752277481e-03 1.839083804087613913e-04 -6.850878936202590844e-04 -2.044782910740266602e-04 -1.710480370613290391e-03 7.918516260506798217e-04 -1.614306926138788087e-03 3.225219875897997451e-04 -6.731608511849658397e-04 0.000000000000000000e+00 -5.001794881093612078e-04
-6.651538611779693553e-04 -9.222190427512098540e-04 -5.907419463195805187e-04 1.046822420252167905e-03 2.335779608365120283e-04 2.502755076296025224e-04 1.127261714190319142e-03 1.603732063094399788e-03 -4.868936672219450275e-04 -3.417107932313184727e-04 -5.001794881093612078e-04 0.000000000000000000e+00
