0.000000000000000000e+00 7.394555031777423930e-04 -6.938593794254373703e-04 -4.274098909616303333e-04 9.102042002834334622e-04 9.033828309241588974e-04 -7.377582109069934007e-04 -1.353674613138626049e-03 -1.169560695309177683e-03 2.938833042284324224e-04 1.920375197005244356e-03 -2.109549496768186108e-03
7.394555031777423930e-04 0.000000000000000000e+00 4.407402893245674085e-04 4.412661146593385014e-04 2.924363548064239635e-04 2.060997944406028546e-04 1.197962365490590165e-04 7.067226791580692074e-04 -1.132752536882987130e-05 9.652179373056076796e-04 -1.725916940977086046e-03 -9.521367086230899139e-04
-6.938593794254373703e-04 4.407402893245674085e-04 0.000000000000000000e+00 1.072015332963167943e-04 -7.971759244416885739e-04 7.373303585673047437e-05 -4.167327323530068995e-05 4.659951279170343051e-04 -2.055207252999572101e-05 -2.970522815194647032e-05 1.139811885527520358e-03 4.580608112378636572e-04
-4.274098909616303333e-04 4.412661146593385014e-04 1.072015332963167943e-04 0.000000000000000000e+00 -9.320230574212076853e-05 -5.789859300350386337e-04 -4.282887647392296000e-04 4.927817550626694765e-04 2.985362543288183840e-04 -1.888902762809929184e-04 -5.052188308181373641e-04 7.066035220615562952e-04
9.102042002834334622e-04 2.924363548064239635e-04 -7.971759244416885739e-04 -9.320230574212076853e-05 0.000000000000000000e+00 -2.606804193838874314e-04 1.193879723745875065e-04 1.414762680852835013e-03 5.156685159982338836e-04 -2.922099691460196009e-04 1.262881058903690505e-03 -1.749367741095816161e-03
9.033828309241588974e-04 2.060997944406028546e-04 7.373303585673047437e-05 -5.789859300350386337e-04 -2.606804193838874314e-04 0.000000000000000000e+00 1.763370008853321340e-04 8.194530901446144726e-04 4.425554865111587456e-05 -3.097398169552679852e-04 -4.681575360151468972e-04 1.005232418470048111e-03
-7.377582109069934007e-04 1.197962365490590165e-04 -4.167327323530068995e-05 -4.282887647392296000e-04 1.193879723745875065e-04 1.763370008853321340e-04 0.000000000000000000e+00 2.934396311324172636e-04 -2.516830257777864766e-04 4.499653109206268970e-05 -1.412462806732823952e-03 -8.113714443397986465e-04
-1.353674613138626049e-03 7.067226791580692074e-04 4.659951279170343051e-04 4.927817550626694765e-04 1.414762680852835013e-03 8.194530901446144726e-04 2.934396311324172636e-04 0.000000000000000000e+00 5.914648342827477992e-04 3.939484288013999627e-04 3.291067164050080329e-03 1.746040737069866865e-03
-1.169560695309177683e-03 -1.132752536882987130e-05 -2.055207252999572101e-05 2.985362543288183840e-04 5.156685159982338836e-04 4.425554865111587456e-05 -2.516830257777864766e-04 5.914648342827477992e-04 0.000000000000000000e+00 -3.403192102795009571e-04 -4.604813768321605258e-04 -4.046969970694036197e-04
2.938833042284324224e-04 9.652179373056076796e-04 -2.970522815194647032e-05 -1.888902762809929184e-04 -2.922099691460196009e-04 -3.097398169552679852e-04 4.499653109206268970e-05 3.939484288013999627e-04 -3.403192102795009571e-04 0.000000000000000000e+00 1.441066375655269873e-03 -7.101191428858862238e-04
1.920375197005244356e-03 -1.725916940977086046e-03 1.139811885527520358e-03 -5.052188308181373641e-04 1.262881058903690505e-03 -4.681575360151468972e-04 -1.412462806732823952e-03 3.291067164050080329e-03 -4.604813768321605258e-04 1.441066375655269873e-03 0.000000000000000000e+00 -4.311555590794847082e-04
-2.109549496768186108e-03 -9.521367086230899139e-04 4.580608112378636572e-04 7.066035220615562952e-04 -1.749367741095816161e-03 1.005232418470048111e-03 -8.113714443397986465e-04 1.746040737069866865e-03 -4.046969970694036197e-04 -7.101191428858862238e-04 -4.311555590794847082e-04 0.000000000000000000e+00
