0.000000000000000000e+00 -1.473751347090667817e-04 -5.970410100238891504e-06 2.232045033488672114e-03 6.898406466590826678e-04 6.117565104430365552e-04 -6.183277872247197691e-04 9.998088981062018543e-04 -3.495744000159673555e-04 -1.722588923425764072e-04 -3.750544796628555843e-03 7.162351233594707123e-04
-1.473751347090667817e-04 0.000000000000000000e+00 -4.640713797540489357e-04 -3.234188408330091212e-05 -1.040831465774806619e-03 7.653881827648416564e-04 3.523880833268478103e-05 -3.688858215769910665e-04 -7.705298254617851290e-04 -1.502190232560840629e-04 -9.247562286162388893e-04 -9.078797651647637973e-04
-5.970410100238891504e-06 -4.640713797540489357e-04 0.000000000000000000e+00 4.320531643056911824e-04 1.493990884740976606e-04 -6.030128761526415430e-06 -8.447535277106495730e-05 -6.599062699533747925e-04 -7.325409725481093505e-05 2.795809027917449830e-04 9.244497213817961341e-04 -1.787724461213713396e-05
2.232045033488672114e-03 -3.234188408330091212e-05 4.320531643056911824e-04 0.000000000000000000e+00 1.753239077827339201e-05 -1.614037746106921983e-04 2.833306171768551268e-04 -3.200851736393817994e-04 -2.299193018712091874e-04 4.392192898396360401e-04 -2.526134881347008154e-03 5.675262334163729818e-04
6.898406466590826678e-04 -1.040831465774806619e-03 1.493990884740976606e-04 1.753239077827339201e-05 0.000000000000000000e+00 1.462622007107098286e-04 1.618215237614577424e-04 1.930588799843637729e-04 1.992260752263473611e-04 -6.820260815907562514e-04 -1.591366376771929285e-03 2.489956723614049523e-04
6.117565104430365552e-04 7.653881827648416564e-04 -6.030128761526415430e-06 -1.614037746106921983e-04 1.462622007107098286e-04 0.000000000000000000e+00 1.322990930361752553e-04 -5.664709702384789847e-04 2.483272818554975014e-04 -3.813568938032393875e-04 1.675808970526240684e-04 -4.689608364529887778e-04
-6.183277872247197691e-04 3.523880833268478103e-05 -8.447535277106495730e-05 2.833306171768551268e-04 1.618215237614577424e-04 1.322990930361752553e-04 0.000000000000000000e+00 -6.413411397826712483e-04 2.345280025758462897e-04 1.533890927179805961e-04 -5.678938266233670790e-05 4.516367480791151981e-04
9.998088981062018543e-04 -3.688858215769910665e-04 -6.599062699533747925e-04 -3.200851736393817994e-04 1.930588799843637729e-04 -5.664709702384789847e-04 -6.413411397826712483e-04 0.000000000000000000e+00 5.157872828623762899e-04 -1.063702686197388761e-03 1.253531379430381214e-03 -1.426130937022555313e-03
-3.495744000159673555e-04 -7.705298254617851290e-04 -7.325409725481093505e-05 -2.299193018712091874e-04 1.992260752263473611e-04 2.483272818554975014e-04 2.345280025758462897e-04 5.157872828623762899e-04 0.000000000000000000e+00 -9.161767995600315104e-05 8.409613529200813840e-04 9.024707568699497952e-04
-1.722588923425764072e-04 -1.502190232560840629e-04 2.795809027917449830e-04 4.392192898396360401e-04 -6.820260815907562514e-04 -3.813568938032393875e-04 1.533890927179805961e-04 -1.063702686197388761e-03 -9.161767995600315104e-05 0.000000000000000000e+00 6.460088499685596184e-04 -1.815316993516542722e-04
-3.750544796628555843e-03 -9.247562286162388893e-04 9.244497213817961341e-04 -2.526134881347008154e-03 -1.591366376771929285e-03 1.675808970526240684e-04 -5.678938266233670790e-05 1.253531379430381214e-03 8.409613529200813840e-04 6.460088499685596184e-04 0.000000000000000000e+00 -2.397586263131815110e-03
7.162351233594707123e-04 -9.078797651647637973e-04 -1.787724461213713396e-05 5.675262334163729818e-04 2.489956723614049523e-04 -4.689608364529887778e-04 4.516367480791151981e-04 -1.426130937022555313e-03 9.024707568699497952e-04 -1.815316993516542722e-04 -2.397586263131815110e-03 0.000000000000000000e+00
