0.000000000000000000e+00 -2.045824625194256731e-04 1.837835137600736263e-04 7.749283557410358361e-04 1.779615787854885839e-04 -5.624835882418871818e-04 5.708204746725706585e-04 -1.845831550450269926e-04 1.319299272412876667e-03 3.753112490215812134e-04 7.667631994297786305e-04 1.028979135591110783e-03
-2.045824625194256731e-04 0.000000000000000000e+00 3.506816488440531242e-04 4.594032573596446012e-04 2.093030342978146273e-04 4.927081820070119056e-04 -4.855113468195565744e-04 1.170592814363372801e-04 1.044190900252799461e-04 2.831953754191432297e-04 4.134014078393134090e-04 -5.300989345776429282e-04
1.837835137600736263e-04 3.506816488440531242e-04 0.000000000000000000e+00 -9.438868344179861041e-04 2.086200083297403991e-04 4.081125967985655616e-04 2.731060278439552337e-04 -3.492208408567658556e-04 5.370871694570553785e-04 1.771789385353367448e-04 -1.638498387934197141e-04 -6.639977122842437860e-04
7.749283557410358361e-04 4.594032573596446012e-04 -9.438868344179861041e-04 0.000000000000000000e+00 1.767109154692237099e-03 9.838959244108452188e-04 -2.041578867906085164e-03 -5.252136653001870806e-04 1.246820369548223666e-03 -1.376921698620112416e-03 7.524369335906685215e-04 3.405041343262372230e-03
1.779615787854885839e-04 2.093030342978146273e-04 2.086200083297403991e-04 1.767109154692237099e-03 0.000000000000000000e+00 -2.618749243810843661e-04 3.718181085443226152e-04 -7.085030373183868546e-04 2.882265898547416985e-04 -1.796337053969490020e-04 -3.637577939141072329e-04 3.843674740078278766e-04
-5.624835882418871818e-04 4.927081820070119056e-04 4.081125967985655616e-04 9.838959244108452188e-04 -2.618749243810843661e-04 0.000000000000000000e+00 1.756319392886892183e-03 1.495707046386203096e-05 -9.592599827565263977e-04 2.144717611888900094e-04 -5.832472721166656344e-04 2.648651203267401305e-03
5.708204746725706585e-04 -4.855113468195565744e-04 2.731060278439552337e-04 -2.041578867906085164e-03 3.718181085443226152e-04 1.756319392886892183e-03 0.000000000000000000e+00 4.520355645984423440e-05 1.781665317440421373e-04 -3.639951074166498891e-04 -4.826845263185235830e-04 1.288825677809518535e-03
-1.845831550450269926e-04 1.170592814363372801e-04 -3.492208408567658556e-04 -5.252136653001870806e-04 -7.085030373183868546e-04 1.495707046386203096e-05 4.520355645984423440e-05 0.000000000000000000e+00 -8.330198462661499853e-04 3.599042565277205358e-04 5.945158187779444204e-04 7.474215764739639001e-04
1.319299272412876667e-03 1.044190900252799461e-04 5.370871694570553785e-04 1.246820369548223666e-03 2.882265898547416985e-04 -9.592599827565263977e-04 1.781665317440421373e-04 -8.330198462661499853e-04 0.000000000000000000e+00 3.547043074206398454e-04 7.033998837091974586e-04 -8.055656906507452017e-04
3.753112490215812134e-04 2.831953754191432297e-04 1.771789385353367448e-04 -1.376921698620112416e-03 -1.796337053969490020e-04 2.144717611888900094e-04 -3.639951074166498891e-04 3.599042565277205358e-04 3.547043074206398454e-04 0.000000000000000000e+00 3.416181781128887799e-06 7.496205892060097157e-04
7.667631994297786305e-04 4.134014078393134090e-04 -1.638498387934197141e-04 7.524369335906685215e-04 -3.637577939141072329e-04 -5.832472721166656344e-04 -4.826845263185235830e-04 5.945158187779444204e-04 7.033998837091974586e-04 3.416181781128887799e-06 0.000000000000000000e+00 -7.111484292672759023e-04
1.028979135591110783e-03 -5.300989345776429282e-04 -6.639977122842437860e-04 3.405041343262372230e-03 3.843674740078278766e-04 2.648651203267401305e-03 1.288825677809518535e-03 7.474215764739639001e-04 -8.055656906507452017e-04 7.496205892060097157e-04 -7.111484292672759023e-04 0.000000000000000000e+00
