0.000000000000000000e+00 -2.267714378693432562e-04 2.389463427266384906e-04 3.453238549403023368e-04 5.318787183433659265e-06 -7.060306487661140336e-04 -1.274281833015750501e-04 5.497834302164075065e-04 7.226272949288968343e-04 4.652946135606281339e-04 8.889944671172332873e-04 3.342562135309748634e-04
-2.267714378693432562e-04 0.000000000000000000e+00 5.708459175586930341e-04 -6.690870921530831916e-04 -4.037853788486846663e-04 -8.845803776858866254e-04 -4.806604680750864445e-04 3.640066420773756944e-04 -8.778967188687559976e-05 5.437592155119544152e-04 -3.109736958349582623e-04 -3.824054156286103541e-04
2.389463427266384906e-04 5.708459175586930341e-04 0.000000000000000000e+00 1.561225023538105779e-03 4.381932338961786540e-04 8.808941610421928319e-04 -9.268775658835034636e-04 4.223343059234355222e-04 1.134433763105957126e-03 9.248897184482033013e-05 -3.765094738339372794e-04 -1.283539905769641356e-03
3.453238549403023368e-04 -6.690870921530831916e-04 1.561225023538105779e-03 0.000000000000000000e+00 -9.610367581040370850e-04 -1.743403471137526051e-03 2.219319227256026910e-03 -2.198307717442146095e-04 3.867535014342293048e-03 -1.872960394937331710e-04 -1.301906281496902854e-03 -2.044757594088556472e-03
5.318787183433659265e-06 -4.037853788486846663e-04 4.381932338961786540e-04 -9.610367581040370850e-04 0.000000000000000000e+00 -1.515677996891617266e-04 -5.469121655993228670e-04 5.429038268614496060e-04 -4.420478179424845136e-04 3.063872651534551065e-05 -2.535380956551508305e-04 2.022756985610249135e-04
-7.060306487661140336e-04 -8.845803776858866254e-04 8.808941610421928319e-04 -1.743403471137526051e-03 -1.515677996891617266e-04 0.000000000000000000e+00 -7.171604849308532291e-05 -1.205489997737079280e-03 5.958685479648742622e-04 -6.135653546897948396e-04 -5.776992654816007774e-07 4.582533334576047819e-04
-1.274281833015750501e-04 -4.806604680750864445e-04 -9.268775658835034636e-04 2.219319227256026910e-03 -5.469121655993228670e-04 -7.171604849308532291e-05 0.000000000000000000e+00 -1.207275878687471800e-03 1.437885656475057766e-03 1.501207503016679695e-07 5.770546483829808588e-05 1.607066847979501598e-03
5.497834302164075065e-04 3.640066420773756944e-04 4.223343059234355222e-04 -2.198307717442146095e-04 5.429038268614496060e-04 -1.205489997737079280e-03 -1.207275878687471800e-03 0.000000000000000000e+00 1.222498479669755986e-03 -8.040324917601052819e-04 2.734949477766400417e-04 1.461975891843050705e-03
7.226272949288968343e-04 -8.778967188687559976e-05 1.134433763105957126e-03 3.867535014342293048e-03 -4.420478179424845136e-04 5.958685479648742622e-04 1.437885656475057766e-03 1.222498479669755986e-03 0.000000000000000000e+00 -1.500777607820527593e-04 -4.942252421779915741e-04 3.145690623213728918e-03
4.652946135606281339e-04 5.437592155119544152e-04 9.248897184482033013e-05 -1.872960394937331710e-04 3.063872651534551065e-05 -6.135653546897948396e-04 1.501207503016679695e-07 -8.040324917601052819e-04 -1.500777607820527593e-04 0.000000000000000000e+00 -3.061004452547401959e-05 3.453371512950636937e-04
8.889944671172332873e-04 -3.109736958349582623e-04 -3.765094738339372794e-04 -1.301906281496902854e-03 -2.535380956551508305e-04 -5.776992654816007774e-07 5.770546483829808588e-05 2.734949477766400417e-04 -4.942252421779915741e-04 -3.061004452547401959e-05 0.000000000000000000e+00 -2.223678191781581484e-04
3.342562135309748634e-04 -3.824054156286103541e-04 -1.283539905769641356e-03 -2.044757594088556472e-03 2.022756985610249135e-04 4.582533334576047819e-04 1.607066847979501598e-03 1.461975891843050705e-03 3.145690623213728918e-03 3.453371512950636937e-04 -2.223678191781581484e-04 0.000000000000000000e+00
