0.000000000000000000e+00 -3.130713469748471812e-04 2.093474494665500789e-04 2.716129598615818876e-04 -3.805968647214612918e-04 9.148803521122987050e-04 7.175011965530883841e-06 8.521172077844892405e-05 -6.140068820028467917e-04 -1.776613600358408949e-04 -4.534171675325793849e-06 -1.137952110638342038e-03
-3.130713469748471812e-04 0.000000000000000000e+00 1.903575212783346188e-04 -2.576913321535757992e-04 3.089765535142674382e-04 -1.521351854338402591e-04 5.738420488692626666e-04 1.094236978224631701e-04 6.761845208177050736e-04 -5.758691406810478777e-04 -2.033909952800710554e-05 -6.170783237706340719e-04
2.093474494665500789e-04 1.903575212783346188e-04 0.000000000000000000e+00 -1.158144074725531375e-03 1.803782814655960289e-04 7.943220855276760623e-04 3.926724282728271927e-04 -6.051565248849316656e-04 5.731938329441344003e-04 -2.145249445062087938e-04 4.139220410218802273e-04 -9.996173900958193158e-04
2.716129598615818876e-04 -2.576913321535757992e-04 -1.158144074725531375e-03 0.000000000000000000e+00 -1.858322180461022353e-03 2.677156194219119933e-03 -9.872356091355956320e-04 -6.207018682371563028e-04 2.407564741971679901e-03 2.810069581938157818e-04 -2.042996336612265616e-04 2.343193824185063872e-03
-3.805968647214612918e-04 3.089765535142674382e-04 1.803782814655960289e-04 -1.858322180461022353e-03 0.000000000000000000e+00 -9.620158617538033911e-04 -4.443111815095335542e-04 -3.799861526169420506e-04 -5.750747460676072534e-06 3.223670098222511382e-04 -4.704645324632427414e-04 1.561556846776662049e-04
9.148803521122987050e-04 -1.521351854338402591e-04 7.943220855276760623e-04 2.677156194219119933e-03 -9.620158617538033911e-04 0.000000000000000000e+00 5.521762039932313036e-04 -6.500018004348104327e-04 -1.566368148750249805e-03 2.907930062119718200e-04 4.965583486566843867e-04 -1.437068592173939771e-03
7.175011965530883841e-06 5.738420488692626666e-04 3.926724282728271927e-04 -9.872356091355956320e-04 -4.443111815095335542e-04 5.521762039932313036e-04 0.000000000000000000e+00 -7.193617754324020588e-04 1.749758919355219036e-03 -6.831863898859731306e-04 -6.479559731453960521e-04 -7.395975670805687418e-04
8.521172077844892405e-05 1.094236978224631701e-04 -6.051565248849316656e-04 -6.207018682371563028e-04 -3.799861526169420506e-04 -6.500018004348104327e-04 -7.193617754324020588e-04 0.000000000000000000e+00 1.790109317444768186e-03 6.297644433240479327e-04 4.556962240632328204e-05 -8.998917882762695565e-04
-6.140068820028467917e-04 6.761845208177050736e-04 5.731938329441344003e-04 2.407564741971679901e-03 -5.750747460676072534e-06 -1.566368148750249805e-03 1.749758919355219036e-03 1.790109317444768186e-03 0.000000000000000000e+00 -5.954566893338078754e-04 -4.176246338677123314e-05 -1.333222616221619748e-03
-1.776613600358408949e-04 -5.758691406810478777e-04 -2.145249445062087938e-04 2.810069581938157818e-04 3.223670098222511382e-04 2.907930062119718200e-04 -6.831863898859731306e-04 6.297644433240479327e-04 -5.954566893338078754e-04 0.000000000000000000e+00 -1.507858823804477145e-05 -6.209364255188869371e-04
-4.534171675325793849e-06 -2.033909952800710554e-05 4.139220410218802273e-04 -2.042996336612265616e-04 -4.704645324632427414e-04 4.965583486566843867e-04 -6.479559731453960521e-04 4.556962240632328204e-05 -4.176246338677123314e-05 -1.507858823804477145e-05 0.000000000000000000e+00 -9.393682413412957934e-04
-1.137952110638342038e-03 -6.170783237706340719e-04 -9.996173900958193158e-04 2.343193824185063872e-03 1.561556846776662049e-04 -1.437068592173939771e-03 -7.395975670805687418e-04 -8.998917882762695565e-04 -1.333222616221619748e-03 -6.209364255188869371e-04 -9.393682413412957934e-04 0.000000000000000000e+00
