0.000000000000000000e+00 -2.860651371836169031e-04 2.494777501455623767e-04 7.421949567386885473e-04 8.848060854143679869e-05 8.685985529268871585e-04 3.882559246603578323e-04 -7.657376903998006469e-04 -3.630314237771366335e-04 -3.515880160986794596e-05 2.220039085329175406e-04 3.194041080977259406e-04
-2.860651371836169031e-04 0.000000000000000000e+00 -5.596972514166303716e-05 -1.517131189334737355e-04 -4.105236555248085745e-04 7.486097944995403911e-04 -3.698311825008685199e-04 -9.495097672372853877e-05 1.237993616861943419e-03 6.412018326729026227e-05 -2.689119928839248043e-04 3.884457564978493474e-04
2.494777501455623767e-04 -5.596972514166303716e-05 0.000000000000000000e+00 -6.331921474933741543e-04 -3.286380281638393908e-04 -3.145478170989235520e-04 4.964588374368101870e-04 4.175982526523971543e-05 -1.008555581709154759e-03 -3.244132647890145662e-04 3.296737528742530658e-05 -1.641677007389914116e-04
7.421949567386885473e-04 -1.517131189334737355e-04 -6.331921474933741543e-04 0.000000000000000000e+00 -1.711653440127260529e-04 -2.502379029982199771e-03 -8.812273337487864719e-04 -6.350439839840364611e-04 2.024242875343184103e-03 1.315366289030012864e-04 1.282980863718674678e-03 -1.139941816528586066e-03
8.848060854143679869e-05 -4.105236555248085745e-04 -3.286380281638393908e-04 -1.711653440127260529e-04 0.000000000000000000e+00 8.038367862984216027e-04 -3.295348574210666347e-04 1.893101151471663127e-04 1.339510612486106023e-03 -2.542551241063285101e-04 2.379671739593163600e-04 8.890462709255372116e-04
8.685985529268871585e-04 7.486097944995403911e-04 -3.145478170989235520e-04 -2.502379029982199771e-03 8.038367862984216027e-04 0.000000000000000000e+00 -1.460696051391882329e-03 9.248172069322429124e-04 2.918026845154420186e-04 -4.247171520460111096e-04 3.516001624638409725e-04 -9.902452578974629913e-04
3.882559246603578323e-04 -3.698311825008685199e-04 4.964588374368101870e-04 -8.812273337487864719e-04 -3.295348574210666347e-04 -1.460696051391882329e-03 0.000000000000000000e+00 5.156203206250541213e-04 -1.427626601008997759e-03 9.239711425153331330e-05 -7.575022396928640666e-05 1.479067284965999507e-03
-7.657376903998006469e-04 -9.495097672372853877e-05 4.175982526523971543e-05 -6.350439839840364611e-04 1.893101151471663127e-04 9.248172069322429124e-04 5.156203206250541213e-04 0.000000000000000000e+00 -8.209277289758166909e-05 1.387264663271232782e-04 -4.135753374500376498e-04 1.398946455217312933e-03
-3.630314237771366335e-04 1.237993616861943419e-03 -1.008555581709154759e-03 2.024242875343184103e-03 1.339510612486106023e-03 2.918026845154420186e-04 -1.427626601008997759e-03 -8.209277289758166909e-05 0.000000000000000000e+00 -5.911685676600115418e-04 -6.507321722078181312e-05 8.397663640753542111e-04
-3.515880160986794596e-05 6.412018326729026227e-05 -3.244132647890145662e-04 1.315366289030012864e-04 -2.542551241063285101e-04 -4.247171520460111096e-04 9.239711425153331330e-05 1.387264663271232782e-04 -5.911685676600115418e-04 0.000000000000000000e+00 -2.133505806239058430e-04 4.943876104905031970e-04
2.220039085329175406e-04 -2.689119928839248043e-04 3.296737528742530658e-05 1.282980863718674678e-03 2.379671739593163600e-04 3.516001624638409725e-04 -7.575022396928640666e-05 -4.135753374500376498e-04 -6.507321722078181312e-05 -2.133505806239058430e-04 0.000000000000000000e+00 -1.251818623737483728e-04
3.194041080977259406e-04 3.884457564978493474e-04 -1.641677007389914116e-04 -1.139941816528586066e-03 8.890462709255372116e-04 -9.902452578974629913e-04 1.479067284965999507e-03 1.398946455217312933e-03 8.397663640753542111e-04 4.943876104905031970e-04 -1.251818623737483728e-04 0.000000000000000000e+00
