0.000000000000000000e+00 -2.324688592740704060e-04 -1.201701539565731131e-04 -9.829678982338093361e-04 -8.433520442064262922e-05 -8.130390624484871293e-05 5.538883200053885004e-04 -5.405422893926959804e-04 7.119967663596548854e-04 4.825146168885689361e-05 -1.408118931159469387e-04 -8.533410622833591079e-04
-2.324688592740704060e-04 0.000000000000000000e+00 -2.642810791694215605e-04 8.013416795247462702e-04 -7.404564528996237420e-05 4.418023246290293153e-04 -6.113976494893845438e-04 2.601173070031580605e-04 2.676869359353073897e-04 1.800602912555627523e-04 2.726108490531686947e-05 4.724874562368136326e-04
-1.201701539565731131e-04 -2.642810791694215605e-04 0.000000000000000000e+00 -1.041881048695807513e-03 -3.060146432254163586e-04 -6.435835311876205085e-05 -4.934304764505913253e-04 -3.863955150703962628e-04 1.163508030316876994e-03 -2.448537016163321528e-04 -1.282853732226600348e-04 -2.749194407573633207e-04
-9.829678982338093361e-04 8.013416795247462702e-04 -1.041881048695807513e-03 0.000000000000000000e+00 -3.623281018589368440e-04 1.924058174888919131e-04 1.268534747198154188e-04 -2.343311556852727389e-03 -1.855402898423914393e-03 1.623004444857678195e-03 -2.781753804654268220e-04 1.039076505532567519e-03
-8.433520442064262922e-05 -7.404564528996237420e-05 -3.060146432254163586e-04 -3.623281018589368440e-04 0.000000000000000000e+00 1.939906033365070340e-04 1.346435261039349851e-04 5.787162653219868813e-04 7.397181890321799860e-04 5.531713304978291704e-04 -3.204659658558506232e-05 1.560133946384657713e-04
-8.130390624484871293e-05 4.418023246290293153e-04 -6.435835311876205085e-05 1.924058174888919131e-04 1.939906033365070340e-04 0.000000000000000000e+00 8.056160207256560745e-05 -1.056731104591376348e-03 2.093151769918001875e-03 4.551752796475449668e-04 5.990163868351894901e-04 6.458357595410248956e-04
5.538883200053885004e-04 -6.113976494893845438e-04 -4.934304764505913253e-04 1.268534747198154188e-04 1.346435261039349851e-04 8.056160207256560745e-05 0.000000000000000000e+00 -3.796691058945029238e-04 9.137508790447893903e-04 -7.519865288385305362e-04 4.514835275220489114e-04 7.781258879311874063e-04
-5.405422893926959804e-04 2.601173070031580605e-04 -3.863955150703962628e-04 -2.343311556852727389e-03 5.787162653219868813e-04 -1.056731104591376348e-03 -3.796691058945029238e-04 0.000000000000000000e+00 -5.136616935538069421e-04 -4.431559955898539747e-04 8.417245733264275048e-05 6.747439576628009488e-04
7.119967663596548854e-04 2.676869359353073897e-04 1.163508030316876994e-03 -1.855402898423914393e-03 7.397181890321799860e-04 2.093151769918001875e-03 9.137508790447893903e-04 -5.136616935538069421e-04 0.000000000000000000e+00 -4.619538210898871763e-05 -5.926325273971526971e-04 1.643929468980393936e-03
4.825146168885689361e-05 1.800602912555627523e-04 -2.448537016163321528e-04 1.623004444857678195e-03 5.531713304978291704e-04 4.551752796475449668e-04 -7.519865288385305362e-04 -4.431559955898539747e-04 -4.619538210898871763e-05 0.000000000000000000e+00 5.897792654165159062e-05 -1.121990058558912720e-03
-1.408118931159469387e-04 2.726108490531686947e-05 -1.282853732226600348e-04 -2.781753804654268220e-04 -3.204659658558506232e-05 5.990163868351894901e-04 4.514835275220489114e-04 8.417245733264275048e-05 -5.926325273971526971e-04 5.897792654165159062e-05 0.000000000000000000e+00 -7.556960726147438990e-04
-8.533410622833591079e-04 4.724874562368136326e-04 -2.749194407573633207e-04 1.039076505532567519e-03 1.560133946384657713e-04 6.458357595410248956e-04 7.781258879311874063e-04 6.747439576628009488e-04 1.643929468980393936e-03 -1.121990058558912720e-03 -7.556960726147438990e-04 0.000000000000000000e+00
