0.000000000000000000e+00 3.228477181134744136e-04 -2.239257732410053861e-04 -2.881120119136299494e-04 -6.749283615607813008e-04 -8.110281410012157906e-04 6.403407555104064994e-04 8.538880619917684021e-04 1.573477073676989577e-04 2.631740471815939434e-04 6.374545838565756888e-04 -7.358193289778206761e-05
3.228477181134744136e-04 0.000000000000000000e+00 -2.940527579333518187e-04 -5.736612684085613768e-04 -1.016413550542191372e-04 4.089908283540020085e-04 -1.040354703203802541e-03 3.001283689102001145e-04 -2.631210512149176730e-04 7.828050303719285207e-04 -3.528805084779235266e-04 -2.131943585414131038e-04
-2.239257732410053861e-04 -2.940527579333518187e-04 0.000000000000000000e+00 1.215819151337108930e-05 3.694552202484588811e-04 3.573850534695414516e-04 9.467437183018214504e-05 -2.155402696317330511e-04 -1.056765832660795277e-04 1.052155189945480092e-04 1.413969943005036255e-04 -1.412849676302638767e-04
-2.881120119136299494e-04 -5.736612684085613768e-04 1.215819151337108930e-05 0.000000000000000000e+00 1.169220205737742926e-03 -1.454336997581986285e-03 -1.105924139125525870e-03 4.029042926119008996e-04 6.045193458925988278e-04 3.715364423056666764e-06 1.168263834494958492e-03 4.903836530767074564e-04
-6.749283615607813008e-04 -1.016413550542191372e-04 3.694552202484588811e-04 1.169220205737742926e-03 0.000000000000000000e+00 -6.118132956148848983e-04 -1.746530355330814079e-03 2.435821852143811583e-03 -1.787770418689638456e-03 -1.248922580892124733e-03 3.593413406568714730e-04 -3.068775984194823661e-04
-8.110281410012157906e-04 4.089908283540020085e-04 3.573850534695414516e-04 -1.454336997581986285e-03 -6.118132956148848983e-04 0.000000000000000000e+00 2.500835281530529330e-04 2.256373064577195473e-03 6.072967503652995256e-04 -5.782970572265334853e-04 7.025826537577460618e-04 1.028819043488915963e-04
6.403407555104064994e-04 -1.040354703203802541e-03 9.467437183018214504e-05 -1.105924139125525870e-03 -1.746530355330814079e-03 2.500835281530529330e-04 0.000000000000000000e+00 6.229893510816213566e-04 -7.141437497427404217e-04 -9.294278611941557324e-04 2.000602506356778318e-03 2.170308412206012620e-04
8.538880619917684021e-04 3.001283689102001145e-04 -2.155402696317330511e-04 4.029042926119008996e-04 2.435821852143811583e-03 2.256373064577195473e-03 6.229893510816213566e-04 0.000000000000000000e+00 3.718386919739386388e-04 -9.356799482769577415e-05 2.604432372183685621e-03 -6.307650981762038568e-04
1.573477073676989577e-04 -2.631210512149176730e-04 -1.056765832660795277e-04 6.045193458925988278e-04 -1.787770418689638456e-03 6.072967503652995256e-04 -7.141437497427404217e-04 3.718386919739386388e-04 0.000000000000000000e+00 -5.556775715344873523e-04 3.984655852623753209e-04 -5.656925388759033359e-04
2.631740471815939434e-04 7.828050303719285207e-04 1.052155189945480092e-04 3.715364423056666764e-06 -1.248922580892124733e-03 -5.782970572265334853e-04 -9.294278611941557324e-04 -9.356799482769577415e-05 -5.556775715344873523e-04 0.000000000000000000e+00 -1.039516379919824265e-04 1.040246219947659601e-04
6.374545838565756888e-04 -3.528805084779235266e-04 1.413969943005036255e-04 1.168263834494958492e-03 3.593413406568714730e-04 7.025826537577460618e-04 2.000602506356778318e-03 2.604432372183685621e-03 3.984655852623753209e-04 -1.039516379919824265e-04 0.000000000000000000e+00 2.236741480428587744e-04
-7.358193289778206761e-05 -2.131943585414131038e-04 -1.412849676302638767e-04 4.903836530767074564e-04 -3.068775984194823661e-04 1.028819043488915963e-04 2.170308412206012620e-04 -6.307650981762038568e-04 -5.656925388759033359e-04 1.040246219947659601e-04 2.236741480428587744e-04 0.000000000000000000e+00
