0.000000000000000000e+00 -1.546577892684329775e-06 1.118014403167614954e-04 -9.452629011333828289e-05 8.929680606602572596e-04 7.460489490307865975e-04 -8.185369113563202960e-04 -8.559651970611124178e-04 5.746211652844742442e-04 6.898204915345664727e-04 2.391906293402510199e-04 1.406632300631243857e-04
-1.546577892684329775e-06 0.000000000000000000e+00 1.257914592660020349e-04 -8.700084717921547912e-05 -6.418158837059788433e-04 4.595567992444277096e-04 -9.348776266800000760e-04 4.395719603475099264e-05 2.249269613841160277e-04 -3.519281457767931389e-04 -3.251609452021864957e-04 3.283995007044342922e-04
1.118014403167614954e-04 1.257914592660020349e-04 0.000000000000000000e+00 1.871812095702913193e-04 3.253002833262216343e-04 1.467779471961915244e-04 3.826930522861984050e-04 -3.293417038922458987e-04 1.767024103425493173e-04 1.634180347564674791e-04 5.682535255375338558e-04 -3.609005506829552810e-04
-9.452629011333828289e-05 -8.700084717921547912e-05 1.871812095702913193e-04 0.000000000000000000e+00 -5.071780609717269772e-05 -6.819604299825505784e-05 -3.426286887188528628e-05 7.486845842631821091e-04 -7.999481165111897805e-04 6.651286001871853978e-04 -6.441693357635254816e-04 -5.051936620029829489e-04
8.929680606602572596e-04 -6.418158837059788433e-04 3.253002833262216343e-04 -5.071780609717269772e-05 0.000000000000000000e+00 1.289218032216170881e-03 -2.249131993994409485e-03 -1.214162389316289893e-03 4.409334070290345155e-04 1.062001794257596676e-03 -5.484844506599699694e-04 -6.627770360577959910e-04
7.460489490307865975e-04 4.595567992444277096e-04 1.467779471961915244e-04 -6.819604299825505784e-05 1.289218032216170881e-03 0.000000000000000000e+00 3.063496632163772038e-03 -1.732528297331753725e-03 8.953890482522352309e-04 5.542920712077423510e-04 -3.379613100357492343e-03 -6.191703076767925411e-05
-8.185369113563202960e-04 -9.348776266800000760e-04 3.826930522861984050e-04 -3.426286887188528628e-05 -2.249131993994409485e-03 3.063496632163772038e-03 0.000000000000000000e+00 3.557851650190417352e-04 -3.722070228295106301e-04 -4.016400648065459906e-05 -2.527729699047515880e-03 6.209369874987611402e-04
-8.559651970611124178e-04 4.395719603475099264e-05 -3.293417038922458987e-04 7.486845842631821091e-04 -1.214162389316289893e-03 -1.732528297331753725e-03 3.557851650190417352e-04 0.000000000000000000e+00 -2.761032399865696071e-04 9.102874991149023697e-04 -7.526168082902413847e-04 1.343325751380964098e-04
5.746211652844742442e-04 2.249269613841160277e-04 1.767024103425493173e-04 -7.999481165111897805e-04 4.409334070290345155e-04 8.953890482522352309e-04 -3.722070228295106301e-04 -2.761032399865696071e-04 0.000000000000000000e+00 -3.672937250251143626e-04 -6.698269591770094050e-04 5.372644948207832769e-04
6.898204915345664727e-04 -3.519281457767931389e-04 1.634180347564674791e-04 6.651286001871853978e-04 1.062001794257596676e-03 5.542920712077423510e-04 -4.016400648065459906e-05 9.102874991149023697e-04 -3.672937250251143626e-04 0.000000000000000000e+00 3.965369316852149933e-04 6.674302174800541458e-04
2.391906293402510199e-04 -3.251609452021864957e-04 5.682535255375338558e-04 -6.441693357635254816e-04 -5.484844506599699694e-04 -3.379613100357492343e-03 -2.527729699047515880e-03 -7.526168082902413847e-04 -6.698269591770094050e-04 3.965369316852149933e-04 0.000000000000000000e+00 -2.474140784598207799e-04
1.406632300631243857e-04 3.283995007044342922e-04 -3.609005506829552810e-04 -5.051936620029829489e-04 -6.627770360577959910e-04 -6.191703076767925411e-05 6.209369874987611402e-04 1.343325751380964098e-04 5.372644948207832769e-04 6.674302174800541458e-04 -2.474140784598207799e-04 0.000000000000000000e+00
