0.000000000000000000e+00 2.494686615781732978e-04 -3.185934570200339494e-04 -3.627355535878481856e-04 -3.748774483092113911e-04 -9.633993335520360177e-04 -3.123343008689900087e-05 4.324295142464982655e-04 1.772537055754008859e-04 2.733021270842263956e-04 5.718150756003152193e-04 7.600010021986767367e-05
2.494686615781732978e-04 0.000000000000000000e+00 6.110192662497703582e-05 -3.716549447992518714e-04 1.115004213397766423e-03 5.412060724746132470e-04 -1.301614806852395426e-03 5.755123802763542715e-04 1.096989343503986523e-04 -4.933928821754333385e-04 7.888282377231346787e-04 -3.415001723169618672e-04
-3.185934570200339494e-04 6.110192662497703582e-05 0.000000000000000000e+00 -2.478129014250613378e-06 1.968363402303746461e-04 1.702520561601871869e-05 -5.887394633520401290e-04 -3.324130164840057738e-04 3.629531659388455156e-04 -3.339503419472182345e-05 -4.163345582972799094e-04 -5.189458509874715701e-05
-3.627355535878481856e-04 -3.716549447992518714e-04 -2.478129014250613378e-06 0.000000000000000000e+00 -3.279688883372070592e-04 6.654685734407706768e-04 3.571147518203740328e-04 1.117492908581184559e-03 2.850779596947454475e-04 -6.730035629837644593e-04 -1.174164831788992829e-03 8.940162904658883211e-05
-3.748774483092113911e-04 1.115004213397766423e-03 1.968363402303746461e-04 -3.279688883372070592e-04 0.000000000000000000e+00 3.074400269429551288e-03 -9.474744039764669860e-04 -5.256341289504610700e-04 -5.527725248260942446e-04 1.010671595816843658e-03 -3.738987649844281291e-04 4.508749827642773806e-04
-9.633993335520360177e-04 5.412060724746132470e-04 1.702520561601871869e-05 6.654685734407706768e-04 3.074400269429551288e-03 0.000000000000000000e+00 2.441223925927338018e-03 8.901337962292029424e-05 6.246240605532803278e-04 4.200039885685286425e-05 1.277228213138758423e-03 -3.478096815402771528e-04
-3.123343008689900087e-05 -1.301614806852395426e-03 -5.887394633520401290e-04 3.571147518203740328e-04 -9.474744039764669860e-04 2.441223925927338018e-03 0.000000000000000000e+00 -2.113887515009786611e-03 4.835260909019601316e-04 -4.150861675093728579e-04 1.654977880669822625e-03 2.509331038569061526e-04
4.324295142464982655e-04 5.755123802763542715e-04 -3.324130164840057738e-04 1.117492908581184559e-03 -5.256341289504610700e-04 8.901337962292029424e-05 -2.113887515009786611e-03 0.000000000000000000e+00 -4.969766203439317069e-04 -5.247731373671355549e-05 5.091434469780708625e-04 -2.457818536488640907e-04
1.772537055754008859e-04 1.096989343503986523e-04 3.629531659388455156e-04 2.850779596947454475e-04 -5.527725248260942446e-04 6.246240605532803278e-04 4.835260909019601316e-04 -4.969766203439317069e-04 0.000000000000000000e+00 -1.082508057377810494e-04 3.423826946817112057e-04 -1.417970374296108273e-04
2.733021270842263956e-04 -4.933928821754333385e-04 -3.339503419472182345e-05 -6.730035629837644593e-04 1.010671595816843658e-03 4.200039885685286425e-05 -4.150861675093728579e-04 -5.247731373671355549e-05 -1.082508057377810494e-04 0.000000000000000000e+00 -1.183434371860031121e-06 4.814466496482886805e-04
5.718150756003152193e-04 7.888282377231346787e-04 -4.163345582972799094e-04 -1.174164831788992829e-03 -3.738987649844281291e-04 1.277228213138758423e-03 1.654977880669822625e-03 5.091434469780708625e-04 3.423826946817112057e-04 -1.183434371860031121e-06 0.000000000000000000e+00 -7.282866045285478528e-04
7.600010021986767367e-05 -3.415001723169618672e-04 -5.189458509874715701e-05 8.940162904658883211e-05 4.508749827642773806e-04 -3.478096815402771528e-04 2.509331038569061526e-04 -2.457818536488640907e-04 -1.417970374296108273e-04 4.814466496482886805e-04 -7.282866045285478528e-04 0.000000000000000000e+00
