0.000000000000000000e+00 4.278146267963148773e-04 1.844179056765900184e-04 -3.419592639498807477e-04 9.275975462369318828e-05 -5.510751129803056038e-04 6.020001000463086902e-04 2.692657345401015183e-04 -1.319863792663331895e-04 4.947574423074312068e-04 -1.564785011722162101e-05 2.651921566780619409e-04
4.278146267963148773e-04 0.000000000000000000e+00 -5.370725340562240593e-05 -4.909213737325606982e-04 8.718133775406036073e-05 -9.842814225648976144e-04 3.989577433837541260e-05 -1.216490976182201238e-03 -3.260643825627348958e-04 -5.266166559195160088e-04 -1.105721400361674741e-04 3.859746617064496450e-04
1.844179056765900184e-04 -5.370725340562240593e-05 0.000000000000000000e+00 -8.703920168109674103e-05 2.743391792333084965e-04 1.127915697858293564e-04 -3.056997847703818590e-04 2.418541297174153087e-04 -1.338065717560801566e-04 -2.503156141287430085e-04 -1.036370948625172527e-04 7.442491829364074460e-05
-3.419592639498807477e-04 -4.909213737325606982e-04 -8.703920168109674103e-05 0.000000000000000000e+00 6.710461690171590048e-04 -5.077410937875962224e-05 -3.704960551207622278e-04 -9.586501387988712866e-04 -5.256404130792413469e-04 -4.695192142456023265e-04 9.388401985030669873e-04 -2.714634743860884080e-04
9.275975462369318828e-05 8.718133775406036073e-05 2.743391792333084965e-04 6.710461690171590048e-04 0.000000000000000000e+00 -2.167419047419746805e-03 2.827355803710852357e-03 -2.369781900889443885e-04 4.041271047457604070e-04 -9.215976159733945978e-04 -1.606244071573393207e-03 1.699350979337746340e-04
-5.510751129803056038e-04 -9.842814225648976144e-04 1.127915697858293564e-04 -5.077410937875962224e-05 -2.167419047419746805e-03 0.000000000000000000e+00 -2.886619020528644313e-03 -5.030439440931470853e-04 1.022837807879396700e-04 -1.304277799166082656e-03 -1.164542924559875238e-03 -9.824672511893374482e-04
6.020001000463086902e-04 3.989577433837541260e-05 -3.056997847703818590e-04 -3.704960551207622278e-04 2.827355803710852357e-03 -2.886619020528644313e-03 0.000000000000000000e+00 7.180073338489364500e-04 1.897171967260616451e-03 -1.029534980746536852e-03 -1.206419579567648089e-05 -1.139624394048730817e-03
2.692657345401015183e-04 -1.216490976182201238e-03 2.418541297174153087e-04 -9.586501387988712866e-04 -2.369781900889443885e-04 -5.030439440931470853e-04 7.180073338489364500e-04 0.000000000000000000e+00 7.445915203985268562e-04 4.337389230786038155e-04 -1.391860861304363740e-03 8.231558598814941357e-04
-1.319863792663331895e-04 -3.260643825627348958e-04 -1.338065717560801566e-04 -5.256404130792413469e-04 4.041271047457604070e-04 1.022837807879396700e-04 1.897171967260616451e-03 7.445915203985268562e-04 0.000000000000000000e+00 3.440975169275295583e-04 4.790062216674158420e-04 4.828258449503202549e-04
4.947574423074312068e-04 -5.266166559195160088e-04 -2.503156141287430085e-04 -4.695192142456023265e-04 -9.215976159733945978e-04 -1.304277799166082656e-03 -1.029534980746536852e-03 4.337389230786038155e-04 3.440975169275295583e-04 0.000000000000000000e+00 -1.267745478697967793e-03 5.429593359899881003e-05
-1.564785011722162101e-05 -1.105721400361674741e-04 -1.036370948625172527e-04 9.388401985030669873e-04 -1.606244071573393207e-03 -1.164542924559875238e-03 -1.206419579567648089e-05 -1.391860861304363740e-03 4.790062216674158420e-04 -1.267745478697967793e-03 0.000000000000000000e+00 -1.433045371018007203e-04
2.651921566780619409e-04 3.859746617064496450e-04 7.442491829364074460e-05 -2.714634743860884080e-04 1.699350979337746340e-04 -9.824672511893374482e-04 -1.139624394048730817e-03 8.231558598814941357e-04 4.828258449503202549e-04 5.429593359899881003e-05 -1.433045371018007203e-04 0.000000000000000000e+00
