0.000000000000000000e+00 -6.689312927380483163e-04 8.473503875946498129e-04 7.661373169989982995e-04 1.800991059046136737e-03 1.138097313228385961e-03 7.879815328931275096e-04 2.459571786079304753e-03 2.559068074567525828e-04 2.743303641747737087e-04 2.291112963711388077e-04 -5.094522216396667712e-04
-6.689312927380483163e-04 0.000000000000000000e+00 -3.899651185358220923e-04 -7.150012564785003782e-05 5.657699090431264014e-04 6.908749280536713054e-04 4.008497720124857422e-05 -1.257783565850342875e-03 9.132854272583685045e-05 -4.978430488219735741e-04 -4.273662910815725696e-04 -6.965057574853437776e-05
8.473503875946498129e-04 -3.899651185358220923e-04 0.000000000000000000e+00 -5.438417801777158198e-04 3.378915029243470731e-04 -4.040415043612005392e-04 -2.330004337868748815e-04 2.807520547156468985e-03 6.579430430725472911e-04 -2.189702289063396451e-03 2.427585638911097321e-04 6.348532995702507687e-04
7.661373169989982995e-04 -7.150012564785003782e-05 -5.438417801777158198e-04 0.000000000000000000e+00 -1.113308956325762884e-04 -6.483657747681992800e-04 2.923175912084132800e-04 -8.162488275584815897e-04 4.658947119419814512e-05 -6.437599291497676920e-04 -5.002667323037627385e-04 -1.460358368449488401e-04
1.800991059046136737e-03 5.657699090431264014e-04 3.378915029243470731e-04 -1.113308956325762884e-04 0.000000000000000000e+00 -9.378971986610196371e-04 -4.516857797062969870e-04 1.644275027716084799e-03 -1.171379788887099587e-04 -2.376449472326285330e-04 -9.251473869900739624e-04 -6.830445966647339794e-05
1.138097313228385961e-03 6.908749280536713054e-04 -4.040415043612005392e-04 -6.483657747681992800e-04 -9.378971986610196371e-04 0.000000000000000000e+00 5.808262119448323428e-04 2.189260403248282586e-03 8.467600740617862217e-04 1.044526853426579454e-03 -6.190307936085287337e-04 2.389392949487381733e-04
7.879815328931275096e-04 4.008497720124857422e-05 -2.330004337868748815e-04 2.923175912084132800e-04 -4.516857797062969870e-04 5.808262119448323428e-04 0.000000000000000000e+00 5.874316014506664185e-04 -1.918263527770645079e-04 4.014280223846521350e-04 -4.546963084754233582e-04 7.848357891732562607e-04
2.459571786079304753e-03 -1.257783565850342875e-03 2.807520547156468985e-03 -8.162488275584815897e-04 1.644275027716084799e-03 2.189260403248282586e-03 5.874316014506664185e-04 0.000000000000000000e+00 1.852068838746929341e-04 -7.666648371361508901e-04 1.384625337018427493e-03 -6.745232283800409049e-04
2.559068074567525828e-04 9.132854272583685045e-05 6.579430430725472911e-04 4.658947119419814512e-05 -1.171379788887099587e-04 8.467600740617862217e-04 -1.918263527770645079e-04 1.852068838746929341e-04 0.000000000000000000e+00 -3.009872762003425553e-04 -6.024132993564854490e-04 -2.151922712586602573e-05
2.743303641747737087e-04 -4.978430488219735741e-04 -2.189702289063396451e-03 -6.437599291497676920e-04 -2.376449472326285330e-04 1.044526853426579454e-03 4.014280223846521350e-04 -7.666648371361508901e-04 -3.009872762003425553e-04 0.000000000000000000e+00 9.740117943344917331e-04 -5.469937448079927999e-04
2.291112963711388077e-04 -4.273662910815725696e-04 2.427585638911097321e-04 -5.002667323037627385e-04 -9.251473869900739624e-04 -6.190307936085287337e-04 -4.546963084754233582e-04 1.384625337018427493e-03 -6.024132993564854490e-04 9.740117943344917331e-04 0.000000000000000000e+00 -4.087438200848438779e-04
-5.094522216396667712e-04 -6.965057574853437776e-05 6.348532995702507687e-04 -1.460358368449488401e-04 -6.830445966647339794e-05 2.389392949487381733e-04 7.848357891732562607e-04 -6.745232283800409049e-04 -2.151922712586602573e-05 -5.469937448079927999e-04 -4.087438200848438779e-04 0.000000000000000000e+00
