0.000000000000000000e+00 -5.423140151270135862e-04 -1.732014122897570412e-03 6.948954656189124113e-04 9.953901943427596270e-04 1.538616301410776358e-03 -8.725313564425669346e-04 1.786556149885620750e-03 3.219226522136850086e-04 -9.248532632288934381e-04 9.229144905991121641e-04 -7.021495786874932176e-04
-5.423140151270135862e-04 0.000000000000000000e+00 -8.632481471213718878e-04 -1.443363687620619546e-05 5.624230859768583829e-04 3.035851438598134266e-04 -3.316767034701853024e-04 -3.504842826540627808e-04 -5.219937090126635770e-04 -3.747634856446608958e-04 3.264439067386979516e-04 4.950142680468467638e-04
-1.732014122897570412e-03 -8.632481471213718878e-04 0.000000000000000000e+00 -6.655348107290397436e-04 3.478081923003248214e-04 -3.706123456995099718e-03 -5.653879683174851001e-04 2.010081582021358993e-03 -8.030640156437546641e-04 -9.982230089077414204e-04 -1.482003498207714199e-03 8.621583043175495885e-04
6.948954656189124113e-04 -1.443363687620619546e-05 -6.655348107290397436e-04 0.000000000000000000e+00 -6.594677569837743359e-04 -2.429364128037597010e-04 1.400030542598559207e-04 -2.356843151011966562e-04 1.557050329938617261e-04 -4.219245667583809570e-04 3.183194229959249752e-04 1.274812663216813233e-04
9.953901943427596270e-04 5.624230859768583829e-04 3.478081923003248214e-04 -6.594677569837743359e-04 0.000000000000000000e+00 -4.107323933779401096e-04 9.091955323878702375e-04 1.071142782580028312e-03 -6.537042576434851744e-04 -4.097129923725633662e-04 2.104194218481477959e-04 -8.865330695343938449e-05
1.538616301410776358e-03 3.035851438598134266e-04 -3.706123456995099718e-03 -2.429364128037597010e-04 -4.107323933779401096e-04 0.000000000000000000e+00 -4.479277461427230017e-04 8.267517218773586972e-04 9.913085438221366178e-04 -9.681652699959121273e-04 -1.753340288858473098e-03 -1.661189041697196458e-03
-8.725313564425669346e-04 -3.316767034701853024e-04 -5.653879683174851001e-04 1.400030542598559207e-04 9.091955323878702375e-04 -4.479277461427230017e-04 0.000000000000000000e+00 -9.048850342782431338e-04 -3.960851142681510529e-04 -1.904036308632833655e-04 -4.938820791774363754e-04 3.052180510423990441e-04
1.786556149885620750e-03 -3.504842826540627808e-04 2.010081582021358993e-03 -2.356843151011966562e-04 1.071142782580028312e-03 8.267517218773586972e-04 -9.048850342782431338e-04 0.000000000000000000e+00 -5.169473234874004093e-04 -4.800852801582584039e-04 7.478889254397878914e-04 6.406730317027273811e-04
3.219226522136850086e-04 -5.219937090126635770e-04 -8.030640156437546641e-04 1.557050329938617261e-04 -6.537042576434851744e-04 9.913085438221366178e-04 -3.960851142681510529e-04 -5.169473234874004093e-04 0.000000000000000000e+00 2.741536083086285828e-04 -2.818829775507281999e-04 -6.313678855291511745e-05
-9.248532632288934381e-04 -3.747634856446608958e-04 -9.982230089077414204e-04 -4.219245667583809570e-04 -4.097129923725633662e-04 -9.681652699959121273e-04 -1.904036308632833655e-04 -4.800852801582584039e-04 2.741536083086285828e-04 0.000000000000000000e+00 -4.797182149766200188e-04 -3.556132942084205503e-04
9.229144905991121641e-04 3.264439067386979516e-04 -1.482003498207714199e-03 3.183194229959249752e-04 2.104194218481477959e-04 -1.753340288858473098e-03 -4.938820791774363754e-04 7.478889254397878914e-04 -2.818829775507281999e-04 -4.797182149766200188e-04 0.000000000000000000e+00 3.105653936237588373e-05
-7.021495786874932176e-04 4.950142680468467638e-04 8.621583043175495885e-04 1.274812663216813233e-04 -8.865330695343938449e-05 -1.661189041697196458e-03 3.052180510423990441e-04 6.406730317027273811e-04 -6.313678855291511745e-05 -3.556132942084205503e-04 3.105653936237588373e-05 0.000000000000000000e+00
