0.000000000000000000e+00 7.338260655286172858e-04 2.874133452363338047e-04 -2.546624121487653207e-04 -8.621828299775306792e-04 7.662997148744509933e-04 5.023725589465427577e-04 2.113046954801729856e-04 6.036398299704748733e-05 2.727750398513382156e-04 9.064875839871923543e-04 3.488118999697322332e-04
7.338260655286172858e-04 0.000000000000000000e+00 1.530035580369731017e-04 -1.631069983852854620e-04 1.542300547976221069e-04 -9.016053266693337120e-04 -1.437931387186087539e-04 -9.060219424109242732e-04 3.122658441066212902e-04 4.464685622701909597e-04 5.147385742831169922e-06 -3.846326091260996572e-05
2.874133452363338047e-04 1.530035580369731017e-04 0.000000000000000000e+00 -8.232367426934470832e-04 -9.862467356031455381e-04 2.115737185402327084e-03 4.127285210788471815e-04 3.419257238297925862e-03 -5.283577874593662922e-04 5.381424369915076755e-04 -9.329336299676928594e-04 -9.651397867659180976e-04
-2.546624121487653207e-04 -1.631069983852854620e-04 -8.232367426934470832e-04 0.000000000000000000e+00 -2.587213514723861398e-04 -4.538583272464130364e-04 -4.498389089454100665e-05 -1.116881422735509265e-03 -4.912910655972645277e-04 -2.607597393264311325e-04 -1.142964492791931857e-04 2.789671352013460234e-04
-8.621828299775306792e-04 1.542300547976221069e-04 -9.862467356031455381e-04 -2.587213514723861398e-04 0.000000000000000000e+00 3.872282239239311415e-04 5.695065359165085500e-04 -1.368746087780233498e-03 5.635091237188922424e-04 2.605406890136046576e-04 5.650472149770134579e-04 -6.298464625998746529e-05
7.662997148744509933e-04 -9.016053266693337120e-04 2.115737185402327084e-03 -4.538583272464130364e-04 3.872282239239311415e-04 0.000000000000000000e+00 -4.310261560223395145e-05 -1.485263204439409479e-04 6.592085646708287531e-04 3.279354392108891855e-04 -7.102351444182357582e-04 3.433792150138911792e-04
5.023725589465427577e-04 -1.437931387186087539e-04 4.127285210788471815e-04 -4.498389089454100665e-05 5.695065359165085500e-04 -4.310261560223395145e-05 0.000000000000000000e+00 -1.651354688436461814e-04 -3.490968382664438006e-04 1.033865185211232577e-04 3.677869304053440688e-04 -3.079342345009091386e-04
2.113046954801729856e-04 -9.060219424109242732e-04 3.419257238297925862e-03 -1.116881422735509265e-03 -1.368746087780233498e-03 -1.485263204439409479e-04 -1.651354688436461814e-04 0.000000000000000000e+00 -6.202683520083023807e-04 -4.886638035857779642e-04 -5.974156164854426765e-04 6.749357429096566321e-04
6.036398299704748733e-05 3.122658441066212902e-04 -5.283577874593662922e-04 -4.912910655972645277e-04 5.635091237188922424e-04 6.592085646708287531e-04 -3.490968382664438006e-04 -6.202683520083023807e-04 0.000000000000000000e+00 5.705906057112760548e-06 -1.152639369860178651e-04 7.487377754493090647e-05
2.727750398513382156e-04 4.464685622701909597e-04 5.381424369915076755e-04 -2.607597393264311325e-04 2.605406890136046576e-04 3.279354392108891855e-04 1.033865185211232577e-04 -4.886638035857779642e-04 5.705906057112760548e-06 0.000000000000000000e+00 -5.649705509159595870e-04 -4.804121465296346655e-04
9.064875839871923543e-04 5.147385742831169922e-06 -9.329336299676928594e-04 -1.142964492791931857e-04 5.650472149770134579e-04 -7.102351444182357582e-04 3.677869304053440688e-04 -5.974156164854426765e-04 -1.152639369860178651e-04 -5.649705509159595870e-04 0.000000000000000000e+00 6.475450772511453894e-04
3.488118999697322332e-04 -3.846326091260996572e-05 -9.651397867659180976e-04 2.789671352013460234e-04 -6.298464625998746529e-05 3.433792150138911792e-04 -3.079342345009091386e-04 6.749357429096566321e-04 7.487377754493090647e-05 -4.804121465296346655e-04 6.475450772511453894e-04 0.000000000000000000e+00
