0.000000000000000000e+00 -2.379780090307670373e-04 4.306615718580480458e-04 -1.620746871607782642e-04 -1.584558563522857084e-03 2.635781578989086511e-03 -2.955275669893818414e-04 2.396615777144644587e-03 4.893165387960013608e-04 -1.132568599148086642e-03 2.401677896556783740e-03 9.016358957587858542e-04
-2.379780090307670373e-04 0.000000000000000000e+00 9.280415945138608845e-04 2.027359452725263807e-04 8.324472634823601100e-05 -6.645039034293492245e-04 -3.612467071978788338e-04 -5.299816274643625794e-05 -1.306045671866808535e-04 -1.134361569787777036e-04 7.383903052005579785e-05 -4.200467025726626279e-04
4.306615718580480458e-04 9.280415945138608845e-04 0.000000000000000000e+00 -2.520337952178315567e-04 1.339874375337830111e-04 2.850857570561761293e-04 -1.003746842298957817e-03 -1.623783681968766568e-03 -7.187801159188637271e-04 2.638484871223109249e-04 3.281519113987313153e-05 1.978991053240293412e-05
-1.620746871607782642e-04 2.027359452725263807e-04 -2.520337952178315567e-04 0.000000000000000000e+00 1.785138109900722336e-04 -2.924011976676069136e-04 4.598200646907680135e-05 4.227548522383299946e-04 3.112816587917438169e-04 -6.365432324890925872e-04 -9.162136489993299223e-05 5.826842906183421966e-04
-1.584558563522857084e-03 8.324472634823601100e-05 1.339874375337830111e-04 1.785138109900722336e-04 0.000000000000000000e+00 3.659959713089965937e-04 5.123488857339662415e-04 4.055626138867428625e-04 1.181961323920930581e-05 1.817897116274814606e-04 6.302731671036602154e-04 -3.033494439146863808e-04
2.635781578989086511e-03 -6.645039034293492245e-04 2.850857570561761293e-04 -2.924011976676069136e-04 3.659959713089965937e-04 0.000000000000000000e+00 -6.871566769726856648e-04 -4.492932360828245583e-03 7.008737592790693829e-04 3.397390607967592363e-05 1.285042312100396437e-03 -1.657206586158320439e-04
-2.955275669893818414e-04 -3.612467071978788338e-04 -1.003746842298957817e-03 4.598200646907680135e-05 5.123488857339662415e-04 -6.871566769726856648e-04 0.000000000000000000e+00 7.773548250834651577e-04 1.034477408003962195e-04 -2.083101689933903428e-04 -4.177973714023507394e-04 -2.210489402163793367e-05
2.396615777144644587e-03 -5.299816274643625794e-05 -1.623783681968766568e-03 4.227548522383299946e-04 4.055626138867428625e-04 -4.492932360828245583e-03 7.773548250834651577e-04 0.000000000000000000e+00 9.372489832567867636e-04 7.438014825946221310e-04 2.833925896235540368e-03 -2.721201675330742089e-04
4.893165387960013608e-04 -1.306045671866808535e-04 -7.187801159188637271e-04 3.112816587917438169e-04 1.181961323920930581e-05 7.008737592790693829e-04 1.034477408003962195e-04 9.372489832567867636e-04 0.000000000000000000e+00 5.350589344305786352e-04 -1.583882996514709561e-04 1.220052924300177636e-04
-1.132568599148086642e-03 -1.134361569787777036e-04 2.638484871223109249e-04 -6.365432324890925872e-04 1.817897116274814606e-04 3.397390607967592363e-05 -2.083101689933903428e-04 7.438014825946221310e-04 5.350589344305786352e-04 0.000000000000000000e+00 5.700516248193193518e-04 -9.367437563966249403e-05
2.401677896556783740e-03 7.383903052005579785e-05 3.281519113987313153e-05 -9.162136489993299223e-05 6.302731671036602154e-04 1.285042312100396437e-03 -4.177973714023507394e-04 2.833925896235540368e-03 -1.583882996514709561e-04 5.700516248193193518e-04 0.000000000000000000e+00 -2.241549795580561244e-04
9.016358957587858542e-04 -4.200467025726626279e-04 1.978991053240293412e-05 5.826842906183421966e-04 -3.033494439146863808e-04 -1.657206586158320439e-04 -2.210489402163793367e-05 -2.721201675330742089e-04 1.220052924300177636e-04 -9.367437563966249403e-05 -2.241549795580561244e-04 0.000000000000000000e+00
