0.000000000000000000e+00 -1.171538836197244006e-03 -3.568805102527916910e-04 7.402915223859478843e-04 -1.485718666441398182e-03 2.207822073498089956e-04 6.234138309411346550e-04 1.856039042327256583e-03 3.058989479657477605e-04 1.412351555239513713e-03 -9.545750482659535584e-04 1.084075403356163673e-03
-1.171538836197244006e-03 0.000000000000000000e+00 2.436071301211929145e-04 2.132004275228253877e-04 3.756319329629996843e-04 -4.261834761692467281e-04 5.223300931584271478e-04 -8.974022056605747769e-04 5.671335717027418889e-05 -7.105556582871264994e-04 -7.009229898457243024e-05 3.176391552031957127e-04
-3.568805102527916910e-04 2.436071301211929145e-04 0.000000000000000000e+00 1.301760821574966484e-04 -4.831543855011908542e-05 3.646600926052852515e-04 -2.809717143044979603e-04 1.008569763481085603e-03 -1.107589924943647684e-03 3.658851268000735176e-04 8.210986615119984225e-04 -3.559504948003838309e-04
7.402915223859478843e-04 2.132004275228253877e-04 1.301760821574966484e-04 0.000000000000000000e+00 -1.193728241945816266e-03 -6.113893835880875602e-05 2.139093133572669478e-04 6.249928678371044748e-04 -1.714741260430634564e-04 -2.970359392826604577e-04 -1.490950678400143354e-04 7.880852610933134742e-05
-1.485718666441398182e-03 3.756319329629996843e-04 -4.831543855011908542e-05 -1.193728241945816266e-03 0.000000000000000000e+00 4.267984752648593030e-04 1.386943183002826399e-04 5.846234635948873489e-04 4.676831241471898575e-04 -6.167845777725254565e-04 -1.783569072989948543e-03 -8.092203389268554743e-04
2.207822073498089956e-04 -4.261834761692467281e-04 3.646600926052852515e-04 -6.113893835880875602e-05 4.267984752648593030e-04 0.000000000000000000e+00 3.811104518036878205e-04 -7.895551044161136121e-04 -6.329716052319988987e-05 1.265175153553755704e-04 8.975168643099313550e-04 -4.107609529943384227e-04
6.234138309411346550e-04 5.223300931584271478e-04 -2.809717143044979603e-04 2.139093133572669478e-04 1.386943183002826399e-04 3.811104518036878205e-04 0.000000000000000000e+00 -6.864798761018952797e-04 -8.311929274720381282e-05 -1.588118494638099431e-04 1.319874433687248400e-03 2.862708344596329928e-04
1.856039042327256583e-03 -8.974022056605747769e-04 1.008569763481085603e-03 6.249928678371044748e-04 5.846234635948873489e-04 -7.895551044161136121e-04 -6.864798761018952797e-04 0.000000000000000000e+00 -1.096934102822544246e-03 -5.310918043005609683e-04 -3.467827902906021800e-03 4.468612899190793067e-04
3.058989479657477605e-04 5.671335717027418889e-05 -1.107589924943647684e-03 -1.714741260430634564e-04 4.676831241471898575e-04 -6.329716052319988987e-05 -8.311929274720381282e-05 -1.096934102822544246e-03 0.000000000000000000e+00 1.250377784882961791e-03 -2.669309571291458068e-03 2.235586671492945522e-04
1.412351555239513713e-03 -7.105556582871264994e-04 3.658851268000735176e-04 -2.970359392826604577e-04 -6.167845777725254565e-04 1.265175153553755704e-04 -1.588118494638099431e-04 -5.310918043005609683e-04 1.250377784882961791e-03 0.000000000000000000e+00 2.047152904330758715e-03 -1.633188651315244132e-04
-9.545750482659535584e-04 -7.009229898457243024e-05 8.210986615119984225e-04 -1.490950678400143354e-04 -1.783569072989948543e-03 8.975168643099313550e-04 1.319874433687248400e-03 -3.467827902906021800e-03 -2.669309571291458068e-03 2.047152904330758715e-03 0.000000000000000000e+00 -1.458434890774033734e-03
1.084075403356163673e-03 3.176391552031957127e-04 -3.559504948003838309e-04 7.880852610933134742e-05 -8.092203389268554743e-04 -4.107609529943384227e-04 2.862708344596329928e-04 4.468612899190793067e-04 2.235586671492945522e-04 -1.633188651315244132e-04 -1.458434890774033734e-03 0.000000000000000000e+00
