0.000000000000000000e+00 -3.900939933673075672e-04 2.532318419946666724e-04 -1.047447513587105748e-03 5.547689988718771097e-04 -4.265467218977759102e-04 1.665485180912174533e-03 2.323971455204357477e-03 2.893479681104361295e-04 5.012534764666287451e-04 1.889200019348966390e-03 -1.750616955567975663e-05
-3.900939933673075672e-04 0.000000000000000000e+00 4.258490046812165772e-04 -1.879365490451795850e-04 1.492197669240961007e-05 -7.194398796952065933e-05 -2.621714887312131138e-04 -4.116349874785974502e-04 7.307699476438742970e-05 1.553956858863729648e-04 -5.577346409703204909e-04 5.448984566386230050e-04
2.532318419946666724e-04 4.258490046812165772e-04 0.000000000000000000e+00 -3.321560678090504848e-04 -4.161548947246836248e-04 -5.670405583890143943e-05 -2.641633330191455018e-04 5.843028616714800351e-05 -3.649789648238782494e-04 3.307355934819653106e-04 8.962470561305511344e-04 1.170337606146753314e-04
-1.047447513587105748e-03 -1.879365490451795850e-04 -3.321560678090504848e-04 0.000000000000000000e+00 -1.299937033032706702e-04 -1.247744209496598629e-04 -1.808851055259429240e-04 -7.177570683341846303e-04 5.090245672823585227e-04 2.076878847331115258e-04 -2.899965437869119768e-04 -1.306771579641691661e-04
5.547689988718771097e-04 1.492197669240961007e-05 -4.161548947246836248e-04 -1.299937033032706702e-04 0.000000000000000000e+00 -8.407101556600734193e-04 -7.812641136786339360e-04 3.213565787322971291e-04 -2.334048371270299686e-03 -4.037831107081750015e-05 2.989892475311927041e-03 -2.411835430216342617e-04
-4.265467218977759102e-04 -7.194398796952065933e-05 -5.670405583890143943e-05 -1.247744209496598629e-04 -8.407101556600734193e-04 0.000000000000000000e+00 -2.031029679214686235e-04 5.537847418733386762e-04 -4.595667217749075935e-04 2.116262234181586171e-04 -7.549346159489642161e-04 -4.494971799647173866e-05
1.665485180912174533e-03 -2.621714887312131138e-04 -2.641633330191455018e-04 -1.808851055259429240e-04 -7.812641136786339360e-04 -2.031029679214686235e-04 0.000000000000000000e+00 8.509025022074227351e-04 5.631874722628598274e-04 1.620358117389308634e-04 4.775502067213687352e-04 -3.567237125798865152e-04
2.323971455204357477e-03 -4.116349874785974502e-04 5.843028616714800351e-05 -7.177570683341846303e-04 3.213565787322971291e-04 5.537847418733386762e-04 8.509025022074227351e-04 0.000000000000000000e+00 -3.906547169969547457e-04 -8.531532234982041241e-05 -5.815334109751413598e-04 2.234215244357836869e-04
2.893479681104361295e-04 7.307699476438742970e-05 -3.649789648238782494e-04 5.090245672823585227e-04 -2.334048371270299686e-03 -4.595667217749075935e-04 5.631874722628598274e-04 -3.906547169969547457e-04 0.000000000000000000e+00 7.139723682280224831e-05 2.868301141621678110e-03 1.177759389300305761e-03
5.012534764666287451e-04 1.553956858863729648e-04 3.307355934819653106e-04 2.076878847331115258e-04 -4.037831107081750015e-05 2.116262234181586171e-04 1.620358117389308634e-04 -8.531532234982041241e-05 7.139723682280224831e-05 0.000000000000000000e+00 1.130300919641389398e-03 -7.908460760949047612e-06
1.889200019348966390e-03 -5.577346409703204909e-04 8.962470561305511344e-04 -2.899965437869119768e-04 2.989892475311927041e-03 -7.549346159489642161e-04 4.775502067213687352e-04 -5.815334109751413598e-04 2.868301141621678110e-03 1.130300919641389398e-03 0.000000000000000000e+00 6.918768087465519473e-04
-1.750616955567975663e-05 5.448984566386230050e-04 1.170337606146753314e-04 -1.306771579641691661e-04 -2.411835430216342617e-04 -4.494971799647173866e-05 -3.567237125798865152e-04 2.234215244357836869e-04 1.177759389300305761e-03 -7.908460760949047612e-06 6.918768087465519473e-04 0.000000000000000000e+00
