0.000000000000000000e+00 -6.600532004597850196e-04 3.887679671872055825e-04 7.808113835068676090e-04 1.642281699050635025e-04 1.658567284562201282e-04 -3.046290138627506827e-04 -5.740781708927638087e-04 -1.420981232360467869e-03 5.865913377963892983e-04 4.251824007777764945e-03 4.355576003960281322e-04
-6.600532004597850196e-04 0.000000000000000000e+00 2.185144478900688666e-04 1.193990380362690127e-04 -4.461224358278589592e-04 -5.247731752189999793e-04 -1.393614918578448816e-04 1.255200437602727028e-05 -1.796375069160228717e-04 -4.106109858077416994e-04 6.531673964728963592e-04 3.382575855917559779e-04
3.887679671872055825e-04 2.185144478900688666e-04 0.000000000000000000e+00 -3.663224176089175332e-05 -4.872317141266053683e-04 -3.936859219899002888e-04 -1.199358577773888552e-04 5.480626856927965813e-04 -8.585391890452117366e-04 1.047013697379911318e-04 -2.554161811034346124e-04 2.368184489118343766e-04
7.808113835068676090e-04 1.193990380362690127e-04 -3.663224176089175332e-05 0.000000000000000000e+00 1.120661935185300086e-03 -2.102027364558657911e-04 1.634700120809956059e-04 9.538077851840787635e-04 -2.331045922592297670e-05 -2.116427991425748453e-04 -1.936463916429098653e-03 -5.422687365575972959e-04
1.642281699050635025e-04 -4.461224358278589592e-04 -4.872317141266053683e-04 1.120661935185300086e-03 0.000000000000000000e+00 6.586200524435978105e-04 8.594217469035040757e-04 1.586042062718714246e-04 -3.230140963968810316e-04 -6.751934511962216995e-04 7.830393403124588994e-04 5.871523971310537012e-04
1.658567284562201282e-04 -5.247731752189999793e-04 -3.936859219899002888e-04 -2.102027364558657911e-04 6.586200524435978105e-04 0.000000000000000000e+00 -3.354792370735255966e-05 8.007781978619432292e-04 -6.152423242293676405e-04 4.559292942501414424e-04 4.183217681246470944e-04 -1.550708657993607443e-04
-3.046290138627506827e-04 -1.393614918578448816e-04 -1.199358577773888552e-04 1.634700120809956059e-04 8.594217469035040757e-04 -3.354792370735255966e-05 0.000000000000000000e+00 4.069779079356333502e-04 -3.096265767651178771e-05 -4.296162370743683437e-04 7.765058150835766216e-04 -3.727569341163016912e-04
-5.740781708927638087e-04 1.255200437602727028e-05 5.480626856927965813e-04 9.538077851840787635e-04 1.586042062718714246e-04 8.007781978619432292e-04 4.069779079356333502e-04 0.000000000000000000e+00 -8.051079279100804799e-04 -2.634725665574983995e-04 -2.007003933317851648e-03 6.939657091040636085e-04
-1.420981232360467869e-03 -1.796375069160228717e-04 -8.585391890452117366e-04 -2.331045922592297670e-05 -3.230140963968810316e-04 -6.152423242293676405e-04 -3.096265767651178771e-05 -8.051079279100804799e-04 0.000000000000000000e+00 9.306607753577164372e-04 -2.674368779861253584e-03 5.158957466177962198e-06
5.865913377963892983e-04 -4.106109858077416994e-04 1.047013697379911318e-04 -2.116427991425748453e-04 -6.751934511962216995e-04 4.559292942501414424e-04 -4.296162370743683437e-04 -2.634725665574983995e-04 9.306607753577164372e-04 0.000000000000000000e+00 -6.926262753710242743e-04 -4.408062774284652045e-04
4.251824007777764945e-03 6.531673964728963592e-04 -2.554161811034346124e-04 -1.936463916429098653e-03 7.830393403124588994e-04 4.183217681246470944e-04 7.765058150835766216e-04 -2.007003933317851648e-03 -2.674368779861253584e-03 -6.926262753710242743e-04 0.000000000000000000e+00 8.258068899862699031e-04
4.355576003960281322e-04 3.382575855917559779e-04 2.368184489118343766e-04 -5.422687365575972959e-04 5.871523971310537012e-04 -1.550708657993607443e-04 -3.727569341163016912e-04 6.939657091040636085e-04 5.158957466177962198e-06 -4.408062774284652045e-04 8.258068899862699031e-04 0.000000000000000000e+00
