0.000000000000000000e+00 -6.358406516482796459e-04 1.568867779426140648e-03 -6.002571637110494870e-05 3.173077335339845469e-04 1.333223992125418195e-03 1.054359902828700410e-03 -1.026565747677243964e-04 -7.601131942388447129e-04 -1.506236186800532714e-03 2.137757096066897171e-03 -6.544654128695598459e-04
-6.358406516482796459e-04 0.000000000000000000e+00 3.259356135769331199e-05 -2.961912648781123473e-05 3.715318111452783640e-04 5.637626210824578978e-05 1.365355605401849537e-04 1.772626280547737946e-04 -4.913840886891123524e-04 -2.554645187424443235e-05 -1.569592880504529827e-03 -7.827934902267576504e-05
1.568867779426140648e-03 3.259356135769331199e-05 0.000000000000000000e+00 2.307308768688823904e-04 -2.839490273149016713e-04 -4.337788678400921675e-04 -8.924732445225153727e-04 6.463118303888289867e-04 -1.044880952667842818e-03 5.713855434672912353e-04 3.703951509589339074e-03 1.508082640378583330e-04
-6.002571637110494870e-05 -2.961912648781123473e-05 2.307308768688823904e-04 0.000000000000000000e+00 -2.984310294517647738e-05 -4.261678751377054948e-04 -7.908693394765626715e-05 1.277294913170188174e-04 1.329320402369299112e-04 -4.421379390681372148e-04 -1.012784060290073361e-03 2.409231612821719003e-05
3.173077335339845469e-04 3.715318111452783640e-04 -2.839490273149016713e-04 -2.984310294517647738e-05 0.000000000000000000e+00 -1.632801763539836577e-04 -6.361978794638268990e-05 -3.680020691352528929e-04 8.318347967502228368e-05 -3.747997935669009810e-04 7.960312475473620532e-04 -3.469842595005732618e-04
1.333223992125418195e-03 5.637626210824578978e-05 -4.337788678400921675e-04 -4.261678751377054948e-04 -1.632801763539836577e-04 0.000000000000000000e+00 5.388369614654471909e-04 1.444788668558316311e-04 1.190077072538436599e-04 1.654215427216482626e-04 -1.020063718678076341e-03 -4.769549816723877753e-04
1.054359902828700410e-03 1.365355605401849537e-04 -8.924732445225153727e-04 -7.908693394765626715e-05 -6.361978794638268990e-05 5.388369614654471909e-04 0.000000000000000000e+00 -8.110996452937371945e-04 -5.297820708899017138e-04 -6.317974571898815703e-04 -3.337525523500040449e-04 9.664730310409102134e-04
-1.026565747677243964e-04 1.772626280547737946e-04 6.463118303888289867e-04 1.277294913170188174e-04 -3.680020691352528929e-04 1.444788668558316311e-04 -8.110996452937371945e-04 0.000000000000000000e+00 -5.160341844979119156e-04 -6.038258783971007430e-05 -1.558226897530345847e-03 -4.631843231396801097e-04
-7.601131942388447129e-04 -4.913840886891123524e-04 -1.044880952667842818e-03 1.329320402369299112e-04 8.318347967502228368e-05 1.190077072538436599e-04 -5.297820708899017138e-04 -5.160341844979119156e-04 0.000000000000000000e+00 -9.580708617134825456e-05 9.583064592264779399e-04 -4.468765479222911656e-04
-1.506236186800532714e-03 -2.554645187424443235e-05 5.713855434672912353e-04 -4.421379390681372148e-04 -3.747997935669009810e-04 1.654215427216482626e-04 -6.317974571898815703e-04 -6.038258783971007430e-05 -9.580708617134825456e-05 0.000000000000000000e+00 1.609292767180836668e-03 -4.107150430565740130e-05
2.137757096066897171e-03 -1.569592880504529827e-03 3.703951509589339074e-03 -1.012784060290073361e-03 7.960312475473620532e-04 -1.020063718678076341e-03 -3.337525523500040449e-04 -1.558226897530345847e-03 9.583064592264779399e-04 1.609292767180836668e-03 0.000000000000000000e+00 1.874579892874002948e-04
-6.544654128695598459e-04 -7.827934902267576504e-05 1.508082640378583330e-04 2.409231612821719003e-05 -3.469842595005732618e-04 -4.769549816723877753e-04 9.664730310409102134e-04 -4.631843231396801097e-04 -4.468765479222911656e-04 -4.107150430565740130e-05 1.874579892874002948e-04 0.000000000000000000e+00
