0.000000000000000000e+00 -2.959022670550616181e-04 -1.972918926418851075e-03 -6.569299481486531216e-04 5.678266669040260431e-04 -8.220071532641624618e-04 8.231513968298771657e-04 2.017768994781578913e-04 1.182039666875354814e-03 7.730353295945136156e-04 3.009312260623034550e-05 4.156579527455620720e-04
-2.959022670550616181e-04 0.000000000000000000e+00 -2.435858066262331127e-04 -5.153536011126633046e-04 -6.650008481090205221e-04 -3.636317804052841799e-04 -2.188457165382944199e-04 2.378914453098249877e-04 -2.059522934863876407e-04 5.630168363707120042e-04 -7.892508723448778867e-04 -1.861396489899471384e-04
-1.972918926418851075e-03 -2.435858066262331127e-04 0.000000000000000000e+00 6.237894872277533961e-04 3.924425200136237493e-04 4.668955341111887566e-04 -3.721538522662437565e-04 6.592467724015400226e-04 1.254993115891316383e-04 1.009284443812779979e-03 6.150341164980973902e-04 -6.058321483754777531e-05
-6.569299481486531216e-04 -5.153536011126633046e-04 6.237894872277533961e-04 0.000000000000000000e+00 2.273340407201113536e-04 4.104501009500721698e-04 9.053702942874009398e-04 -9.554983230396870873e-05 -6.835960462121541854e-04 -3.627298275326515376e-05 -1.361415636704529962e-03 3.054231996853824121e-04
5.678266669040260431e-04 -6.650008481090205221e-04 3.924425200136237493e-04 2.273340407201113536e-04 0.000000000000000000e+00 -1.778769311923365261e-04 3.637355862058974220e-04 4.056682735685982009e-04 3.660726743492071183e-04 1.049775328792970901e-03 -7.136158646786947652e-04 -6.101255823904355637e-04
-8.220071532641624618e-04 -3.636317804052841799e-04 4.668955341111887566e-04 4.104501009500721698e-04 -1.778769311923365261e-04 0.000000000000000000e+00 -3.605309401070978196e-04 2.219150386201909945e-04 6.788234980916855749e-04 -4.730615327331507140e-04 4.219358369447160782e-04 1.448772231538032046e-04
8.231513968298771657e-04 -2.188457165382944199e-04 -3.721538522662437565e-04 9.053702942874009398e-04 3.637355862058974220e-04 -3.605309401070978196e-04 0.000000000000000000e+00 -2.534776229666250622e-04 4.514609122422250011e-04 1.106552195839700372e-03 2.371205582240203460e-03 1.161915273155928829e-04
2.017768994781578913e-04 2.378914453098249877e-04 6.592467724015400226e-04 -9.554983230396870873e-05 4.056682735685982009e-04 2.219150386201909945e-04 -2.534776229666250622e-04 0.000000000000000000e+00 -9.744502477197849479e-05 2.169361972063142241e-04 1.003599407453028766e-03 -3.864004361939749423e-04
1.182039666875354814e-03 -2.059522934863876407e-04 1.254993115891316383e-04 -6.835960462121541854e-04 3.660726743492071183e-04 6.788234980916855749e-04 4.514609122422250011e-04 -9.744502477197849479e-05 0.000000000000000000e+00 6.387226323055087210e-04 1.558032766493897426e-03 4.638124802420078875e-05
7.730353295945136156e-04 5.630168363707120042e-04 1.009284443812779979e-03 -3.627298275326515376e-05 1.049775328792970901e-03 -4.730615327331507140e-04 1.106552195839700372e-03 2.169361972063142241e-04 6.387226323055087210e-04 0.000000000000000000e+00 -1.738074751573105226e-03 5.880547242301708476e-05
3.009312260623034550e-05 -7.892508723448778867e-04 6.150341164980973902e-04 -1.361415636704529962e-03 -7.136158646786947652e-04 4.219358369447160782e-04 2.371205582240203460e-03 1.003599407453028766e-03 1.558032766493897426e-03 -1.738074751573105226e-03 0.000000000000000000e+00 8.924154876725189306e-04
4.156579527455620720e-04 -1.861396489899471384e-04 -6.058321483754777531e-05 3.054231996853824121e-04 -6.101255823904355637e-04 1.448772231538032046e-04 1.161915273155928829e-04 -3.864004361939749423e-04 4.638124802420078875e-05 5.880547242301708476e-05 8.924154876725189306e-04 0.000000000000000000e+00
