0.000000000000000000e+00 7.850123201669066296e-04 2.383913198968343628e-03 -7.156698391835707726e-04 -2.595798263541183415e-04 8.683839151441373602e-04 1.574715686597954458e-03 -2.298993212467001149e-05 -6.762420921402025531e-05 1.106212066317674523e-03 -3.639157094987471083e-03 1.086866732617929347e-03
7.850123201669066296e-04 0.000000000000000000e+00 1.162475748226835144e-03 2.867153899504557100e-04 -1.591260259593881704e-04 5.123264479172980876e-05 6.126680325500253070e-04 1.675694814795297563e-04 -1.504266543355294440e-04 -2.414645027636419072e-04 -1.007654304534091485e-05 -2.377904688008169445e-04
2.383913198968343628e-03 1.162475748226835144e-03 0.000000000000000000e+00 4.718192338930861634e-04 2.466247914210607144e-04 5.763103844424465353e-04 8.555658226651370471e-04 -1.759423746161575158e-04 1.079432608689941510e-03 -9.558423152917821988e-04 2.508669438155019908e-03 -1.067407409051830203e-03
-7.156698391835707726e-04 2.867153899504557100e-04 4.718192338930861634e-04 0.000000000000000000e+00 2.586834394605631578e-04 4.282972840887363771e-04 -9.627768230266064335e-04 -3.370412144799965487e-05 3.292601215816213459e-04 -4.360054071372353808e-04 -4.413133869383102583e-04 6.630807567903784392e-04
-2.595798263541183415e-04 -1.591260259593881704e-04 2.466247914210607144e-04 2.586834394605631578e-04 0.000000000000000000e+00 -4.798430965056183091e-05 -5.453324117562896979e-04 1.819389033782330915e-04 2.600671865126163345e-04 5.470971306996486646e-04 -4.902717014463767002e-04 1.564833365334829512e-04
8.683839151441373602e-04 5.123264479172980876e-05 5.763103844424465353e-04 4.282972840887363771e-04 -4.798430965056183091e-05 0.000000000000000000e+00 9.641706829372315938e-04 1.822501097221687269e-04 -2.452611242069156761e-04 1.517973889382910353e-04 -7.303878085395704590e-04 -4.381014687501340169e-04
1.574715686597954458e-03 6.126680325500253070e-04 8.555658226651370471e-04 -9.627768230266064335e-04 -5.453324117562896979e-04 9.641706829372315938e-04 0.000000000000000000e+00 -4.684241116974278908e-04 7.368040458478471947e-04 8.539825487423599116e-04 8.802725673373749731e-04 5.877006010073344226e-04
-2.298993212467001149e-05 1.675694814795297563e-04 -1.759423746161575158e-04 -3.370412144799965487e-05 1.819389033782330915e-04 1.822501097221687269e-04 -4.684241116974278908e-04 0.000000000000000000e+00 -2.233254591642975877e-04 1.185256632667268140e-04 9.671989272848063998e-04 2.571008858140166626e-04
-6.762420921402025531e-05 -1.504266543355294440e-04 1.079432608689941510e-03 3.292601215816213459e-04 2.600671865126163345e-04 -2.452611242069156761e-04 7.368040458478471947e-04 -2.233254591642975877e-04 0.000000000000000000e+00 -5.987238510826562886e-04 1.740685448557727048e-03 7.410959990983227285e-04
1.106212066317674523e-03 -2.414645027636419072e-04 -9.558423152917821988e-04 -4.360054071372353808e-04 5.470971306996486646e-04 1.517973889382910353e-04 8.539825487423599116e-04 1.185256632667268140e-04 -5.987238510826562886e-04 0.000000000000000000e+00 1.461478337775158967e-03 -8.018944648041907318e-04
-3.639157094987471083e-03 -1.007654304534091485e-05 2.508669438155019908e-03 -4.413133869383102583e-04 -4.902717014463767002e-04 -7.303878085395704590e-04 8.802725673373749731e-04 9.671989272848063998e-04 1.740685448557727048e-03 1.461478337775158967e-03 0.000000000000000000e+00 1.708151627679741500e-03
1.086866732617929347e-03 -2.377904688008169445e-04 -1.067407409051830203e-03 6.630807567903784392e-04 1.564833365334829512e-04 -4.381014687501340169e-04 5.877006010073344226e-04 2.571008858140166626e-04 7.410959990983227285e-04 -8.018944648041907318e-04 1.708151627679741500e-03 0.000000000000000000e+00
