0.000000000000000000e+00 9.280434118555640080e-04 -3.712221498968343021e-04 -3.129676563869472779e-04 -1.457291260875256391e-03 1.427736157989134558e-03 -1.302340643622534096e-03 8.935082459784817214e-04 4.464941465957758537e-04 7.749121227655242242e-05 -1.633480241925976953e-04 -2.180280260463037141e-03
9.280434118555640080e-04 0.000000000000000000e+00 -9.175864566638953579e-04 2.228806712611213479e-04 1.620401068320323295e-04 1.150547398436081031e-04 2.646587075349944324e-04 -1.625359042644779683e-04 -4.708167036625379189e-05 -1.175926332934942463e-04 -1.062304107850944564e-03 -5.769943608782283272e-05
-3.712221498968343021e-04 -9.175864566638953579e-04 0.000000000000000000e+00 -3.579110362980518403e-04 -7.328044481845757008e-04 -5.533604939203043156e-04 -3.024792362375868134e-04 7.845887890052172437e-05 -5.255546155107391820e-04 6.486190039004306968e-05 7.770039336123895062e-04 -9.668754842136530756e-04
-3.129676563869472779e-04 2.228806712611213479e-04 -3.579110362980518403e-04 0.000000000000000000e+00 3.568805845515739868e-04 3.237569060411046320e-04 -7.304627437848458613e-04 -2.171931907885925718e-04 -2.227401925686593406e-04 -5.259326270794621467e-04 -5.881105876594842040e-04 -3.166423071191322447e-05
-1.457291260875256391e-03 1.620401068320323295e-04 -7.328044481845757008e-04 3.568805845515739868e-04 0.000000000000000000e+00 1.084915314182064930e-04 3.662315385135130356e-04 1.817530465679037955e-04 -4.236790272518609177e-04 8.987183825937098162e-05 2.275012905892357957e-03 1.074063949568780695e-03
1.427736157989134558e-03 1.150547398436081031e-04 -5.533604939203043156e-04 3.237569060411046320e-04 1.084915314182064930e-04 0.000000000000000000e+00 -1.793419262548075438e-04 1.853217260356593239e-05 2.361640191723394133e-04 -8.604035797872452681e-04 -1.502247046583493314e-03 5.105199161743753742e-04
-1.302340643622534096e-03 2.646587075349944324e-04 -3.024792362375868134e-04 -7.304627437848458613e-04 3.662315385135130356e-04 -1.793419262548075438e-04 0.000000000000000000e+00 3.611714685133925531e-04 8.027284042312749206e-04 1.384630537996427114e-03 -9.230264276782169193e-04 1.219888903694875577e-03
8.935082459784817214e-04 -1.625359042644779683e-04 7.845887890052172437e-05 -2.171931907885925718e-04 1.817530465679037955e-04 1.853217260356593239e-05 3.611714685133925531e-04 0.000000000000000000e+00 -1.869665053183672807e-04 -4.724980237314248266e-04 -5.711302142214151178e-04 -2.279179952384105708e-04
4.464941465957758537e-04 -4.708167036625379189e-05 -5.255546155107391820e-04 -2.227401925686593406e-04 -4.236790272518609177e-04 2.361640191723394133e-04 8.027284042312749206e-04 -1.869665053183672807e-04 0.000000000000000000e+00 -6.396160158492261705e-05 1.043346950402273274e-03 -2.820924969162456821e-04
7.749121227655242242e-05 -1.175926332934942463e-04 6.486190039004306968e-05 -5.259326270794621467e-04 8.987183825937098162e-05 -8.604035797872452681e-04 1.384630537996427114e-03 -4.724980237314248266e-04 -6.396160158492261705e-05 0.000000000000000000e+00 2.167420122602599928e-04 3.836026441237104555e-04
-1.633480241925976953e-04 -1.062304107850944564e-03 7.770039336123895062e-04 -5.881105876594842040e-04 2.275012905892357957e-03 -1.502247046583493314e-03 -9.230264276782169193e-04 -5.711302142214151178e-04 1.043346950402273274e-03 2.167420122602599928e-04 0.000000000000000000e+00 -3.051077779561085952e-03
-2.180280260463037141e-03 -5.769943608782283272e-05 -9.668754842136530756e-04 -3.166423071191322447e-05 1.074063949568780695e-03 5.105199161743753742e-04 1.219888903694875577e-03 -2.279179952384105708e-04 -2.820924969162456821e-04 3.836026441237104555e-04 -3.051077779561085952e-03 0.000000000000000000e+00
