0.000000000000000000e+00 9.375960467470384908e-04 1.850559993401215990e-03 8.335417215676014938e-04 8.971347266014212353e-04 -1.129860969460430012e-03 -1.649352263600557594e-03 -4.672735472677791457e-04 7.269082763603886346e-04 2.105077116715429759e-03 -4.146764535424866602e-03 3.616769247202805709e-05
9.375960467470384908e-04 0.000000000000000000e+00 1.230093623600703873e-03 -3.085152189668739667e-04 1.019054888609688847e-05 3.439966063948524882e-07 1.009528121170142484e-03 -1.238584301778454316e-04 -2.956768129458262496e-04 -1.570090267956970908e-04 1.718415571506393472e-03 -3.746509946995433540e-04
1.850559993401215990e-03 1.230093623600703873e-03 0.000000000000000000e+00 4.255525236085541327e-04 -8.722617809595045735e-05 6.930611623708160728e-06 -1.580669698815895165e-03 1.513883428378047979e-04 -1.615948098717917114e-04 -7.731624233178671776e-04 -4.575208533498796343e-04 8.206874449180990650e-04
8.335417215676014938e-04 -3.085152189668739667e-04 4.255525236085541327e-04 0.000000000000000000e+00 -2.251133625203957734e-05 1.871817704406365768e-04 3.884213636911590167e-04 1.040590693781004471e-04 -1.506222300452321537e-04 -2.957050316615584886e-05 -9.319623223016355136e-04 -6.048509779905269796e-04
8.971347266014212353e-04 1.019054888609688847e-05 -8.722617809595045735e-05 -2.251133625203957734e-05 0.000000000000000000e+00 -6.282657537829787735e-04 5.029742243654717303e-04 -9.230252645688184385e-05 -2.375501430574421681e-04 -4.021307998181098547e-04 -5.883929608005033672e-04 4.870903836603238070e-04
-1.129860969460430012e-03 3.439966063948524882e-07 6.930611623708160728e-06 1.871817704406365768e-04 -6.282657537829787735e-04 0.000000000000000000e+00 1.032413498502072856e-04 -2.474859711764464793e-04 -5.867553175052345627e-04 5.968115022578025569e-04 -3.639525070629294197e-04 2.100529596883236156e-04
-1.649352263600557594e-03 1.009528121170142484e-03 -1.580669698815895165e-03 3.884213636911590167e-04 5.029742243654717303e-04 1.032413498502072856e-04 0.000000000000000000e+00 -3.398804456785285114e-04 7.194205725751236734e-05 9.003075125806021340e-04 1.634481945321331542e-03 -1.914190250307905826e-04
-4.672735472677791457e-04 -1.238584301778454316e-04 1.513883428378047979e-04 1.040590693781004471e-04 -9.230252645688184385e-05 -2.474859711764464793e-04 -3.398804456785285114e-04 0.000000000000000000e+00 -2.250135379127254389e-05 -2.798010359342625506e-04 5.068793267814668052e-04 -3.266264684481902858e-04
7.269082763603886346e-04 -2.956768129458262496e-04 -1.615948098717917114e-04 -1.506222300452321537e-04 -2.375501430574421681e-04 -5.867553175052345627e-04 7.194205725751236734e-05 -2.250135379127254389e-05 0.000000000000000000e+00 8.616795587604999607e-04 1.714123614163001394e-03 9.843866999481856381e-04
2.105077116715429759e-03 -1.570090267956970908e-04 -7.731624233178671776e-04 -2.957050316615584886e-05 -4.021307998181098547e-04 5.968115022578025569e-04 9.003075125806021340e-04 -2.798010359342625506e-04 8.616795587604999607e-04 0.000000000000000000e+00 -2.217503175581688520e-03 -1.858049856725711496e-04
-4.146764535424866602e-03 1.718415571506393472e-03 -4.575208533498796343e-04 -9.319623223016355136e-04 -5.883929608005033672e-04 -3.639525070629294197e-04 1.634481945321331542e-03 5.068793267814668052e-04 1.714123614163001394e-03 -2.217503175581688520e-03 0.000000000000000000e+00 -5.679084762970079085e-04
3.616769247202805709e-05 -3.746509946995433540e-04 8.206874449180990650e-04 -6.048509779905269796e-04 4.870903836603238070e-04 2.100529596883236156e-04 -1.914190250307905826e-04 -3.266264684481902858e-04 9.843866999481856381e-04 -1.858049856725711496e-04 -5.679084762970079085e-04 0.000000000000000000e+00
