0.000000000000000000e+00 -9.892984285179116932e-05 7.055262597492889661e-04 5.041940909064706287e-04 -5.809767735732389695e-04 5.018690242270492426e-04 -9.653939888438501640e-04 -1.338280919637529391e-03 -1.181136348861697860e-04 -2.457017232003833930e-04 1.207548086396635742e-04 -1.557036698560029190e-03
-9.892984285179116932e-05 0.000000000000000000e+00 4.404194863301921000e-04 3.002875746182193735e-04 1.460911375411015926e-03 -1.225791493541397584e-03 -2.069843373598438240e-03 2.658226543383745711e-05 -4.432786882681156440e-04 1.957163147557601166e-03 -4.957593421754260361e-04 2.444440416624117131e-04
7.055262597492889661e-04 4.404194863301921000e-04 0.000000000000000000e+00 2.600924135799210929e-05 9.837188574619470298e-05 -3.374366077771155680e-04 2.813947254076273278e-04 -7.681851326904084434e-05 -6.805032965578700305e-05 -3.397321094766741242e-04 3.120922786717031513e-04 -9.082004868874512128e-05
5.041940909064706287e-04 3.002875746182193735e-04 2.600924135799210929e-05 0.000000000000000000e+00 -2.437329931761170621e-04 -2.615944513173355302e-04 9.965515863290474140e-04 -2.563128401805173030e-04 3.918057592592215821e-04 1.275082860930313721e-04 1.864894292495790742e-04 1.346370811674707602e-05
-5.809767735732389695e-04 1.460911375411015926e-03 9.837188574619470298e-05 -2.437329931761170621e-04 0.000000000000000000e+00 -4.940754527523050091e-04 8.812757932933668091e-04 2.505506828448723802e-04 1.188145597763480413e-04 1.081077330569846402e-03 9.652209996046810705e-05 5.591249437110953078e-04
5.018690242270492426e-04 -1.225791493541397584e-03 -3.374366077771155680e-04 -2.615944513173355302e-04 -4.940754527523050091e-04 0.000000000000000000e+00 -1.463659157526692395e-03 -6.221865090810291179e-04 -3.841746367952886851e-04 2.436740832212531700e-03 8.838311099634726421e-04 3.641200853532573973e-04
-9.653939888438501640e-04 -2.069843373598438240e-03 2.813947254076273278e-04 9.965515863290474140e-04 8.812757932933668091e-04 -1.463659157526692395e-03 0.000000000000000000e+00 -7.630709883073849429e-06 -5.133302342435520655e-04 -6.805278734978978178e-04 3.156520233307340793e-04 8.095355105450666253e-04
-1.338280919637529391e-03 2.658226543383745711e-05 -7.681851326904084434e-05 -2.563128401805173030e-04 2.505506828448723802e-04 -6.221865090810291179e-04 -7.630709883073849429e-06 0.000000000000000000e+00 1.190793937952223046e-04 -7.975067712239954911e-04 7.489070735976490704e-04 -1.443877034614275082e-04
-1.181136348861697860e-04 -4.432786882681156440e-04 -6.805032965578700305e-05 3.918057592592215821e-04 1.188145597763480413e-04 -3.841746367952886851e-04 -5.133302342435520655e-04 1.190793937952223046e-04 0.000000000000000000e+00 4.485305239950596263e-04 2.648309825748330990e-04 -7.107442615997421097e-04
-2.457017232003833930e-04 1.957163147557601166e-03 -3.397321094766741242e-04 1.275082860930313721e-04 1.081077330569846402e-03 2.436740832212531700e-03 -6.805278734978978178e-04 -7.975067712239954911e-04 4.485305239950596263e-04 0.000000000000000000e+00 -1.975270930470228263e-04 6.758522763311030799e-04
1.207548086396635742e-04 -4.957593421754260361e-04 3.120922786717031513e-04 1.864894292495790742e-04 9.652209996046810705e-05 8.838311099634726421e-04 3.156520233307340793e-04 7.489070735976490704e-04 2.648309825748330990e-04 -1.975270930470228263e-04 0.000000000000000000e+00 -9.146834709782867634e-04
-1.557036698560029190e-03 2.444440416624117131e-04 -9.082004868874512128e-05 1.346370811674707602e-05 5.591249437110953078e-04 3.641200853532573973e-04 8.095355105450666253e-04 -1.443877034614275082e-04 -7.107442615997421097e-04 6.758522763311030799e-04 -9.146834709782867634e-04 0.000000000000000000e+00
