0.000000000000000000e+00 -1.158899005975510361e-03 -4.295835018760184288e-04 4.709051023683746601e-04 -2.805970025271954638e-04 3.883337935886295271e-04 1.256817595584143769e-03 -5.429050905660459756e-04 9.385372514533880895e-04 -9.803122775667199359e-04 -9.806753713879901024e-04 -7.891983817289010541e-04
-1.158899005975510361e-03 0.000000000000000000e+00 -2.873436589234494576e-04 -1.319461070916658305e-04 9.818122912764104190e-04 -2.516327869261994477e-03 5.965672921462668093e-04 7.162780195040718487e-04 -1.726507075199210095e-04 -2.746628494257446259e-03 -1.738218140217116488e-03 -3.229717823815118124e-04
-4.295835018760184288e-04 -2.873436589234494576e-04 0.000000000000000000e+00 -8.568646632490802917e-05 6.173467155500986193e-04 1.124196875940518953e-03 3.234932990757925612e-04 2.238470403159168647e-04 -6.659549437706871033e-05 2.678892414684441942e-04 -6.071796454561125033e-04 -3.101120186366065012e-04
4.709051023683746601e-04 -1.319461070916658305e-04 -8.568646632490802917e-05 0.000000000000000000e+00 -2.524739982646650701e-04 -8.196581562778080957e-04 8.996880279053834579e-04 3.117764957189318232e-04 3.313408728785740767e-05 7.684359751630930003e-04 -2.875753823182857914e-04 6.446793421739832651e-04
-2.805970025271954638e-04 9.818122912764104190e-04 6.173467155500986193e-04 -2.524739982646650701e-04 0.000000000000000000e+00 -9.446475394108174014e-04 -1.451745602289787000e-03 -1.172652362521358656e-04 6.296522079671524729e-04 2.916728889187075041e-04 2.604614195911733013e-04 -3.767817191049525286e-04
3.883337935886295271e-04 -2.516327869261994477e-03 1.124196875940518953e-03 -8.196581562778080957e-04 -9.446475394108174014e-04 0.000000000000000000e+00 -9.697119055862446100e-04 7.700627091210044978e-04 -2.305392714436482488e-04 -1.855671198331865614e-03 7.331891719731489137e-04 -5.917574171144387388e-04
1.256817595584143769e-03 5.965672921462668093e-04 3.234932990757925612e-04 8.996880279053834579e-04 -1.451745602289787000e-03 -9.697119055862446100e-04 0.000000000000000000e+00 4.264296011282367395e-04 5.056491310207543010e-04 3.653431546499804564e-03 1.754898868654320961e-03 -1.197805425933827625e-03
-5.429050905660459756e-04 7.162780195040718487e-04 2.238470403159168647e-04 3.117764957189318232e-04 -1.172652362521358656e-04 7.700627091210044978e-04 4.264296011282367395e-04 0.000000000000000000e+00 3.773776341308141859e-04 -1.032820653470417366e-03 3.459356467645723055e-04 2.603860477307997647e-04
9.385372514533880895e-04 -1.726507075199210095e-04 -6.659549437706871033e-05 3.313408728785740767e-05 6.296522079671524729e-04 -2.305392714436482488e-04 5.056491310207543010e-04 3.773776341308141859e-04 0.000000000000000000e+00 -5.538218780715572186e-04 2.053169736972917039e-05 2.542251774479205740e-04
-9.803122775667199359e-04 -2.746628494257446259e-03 2.678892414684441942e-04 7.684359751630930003e-04 2.916728889187075041e-04 -1.855671198331865614e-03 3.653431546499804564e-03 -1.032820653470417366e-03 -5.538218780715572186e-04 0.000000000000000000e+00 -3.888073282422174434e-04 1.266964016419979723e-03
-9.806753713879901024e-04 -1.738218140217116488e-03 -6.071796454561125033e-04 -2.875753823182857914e-04 2.604614195911733013e-04 7.331891719731489137e-04 1.754898868654320961e-03 3.459356467645723055e-04 2.053169736972917039e-05 -3.888073282422174434e-04 0.000000000000000000e+00 4.605757173783989948e-04
-7.891983817289010541e-04 -3.229717823815118124e-04 -3.101120186366065012e-04 6.446793421739832651e-04 -3.767817191049525286e-04 -5.917574171144387388e-04 -1.197805425933827625e-03 2.603860477307997647e-04 2.542251774479205740e-04 1.266964016419979723e-03 4.605757173783989948e-04 0.000000000000000000e+00
