0.000000000000000000e+00 -1.917053510839379421e-03 -4.228171854339770664e-04 -8.400098503311750073e-05 1.141565769547274657e-04 1.696463458258715964e-03 -1.009099165925205497e-03 -5.831759673852090608e-04 -2.583058574593629134e-04 -2.511386567429047759e-03 8.871312992893880733e-04 8.192137844426444727e-04
-1.917053510839379421e-03 0.000000000000000000e+00 -2.587532828366006614e-06 -7.277655663293743559e-04 -1.506361376064932782e-03 1.901580281139358909e-03 -1.614341647060804283e-03 6.737335562186926681e-04 -2.518029662854662730e-04 2.792528704852127903e-03 -1.252100285319029385e-03 2.544890752291343325e-04
-4.228171854339770664e-04 -2.587532828366006614e-06 0.000000000000000000e+00 -5.452768150814659597e-05 3.266507558067254175e-04 -5.537349823660248516e-04 -6.827467201080982852e-04 -1.486367787223502796e-04 -6.803560169887132953e-04 6.786558102883297194e-04 1.738943501046419317e-04 2.301884930241745043e-04
-8.400098503311750073e-05 -7.277655663293743559e-04 -5.452768150814659597e-05 0.000000000000000000e+00 -2.104176046896385729e-04 3.759477256755033143e-04 -8.106420905107946957e-04 -2.888756969555246121e-04 1.596640265295208572e-04 9.737068325064281247e-04 -2.756628732864577192e-04 4.170493645086883404e-05
1.141565769547274657e-04 -1.506361376064932782e-03 3.266507558067254175e-04 -2.104176046896385729e-04 0.000000000000000000e+00 5.707581034099740375e-04 1.816970767741080128e-03 -5.492015627043800828e-04 -4.816166389397680964e-04 -5.532030438064894102e-04 8.361413428956120401e-05 3.910130235259044284e-04
1.696463458258715964e-03 1.901580281139358909e-03 -5.537349823660248516e-04 3.759477256755033143e-04 5.707581034099740375e-04 0.000000000000000000e+00 5.030871322708724671e-05 -7.065517823824834847e-04 -7.274143024546355133e-05 2.606566331645411485e-03 -1.102530605552328689e-04 -1.179610912115869803e-04
-1.009099165925205497e-03 -1.614341647060804283e-03 -6.827467201080982852e-04 -8.106420905107946957e-04 1.816970767741080128e-03 5.030871322708724671e-05 0.000000000000000000e+00 7.382382152625542029e-04 4.275171799885791961e-04 2.063960138491730770e-03 9.017523578543184658e-04 2.642331380079396634e-06
-5.831759673852090608e-04 6.737335562186926681e-04 -1.486367787223502796e-04 -2.888756969555246121e-04 -5.492015627043800828e-04 -7.065517823824834847e-04 7.382382152625542029e-04 0.000000000000000000e+00 2.978452850989252201e-05 3.760014021445770723e-04 -3.303057900495214532e-05 1.753962814213719365e-04
-2.583058574593629134e-04 -2.518029662854662730e-04 -6.803560169887132953e-04 1.596640265295208572e-04 -4.816166389397680964e-04 -7.274143024546355133e-05 4.275171799885791961e-04 2.978452850989252201e-05 0.000000000000000000e+00 3.934453443573863811e-04 3.066024504521215697e-04 2.376257263318409341e-04
-2.511386567429047759e-03 2.792528704852127903e-03 6.786558102883297194e-04 9.737068325064281247e-04 -5.532030438064894102e-04 2.606566331645411485e-03 2.063960138491730770e-03 3.760014021445770723e-04 3.934453443573863811e-04 0.000000000000000000e+00 2.208912525070287104e-03 -4.001189742877606917e-04
8.871312992893880733e-04 -1.252100285319029385e-03 1.738943501046419317e-04 -2.756628732864577192e-04 8.361413428956120401e-05 -1.102530605552328689e-04 9.017523578543184658e-04 -3.303057900495214532e-05 3.066024504521215697e-04 2.208912525070287104e-03 0.000000000000000000e+00 4.579238601819343073e-04
8.192137844426444727e-04 2.544890752291343325e-04 2.301884930241745043e-04 4.170493645086883404e-05 3.910130235259044284e-04 -1.179610912115869803e-04 2.642331380079396634e-06 1.753962814213719365e-04 2.376257263318409341e-04 -4.001189742877606917e-04 4.579238601819343073e-04 0.000000000000000000e+00
