0.000000000000000000e+00 -5.065709687707798748e-04 7.799525377722213828e-05 -2.069821298094785193e-04 3.307286965815003623e-05 -1.870368184905507212e-03 -1.621392818696811879e-03 -3.621320653880563873e-04 4.037378735893685827e-04 -2.208393004389427091e-03 -3.134516918452470713e-04 -5.130124505575983245e-05
-5.065709687707798748e-04 0.000000000000000000e+00 7.591960529162131458e-04 2.866893279675516277e-04 -1.276606255219456254e-03 -1.593067423711614337e-04 2.851888188832199782e-03 -2.376040618122341342e-04 -3.871820670715977542e-04 1.779899482830025895e-03 2.133927619636819212e-04 -6.919058656307702261e-04
7.799525377722213828e-05 7.591960529162131458e-04 0.000000000000000000e+00 4.339367618260361751e-04 4.741945133734414616e-04 2.740548665387085477e-04 3.368418238365720910e-04 -3.673440002148223261e-04 2.664654063827998792e-04 3.902961078726982329e-04 2.522012560966988264e-04 -7.729922684928430452e-05
-2.069821298094785193e-04 2.866893279675516277e-04 4.339367618260361751e-04 0.000000000000000000e+00 4.861405651471418978e-04 -2.069558957893552226e-04 -5.098268265452569415e-04 -4.968023427161252998e-04 -1.347578399379147638e-04 -1.250357079695027821e-03 -1.055419777147637082e-04 -4.459288417620810492e-04
3.307286965815003623e-05 -1.276606255219456254e-03 4.741945133734414616e-04 4.861405651471418978e-04 0.000000000000000000e+00 8.151326972734155348e-04 -5.644448811154563050e-04 3.151809596466545959e-04 3.676487868355914068e-04 -8.863793504779325563e-04 -5.042388049207051273e-04 -6.321465813880550915e-04
-1.870368184905507212e-03 -1.593067423711614337e-04 2.740548665387085477e-04 -2.069558957893552226e-04 8.151326972734155348e-04 0.000000000000000000e+00 7.545887334806624302e-04 -1.694244961861581292e-04 -1.928512287681489969e-04 -1.553735207122233525e-03 -3.422590090731773263e-05 1.079754776576150217e-03
-1.621392818696811879e-03 2.851888188832199782e-03 3.368418238365720910e-04 -5.098268265452569415e-04 -5.644448811154563050e-04 7.545887334806624302e-04 0.000000000000000000e+00 -6.954527400217797983e-04 2.314976500888661442e-04 1.661445698250015859e-03 -7.496895066717758219e-04 -5.681250607809165947e-04
-3.621320653880563873e-04 -2.376040618122341342e-04 -3.673440002148223261e-04 -4.968023427161252998e-04 3.151809596466545959e-04 -1.694244961861581292e-04 -6.954527400217797983e-04 0.000000000000000000e+00 2.529396434486084534e-04 1.082312563443234982e-03 4.738760026790167046e-04 -2.748130631422153599e-04
4.037378735893685827e-04 -3.871820670715977542e-04 2.664654063827998792e-04 -1.347578399379147638e-04 3.676487868355914068e-04 -1.928512287681489969e-04 2.314976500888661442e-04 2.529396434486084534e-04 0.000000000000000000e+00 1.275662830837074539e-04 -4.466453455534112604e-04 -2.130205914334032456e-04
-2.208393004389427091e-03 1.779899482830025895e-03 3.902961078726982329e-04 -1.250357079695027821e-03 -8.863793504779325563e-04 -1.553735207122233525e-03 1.661445698250015859e-03 1.082312563443234982e-03 1.275662830837074539e-04 0.000000000000000000e+00 -6.892759424635716385e-04 -1.311583561488874989e-03
-3.134516918452470713e-04 2.133927619636819212e-04 2.522012560966988264e-04 -1.055419777147637082e-04 -5.042388049207051273e-04 -3.422590090731773263e-05 -7.496895066717758219e-04 4.738760026790167046e-04 -4.466453455534112604e-04 -6.892759424635716385e-04 0.000000000000000000e+00 -5.904667275928144428e-04
-5.130124505575983245e-05 -6.919058656307702261e-04 -7.729922684928430452e-05 -4.459288417620810492e-04 -6.321465813880550915e-04 1.079754776576150217e-03 -5.681250607809165947e-04 -2.748130631422153599e-04 -2.130205914334032456e-04 -1.311583561488874989e-03 -5.904667275928144428e-04 0.000000000000000000e+00
