0.000000000000000000e+00 6.642002921030498545e-04 2.876305803574675233e-04 9.549130505524847481e-05 1.525320187100420429e-04 2.353479498585598706e-04 -8.730036962678238224e-05 1.164045299308243174e-03 5.097591270172977581e-04 1.080275238886379543e-03 -7.471465347005710024e-04 -4.166676811203866141e-04
6.642002921030498545e-04 0.000000000000000000e+00 -9.365927024644270205e-05 2.347583878988733670e-03 2.944851393551730008e-04 -1.178522884550117387e-03 -4.314717153276863022e-04 -2.402537126367151714e-03 -5.317713175737837864e-04 -2.269584062035847217e-03 -5.573030226536451141e-04 1.708049486088627361e-03
2.876305803574675233e-04 -9.365927024644270205e-05 0.000000000000000000e+00 -6.990798918902820804e-05 -2.862111321632387147e-04 -5.254869490563296485e-04 1.165778200132201872e-04 6.810841348208044634e-04 -3.923772380351458079e-04 2.453360608447465829e-04 3.311323682441385651e-04 -6.318850363387996981e-04
9.549130505524847481e-05 2.347583878988733670e-03 -6.990798918902820804e-05 0.000000000000000000e+00 3.971527033498273361e-04 -5.306452091273618568e-04 -4.667560269919396906e-04 7.517100077017117160e-04 5.736828010889670265e-04 1.001760019415090172e-04 -1.180983691447081482e-03 -3.971072318858599650e-04
1.525320187100420429e-04 2.944851393551730008e-04 -2.862111321632387147e-04 3.971527033498273361e-04 0.000000000000000000e+00 1.603953526052707989e-04 1.728789737550746549e-04 1.004648255314671010e-03 5.862535992759619835e-04 -4.199444060407804286e-04 2.500361119022197253e-04 5.701534965629323753e-04
2.353479498585598706e-04 -1.178522884550117387e-03 -5.254869490563296485e-04 -5.306452091273618568e-04 1.603953526052707989e-04 0.000000000000000000e+00 2.469882170208791464e-04 2.167895673021139231e-04 -2.023788458665349839e-04 4.680264143437828841e-04 -4.430972495103216273e-04 -7.905559418904595844e-04
-8.730036962678238224e-05 -4.314717153276863022e-04 1.165778200132201872e-04 -4.667560269919396906e-04 1.728789737550746549e-04 2.469882170208791464e-04 0.000000000000000000e+00 6.338766752618622824e-04 2.599265374211304973e-04 -1.785405538496488503e-04 -4.412055836517711884e-04 2.694282428129394559e-04
1.164045299308243174e-03 -2.402537126367151714e-03 6.810841348208044634e-04 7.517100077017117160e-04 1.004648255314671010e-03 2.167895673021139231e-04 6.338766752618622824e-04 0.000000000000000000e+00 1.550187348226759456e-03 -1.551038671822785580e-03 1.546478966688633223e-03 -1.485350401775653410e-03
5.097591270172977581e-04 -5.317713175737837864e-04 -3.923772380351458079e-04 5.736828010889670265e-04 5.862535992759619835e-04 -2.023788458665349839e-04 2.599265374211304973e-04 1.550187348226759456e-03 0.000000000000000000e+00 4.410687496121457117e-04 3.005911863369508291e-05 6.105781208299928967e-04
1.080275238886379543e-03 -2.269584062035847217e-03 2.453360608447465829e-04 1.001760019415090172e-04 -4.199444060407804286e-04 4.680264143437828841e-04 -1.785405538496488503e-04 -1.551038671822785580e-03 4.410687496121457117e-04 0.000000000000000000e+00 -2.409077732597712448e-03 7.420614435418099652e-04
-7.471465347005710024e-04 -5.573030226536451141e-04 3.311323682441385651e-04 -1.180983691447081482e-03 2.500361119022197253e-04 -4.430972495103216273e-04 -4.412055836517711884e-04 1.546478966688633223e-03 3.005911863369508291e-05 -2.409077732597712448e-03 0.000000000000000000e+00 7.933851775910711560e-04
-4.166676811203866141e-04 1.708049486088627361e-03 -6.318850363387996981e-04 -3.971072318858599650e-04 5.701534965629323753e-04 -7.905559418904595844e-04 2.694282428129394559e-04 -1.485350401775653410e-03 6.105781208299928967e-04 7.420614435418099652e-04 7.933851775910711560e-04 0.000000000000000000e+00
