0.000000000000000000e+00 -1.319500014442195413e-03 5.168169259655191246e-04 -5.023782045807296832e-04 -2.739868976544662096e-04 -3.088117276864637206e-05 -5.078487903387396375e-04 1.572647435892989823e-03 5.745494980130660387e-05 8.814021983849289156e-04 3.609865767891736767e-05 6.881700878365350216e-04
-1.319500014442195413e-03 0.000000000000000000e+00 6.296951186884028502e-04 -3.685204520273988038e-04 -8.499311572634144808e-04 -4.908476453454914401e-04 -9.953539184860069056e-04 -3.032841792256932897e-03 2.280143719791192028e-03 2.342134975632877928e-03 2.324655768308343286e-03 1.321848742524936535e-03
5.168169259655191246e-04 6.296951186884028502e-04 0.000000000000000000e+00 -2.619074680549382029e-04 4.164518752379062130e-04 2.299878246661083965e-04 -1.300544429942186990e-04 -6.165937035249447048e-04 2.585534950694150041e-04 1.611138193074601469e-04 -7.933533552478159783e-04 -1.773658942263264164e-04
-5.023782045807296832e-04 -3.685204520273988038e-04 -2.619074680549382029e-04 0.000000000000000000e+00 -7.023724846660588496e-04 -5.263923898002130335e-04 4.231960136761693872e-04 8.922713375497668201e-04 6.415669271725980187e-04 1.796700115334845006e-04 -1.060674848217307321e-03 1.216971717114790361e-03
-2.739868976544662096e-04 -8.499311572634144808e-04 4.164518752379062130e-04 -7.023724846660588496e-04 0.000000000000000000e+00 3.289681907888869798e-04 4.987308136841579927e-04 -5.383146562764048798e-04 1.337382635068640400e-05 2.290331265735373644e-04 -1.700954179481415534e-04 1.301748105622582545e-04
-3.088117276864637206e-05 -4.908476453454914401e-04 2.299878246661083965e-04 -5.263923898002130335e-04 3.289681907888869798e-04 0.000000000000000000e+00 -3.029189358269706602e-04 1.167600183708397427e-03 1.238339247900419678e-04 2.990730001571797445e-05 -3.283206821879181892e-04 -1.378868636328184859e-04
-5.078487903387396375e-04 -9.953539184860069056e-04 -1.300544429942186990e-04 4.231960136761693872e-04 4.987308136841579927e-04 -3.029189358269706602e-04 0.000000000000000000e+00 -1.636001480164596498e-04 -7.432399155350246679e-04 -6.749955070386524491e-04 9.823589980436527296e-04 4.791460050904765527e-04
1.572647435892989823e-03 -3.032841792256932897e-03 -6.165937035249447048e-04 8.922713375497668201e-04 -5.383146562764048798e-04 1.167600183708397427e-03 -1.636001480164596498e-04 0.000000000000000000e+00 8.612123623649256977e-04 -2.821552011103074797e-03 -8.635937723427883133e-04 -1.683338647636961356e-03
5.745494980130660387e-05 2.280143719791192028e-03 2.585534950694150041e-04 6.415669271725980187e-04 1.337382635068640400e-05 1.238339247900419678e-04 -7.432399155350246679e-04 8.612123623649256977e-04 0.000000000000000000e+00 1.194675962268510611e-03 7.403721227704900551e-04 6.422952467834367601e-04
8.814021983849289156e-04 2.342134975632877928e-03 1.611138193074601469e-04 1.796700115334845006e-04 2.290331265735373644e-04 2.990730001571797445e-05 -6.749955070386524491e-04 -2.821552011103074797e-03 1.194675962268510611e-03 0.000000000000000000e+00 -6.950466820832286560e-05 -4.384177364225944821e-04
3.609865767891736767e-05 2.324655768308343286e-03 -7.933533552478159783e-04 -1.060674848217307321e-03 -1.700954179481415534e-04 -3.283206821879181892e-04 9.823589980436527296e-04 -8.635937723427883133e-04 7.403721227704900551e-04 -6.950466820832286560e-05 0.000000000000000000e+00 1.433740057686224258e-03
6.881700878365350216e-04 1.321848742524936535e-03 -1.773658942263264164e-04 1.216971717114790361e-03 1.301748105622582545e-04 -1.378868636328184859e-04 4.791460050904765527e-04 -1.683338647636961356e-03 6.422952467834367601e-04 -4.384177364225944821e-04 1.433740057686224258e-03 0.000000000000000000e+00
