0.000000000000000000e+00 -5.845297757688385182e-05 2.174495663626451822e-05 4.418637646099350127e-04 -2.430485456285740552e-04 -7.625932843227212861e-04 1.778311077810900006e-04 1.008740685651026564e-03 2.572944911529435994e-04 7.176118804306298206e-04 1.553036275151345111e-03 7.906908135555920690e-04
-5.845297757688385182e-05 0.000000000000000000e+00 2.949431269712868221e-04 1.006662082240445105e-03 4.634622308437404874e-04 9.281474831253974786e-04 1.068833416448499753e-03 3.479346622506949982e-03 8.346928506862772226e-04 -1.654491608619625739e-03 1.647769397099020216e-03 2.340218813320529227e-03
2.174495663626451822e-05 2.949431269712868221e-04 0.000000000000000000e+00 -5.213289336636901371e-04 1.994368792316236164e-04 4.044031097528926708e-05 -2.178998175069372760e-04 5.141019742217814697e-04 1.474319840146808328e-04 4.726031124506482141e-05 2.976728362451860183e-04 2.650644174774391426e-04
4.418637646099350127e-04 1.006662082240445105e-03 -5.213289336636901371e-04 0.000000000000000000e+00 -2.058390205219631832e-05 1.832537315407861472e-04 -4.763857988528068894e-04 5.089580822832562735e-04 2.092133946640760064e-03 4.238019046088948617e-04 -2.032354261232747832e-04 -1.049540465689711034e-03
-2.430485456285740552e-04 4.634622308437404874e-04 1.994368792316236164e-04 -2.058390205219631832e-05 0.000000000000000000e+00 -2.815488035180757609e-04 -6.035270612762734537e-05 -5.888882540066748281e-04 3.416360229910038286e-04 -1.077559792422042387e-04 4.736553180788605774e-04 -5.139154192129719413e-05
-7.625932843227212861e-04 9.281474831253974786e-04 4.044031097528926708e-05 1.832537315407861472e-04 -2.815488035180757609e-04 0.000000000000000000e+00 6.059383645854913387e-04 3.293983075145004696e-04 6.931804238114437850e-04 -7.903187235928237119e-04 -1.541490847225441565e-04 -2.891963823836526015e-04
1.778311077810900006e-04 1.068833416448499753e-03 -2.178998175069372760e-04 -4.763857988528068894e-04 -6.035270612762734537e-05 6.059383645854913387e-04 0.000000000000000000e+00 -3.483226220163854778e-04 -9.792107212825110178e-06 1.937528959202551094e-04 2.577269721510526434e-04 3.428119236508354981e-04
1.008740685651026564e-03 3.479346622506949982e-03 5.141019742217814697e-04 5.089580822832562735e-04 -5.888882540066748281e-04 3.293983075145004696e-04 -3.483226220163854778e-04 0.000000000000000000e+00 1.808575874875654544e-03 9.683035158576635268e-05 -5.379666696273558086e-04 1.176247126486691728e-04
2.572944911529435994e-04 8.346928506862772226e-04 1.474319840146808328e-04 2.092133946640760064e-03 3.416360229910038286e-04 6.931804238114437850e-04 -9.792107212825110178e-06 1.808575874875654544e-03 0.000000000000000000e+00 -8.396895352545941365e-04 -1.433586216864289695e-03 5.487847271064670183e-04
7.176118804306298206e-04 -1.654491608619625739e-03 4.726031124506482141e-05 4.238019046088948617e-04 -1.077559792422042387e-04 -7.903187235928237119e-04 1.937528959202551094e-04 9.683035158576635268e-05 -8.396895352545941365e-04 0.000000000000000000e+00 8.500741155800896950e-04 9.759538301611156300e-04
1.553036275151345111e-03 1.647769397099020216e-03 2.976728362451860183e-04 -2.032354261232747832e-04 4.736553180788605774e-04 -1.541490847225441565e-04 2.577269721510526434e-04 -5.379666696273558086e-04 -1.433586216864289695e-03 8.500741155800896950e-04 0.000000000000000000e+00 1.363502079032142915e-04
7.906908135555920690e-04 2.340218813320529227e-03 2.650644174774391426e-04 -1.049540465689711034e-03 -5.139154192129719413e-05 -2.891963823836526015e-04 3.428119236508354981e-04 1.176247126486691728e-04 5.487847271064670183e-04 9.759538301611156300e-04 1.363502079032142915e-04 0.000000000000000000e+00
