0.000000000000000000e+00 -5.051993593539219575e-04 -1.062253636757258123e-04 2.345575304827536014e-04 2.689653645911821390e-04 3.244765841188649051e-04 -1.495612365931661605e-04 -1.684903291883760901e-05 -2.293331487435944758e-04 -1.365301375786831149e-04 -3.302492267150128813e-04 -4.065425134523939629e-04
-5.051993593539219575e-04 0.000000000000000000e+00 -1.187688175568764500e-03 5.807889472955176866e-04 -2.076939604780188742e-04 9.045574414632667195e-04 1.290588539919467924e-03 1.343241711282265952e-03 2.937307561683998036e-03 1.908856273404788617e-03 -5.942721660655250109e-04 5.296991275304402131e-04
-1.062253636757258123e-04 -1.187688175568764500e-03 0.000000000000000000e+00 3.528553797637393446e-04 -1.968312351675795149e-04 -1.526779999600206183e-04 -3.075363607272364025e-04 5.011297523044751234e-04 3.290696952841335745e-04 1.208442445849493367e-04 7.157786474478323568e-05 2.909262011132375536e-04
2.345575304827536014e-04 5.807889472955176866e-04 3.528553797637393446e-04 0.000000000000000000e+00 2.400654925067637242e-04 1.643903256237827626e-05 -2.896721435974258753e-04 -9.709165224104706216e-04 5.933063741919209801e-04 -5.176452869426304178e-04 -1.046838481643861535e-03 -3.826185380799473944e-04
2.689653645911821390e-04 -2.076939604780188742e-04 -1.968312351675795149e-04 2.400654925067637242e-04 0.000000000000000000e+00 5.162575062691868925e-05 4.817180778446574997e-06 -1.218681032011070223e-04 2.607156827441387448e-04 -9.048245090154662877e-05 3.807953613867335425e-04 -3.080090669401158157e-04
3.244765841188649051e-04 9.045574414632667195e-04 -1.526779999600206183e-04 1.643903256237827626e-05 5.162575062691868925e-05 0.000000000000000000e+00 -1.168487428080743984e-04 -9.346850407473092674e-04 5.131836835700831967e-04 2.756084111943346934e-05 1.059608987333799485e-04 2.837193577998331427e-05
-1.495612365931661605e-04 1.290588539919467924e-03 -3.075363607272364025e-04 -2.896721435974258753e-04 4.817180778446574997e-06 -1.168487428080743984e-04 0.000000000000000000e+00 -2.366804184547961136e-04 -2.336918437497861130e-04 2.512655638879573517e-04 -4.305496648708646498e-04 2.631841726697066778e-04
-1.684903291883760901e-05 1.343241711282265952e-03 5.011297523044751234e-04 -9.709165224104706216e-04 -1.218681032011070223e-04 -9.346850407473092674e-04 -2.366804184547961136e-04 0.000000000000000000e+00 2.344184290667580307e-03 1.143927367819253449e-03 8.541173340378855087e-04 -1.405942536875986462e-03
-2.293331487435944758e-04 2.937307561683998036e-03 3.290696952841335745e-04 5.933063741919209801e-04 2.607156827441387448e-04 5.131836835700831967e-04 -2.336918437497861130e-04 2.344184290667580307e-03 0.000000000000000000e+00 -6.127436987175332792e-04 7.827855663938696655e-04 4.917456620452604395e-04
-1.365301375786831149e-04 1.908856273404788617e-03 1.208442445849493367e-04 -5.176452869426304178e-04 -9.048245090154662877e-05 2.756084111943346934e-05 2.512655638879573517e-04 1.143927367819253449e-03 -6.127436987175332792e-04 0.000000000000000000e+00 -9.916657195061144917e-04 -1.623857525193644468e-04
-3.302492267150128813e-04 -5.942721660655250109e-04 7.157786474478323568e-05 -1.046838481643861535e-03 3.807953613867335425e-04 1.059608987333799485e-04 -4.305496648708646498e-04 8.541173340378855087e-04 7.827855663938696655e-04 -9.916657195061144917e-04 0.000000000000000000e+00 3.329547184967349247e-04
-4.065425134523939629e-04 5.296991275304402131e-04 2.909262011132375536e-04 -3.826185380799473944e-04 -3.080090669401158157e-04 2.837193577998331427e-05 2.631841726697066778e-04 -1.405942536875986462e-03 4.917456620452604395e-04 -1.623857525193644468e-04 3.329547184967349247e-04 0.000000000000000000e+00
