0.000000000000000000e+00 -3.037357922984602020e-04 2.875261108935237724e-04 6.927743166535141241e-04 1.741980394171594793e-04 -7.880423604327183883e-06 4.311154325128357489e-04 7.945961380867975913e-04 7.076349055785092698e-04 -2.991773977533550722e-04 6.180751115837572560e-04 -7.349785345013461332e-04
-3.037357922984602020e-04 0.000000000000000000e+00 2.109231055449902956e-04 -1.512399235427536832e-03 7.463159017613214298e-04 -1.209742064054792482e-03 4.585798429116082708e-04 2.120844151318611488e-04 2.255419868941994140e-03 3.724979257234166592e-04 -3.010249734912211379e-03 1.877379536489251011e-03
2.875261108935237724e-04 2.109231055449902956e-04 0.000000000000000000e+00 -4.310970283890928575e-04 -5.190768683443401600e-04 -1.048568743757581992e-04 1.980807219773487830e-04 9.086632394188871517e-04 5.117646800668392292e-05 1.967470905897021540e-04 2.245991024411341368e-05 2.442845291634534468e-04
6.927743166535141241e-04 -1.512399235427536832e-03 -4.310970283890928575e-04 0.000000000000000000e+00 4.228856114312751994e-04 5.499355686128828925e-04 2.930328709147084969e-04 8.618905170611379681e-04 6.153967199088678040e-04 8.918473968466324609e-04 -5.857984835374672458e-05 -3.872732537250822213e-04
1.741980394171594793e-04 7.463159017613214298e-04 -5.190768683443401600e-04 4.228856114312751994e-04 0.000000000000000000e+00 -3.484674420433928662e-04 -2.927522789789895595e-04 8.921919035663283901e-04 7.584631241036739711e-05 -6.446793959382366226e-04 -4.474760463034180595e-04 -9.168961133137583039e-05
-7.880423604327183883e-06 -1.209742064054792482e-03 -1.048568743757581992e-04 5.499355686128828925e-04 -3.484674420433928662e-04 0.000000000000000000e+00 6.983034532538166664e-05 -9.577546448173498029e-04 2.679701185735215772e-04 -6.141404835326029531e-04 -2.579310146153703095e-04 1.107550430191806771e-03
4.311154325128357489e-04 4.585798429116082708e-04 1.980807219773487830e-04 2.930328709147084969e-04 -2.927522789789895595e-04 6.983034532538166664e-05 0.000000000000000000e+00 9.584229013489110969e-04 5.911125625407213360e-04 3.230837752144226534e-04 -1.171283028487909338e-04 3.986254275409496914e-04
7.945961380867975913e-04 2.120844151318611488e-04 9.086632394188871517e-04 8.618905170611379681e-04 8.921919035663283901e-04 -9.577546448173498029e-04 9.584229013489110969e-04 0.000000000000000000e+00 -7.525787445634429676e-04 -9.292608852253206753e-04 -1.356609614163236917e-03 -5.175278969778969538e-04
7.076349055785092698e-04 2.255419868941994140e-03 5.117646800668392292e-05 6.153967199088678040e-04 7.584631241036739711e-05 2.679701185735215772e-04 5.911125625407213360e-04 -7.525787445634429676e-04 0.000000000000000000e+00 3.500026272167964321e-04 -1.039884111881138719e-03 -1.974402274426047960e-04
-2.991773977533550722e-04 3.724979257234166592e-04 1.967470905897021540e-04 8.918473968466324609e-04 -6.446793959382366226e-04 -6.141404835326029531e-04 3.230837752144226534e-04 -9.292608852253206753e-04 3.500026272167964321e-04 0.000000000000000000e+00 -6.333634629823521774e-04 -6.666812884183053204e-04
6.180751115837572560e-04 -3.010249734912211379e-03 2.245991024411341368e-05 -5.857984835374672458e-05 -4.474760463034180595e-04 -2.579310146153703095e-04 -1.171283028487909338e-04 -1.356609614163236917e-03 -1.039884111881138719e-03 -6.333634629823521774e-04 0.000000000000000000e+00 4.497019862929466701e-04
-7.349785345013461332e-04 1.877379536489251011e-03 2.442845291634534468e-04 -3.872732537250822213e-04 -9.168961133137583039e-05 1.107550430191806771e-03 3.986254275409496914e-04 -5.175278969778969538e-04 -1.974402274426047960e-04 -6.666812884183053204e-04 4.497019862929466701e-04 0.000000000000000000e+00
