0.000000000000000000e+00 -9.442261698061511505e-05 8.496592637622606267e-04 -2.512053098973479680e-04 8.343407595006376585e-04 4.038382766087450287e-04 -7.568851280950132220e-04 2.166899918425447798e-04 1.153152226372916025e-03 4.165151653109650095e-04 4.497134925759443025e-04 -1.463922005665553843e-03
-9.442261698061511505e-05 0.000000000000000000e+00 1.407829034916475671e-04 6.804046306539312443e-05 -3.139258069787537859e-04 -1.719100769767798755e-04 -5.078955703687539243e-04 3.092278187025223604e-04 5.434271332777920955e-04 1.522364908985332868e-04 -5.962318232901517821e-04 7.145505522577874549e-04
8.496592637622606267e-04 1.407829034916475671e-04 0.000000000000000000e+00 6.422851587947263822e-06 1.195539744633840475e-04 -7.124807794286924139e-04 -5.274594487878782583e-05 -7.831800473951004509e-05 4.503925141220311147e-04 6.028881243382462878e-04 -6.770302405397692156e-04 7.985372374067039843e-04
-2.512053098973479680e-04 6.804046306539312443e-05 6.422851587947263822e-06 0.000000000000000000e+00 -3.190719941607995090e-04 1.341860747492583026e-04 1.646740775618063101e-03 -5.766923925236139140e-05 5.650085472516998839e-04 3.399226377409800769e-04 -9.371729780546999243e-05 1.357449981627696168e-03
8.343407595006376585e-04 -3.139258069787537859e-04 1.195539744633840475e-04 -3.190719941607995090e-04 0.000000000000000000e+00 -7.723761672725563401e-04 -8.078117249624394399e-04 1.568236721016524622e-04 1.249326270108664641e-03 -5.662704645343710503e-04 2.544656840469241687e-03 -1.203002852024094398e-03
4.038382766087450287e-04 -1.719100769767798755e-04 -7.124807794286924139e-04 1.341860747492583026e-04 -7.723761672725563401e-04 0.000000000000000000e+00 -8.753871403689481674e-04 3.965913489031839168e-04 -1.012036622995302277e-03 1.822854799150809221e-04 -8.102092009607529156e-04 4.921600427156257998e-04
-7.568851280950132220e-04 -5.078955703687539243e-04 -5.274594487878782583e-05 1.646740775618063101e-03 -8.078117249624394399e-04 -8.753871403689481674e-04 0.000000000000000000e+00 1.039402559865560413e-03 -1.881109751624514747e-03 1.404358827774466459e-03 3.327769272568410503e-03 2.019267232122354695e-03
2.166899918425447798e-04 3.092278187025223604e-04 -7.831800473951004509e-05 -5.766923925236139140e-05 1.568236721016524622e-04 3.965913489031839168e-04 1.039402559865560413e-03 0.000000000000000000e+00 -5.258804781534053788e-04 -4.156771308167965073e-04 2.404187677079822017e-04 -5.698756932803319747e-04
1.153152226372916025e-03 5.434271332777920955e-04 4.503925141220311147e-04 5.650085472516998839e-04 1.249326270108664641e-03 -1.012036622995302277e-03 -1.881109751624514747e-03 -5.258804781534053788e-04 0.000000000000000000e+00 -5.376528625961995555e-04 2.439409756892747610e-04 5.823177772862702349e-04
4.165151653109650095e-04 1.522364908985332868e-04 6.028881243382462878e-04 3.399226377409800769e-04 -5.662704645343710503e-04 1.822854799150809221e-04 1.404358827774466459e-03 -4.156771308167965073e-04 -5.376528625961995555e-04 0.000000000000000000e+00 -2.693723550668847841e-04 -9.877323826729897133e-04
4.497134925759443025e-04 -5.962318232901517821e-04 -6.770302405397692156e-04 -9.371729780546999243e-05 2.544656840469241687e-03 -8.102092009607529156e-04 3.327769272568410503e-03 2.404187677079822017e-04 2.439409756892747610e-04 -2.693723550668847841e-04 0.000000000000000000e+00 6.132548006852440526e-04
-1.463922005665553843e-03 7.145505522577874549e-04 7.985372374067039843e-04 1.357449981627696168e-03 -1.203002852024094398e-03 4.921600427156257998e-04 2.019267232122354695e-03 -5.698756932803319747e-04 5.823177772862702349e-04 -9.877323826729897133e-04 6.132548006852440526e-04 0.000000000000000000e+00
