0.000000000000000000e+00 2.614065482849566046e-04 -5.957646813362963253e-05 -1.937477114375434528e-04 -4.049143246026202614e-04 -2.994132510525313040e-04 -9.028669555762755495e-04 -2.041453551721834436e-04 -1.972578261906415072e-04 4.228588881798301616e-04 3.336084341340752549e-04 -4.314101561650183808e-04
2.614065482849566046e-04 0.000000000000000000e+00 -4.941788193939172574e-04 4.088809609714578737e-04 -3.585254912503418922e-04 7.425214416032675183e-04 4.514182272261696091e-04 6.923107238638436390e-05 6.030853171866368224e-04 -1.301635470366471075e-04 -1.412566751881669366e-04 3.046053674740733077e-04
-5.957646813362963253e-05 -4.941788193939172574e-04 0.000000000000000000e+00 -1.656334644347580312e-04 -9.770319765758372910e-04 -4.734913536865165270e-04 1.416132976221291372e-03 5.781474913297634339e-04 -9.775153122732893748e-05 3.813411828880965333e-04 4.079109803656149583e-04 7.256483244292839634e-04
-1.937477114375434528e-04 4.088809609714578737e-04 -1.656334644347580312e-04 0.000000000000000000e+00 8.444518554399913814e-04 3.616690153930889398e-04 -2.363812193338055113e-04 2.312030923284658654e-04 1.236728101739395101e-04 4.033031070519513261e-04 -1.324833639089736947e-03 -8.244890246533833657e-04
-4.049143246026202614e-04 -3.585254912503418922e-04 -9.770319765758372910e-04 8.444518554399913814e-04 0.000000000000000000e+00 -1.997767825453201828e-05 5.740184904140108657e-04 -3.677258899667638112e-04 3.337375394400825214e-04 -2.877250721174609972e-04 -5.587823473969081873e-04 5.178739315395801401e-04
-2.994132510525313040e-04 7.425214416032675183e-04 -4.734913536865165270e-04 3.616690153930889398e-04 -1.997767825453201828e-05 0.000000000000000000e+00 -5.700544399840287713e-04 -6.001615200343104431e-05 -2.003169281842525728e-04 -2.052318898702657998e-04 4.868499859166720606e-04 1.457812850952478791e-03
-9.028669555762755495e-04 4.514182272261696091e-04 1.416132976221291372e-03 -2.363812193338055113e-04 5.740184904140108657e-04 -5.700544399840287713e-04 0.000000000000000000e+00 -4.589341448466006344e-07 -1.415889871536320579e-03 -2.776256965304188854e-04 -2.639443644283000212e-03 2.032321698428424164e-03
-2.041453551721834436e-04 6.923107238638436390e-05 5.781474913297634339e-04 2.312030923284658654e-04 -3.677258899667638112e-04 -6.001615200343104431e-05 -4.589341448466006344e-07 0.000000000000000000e+00 -4.958739243660867943e-04 -7.224928719221699160e-04 4.122836155165417031e-04 -1.181069778641768118e-03
-1.972578261906415072e-04 6.030853171866368224e-04 -9.775153122732893748e-05 1.236728101739395101e-04 3.337375394400825214e-04 -2.003169281842525728e-04 -1.415889871536320579e-03 -4.958739243660867943e-04 0.000000000000000000e+00 1.307315325417267868e-04 5.068839441040375341e-04 -3.853462429215458954e-04
4.228588881798301616e-04 -1.301635470366471075e-04 3.813411828880965333e-04 4.033031070519513261e-04 -2.877250721174609972e-04 -2.052318898702657998e-04 -2.776256965304188854e-04 -7.224928719221699160e-04 1.307315325417267868e-04 0.000000000000000000e+00 -1.024689815590403279e-04 1.231860607093348452e-03
3.336084341340752549e-04 -1.412566751881669366e-04 4.079109803656149583e-04 -1.324833639089736947e-03 -5.587823473969081873e-04 4.868499859166720606e-04 -2.639443644283000212e-03 4.122836155165417031e-04 5.068839441040375341e-04 -1.024689815590403279e-04 0.000000000000000000e+00 1.269627017164464463e-03
-4.314101561650183808e-04 3.046053674740733077e-04 7.256483244292839634e-04 -8.244890246533833657e-04 5.178739315395801401e-04 1.457812850952478791e-03 2.032321698428424164e-03 -1.181069778641768118e-03 -3.853462429215458954e-04 1.231860607093348452e-03 1.269627017164464463e-03 0.000000000000000000e+00
