0.000000000000000000e+00 -1.802376990377473401e-04 -5.913652053592294592e-04 1.841923288839104899e-04 -8.908910695255801634e-04 -1.839557535979217191e-04 -3.121321555261882949e-04 -3.283301823388245361e-04 -9.058205388245678608e-04 -1.767977995454824761e-05 8.247924535065853397e-04 1.034971879252170619e-03
-1.802376990377473401e-04 0.000000000000000000e+00 -3.642675874697559477e-05 5.564261825438551284e-05 1.029429783057653279e-04 2.576195098862227835e-05 1.483620486553863878e-04 7.962223512940626541e-05 2.507872436757983261e-04 -2.529198484540299023e-04 5.636112143710320289e-05 3.930817927078233596e-04
-5.913652053592294592e-04 -3.642675874697559477e-05 0.000000000000000000e+00 -7.000631680431278160e-04 -1.037297601764240555e-04 -4.713708213221167576e-05 -1.567483681728398500e-03 -7.172416984290045988e-04 -9.176082091389369498e-05 3.843598879488290183e-04 -2.236783488659221757e-04 -4.398733391129406038e-04
1.841923288839104899e-04 5.564261825438551284e-05 -7.000631680431278160e-04 0.000000000000000000e+00 -5.870899827903868488e-05 1.004471344269508787e-03 1.497322464246720643e-03 -4.666534186069122960e-04 3.018862152931034567e-04 1.316473568940452500e-04 -5.656358877792372645e-04 6.058076718659188929e-04
-8.908910695255801634e-04 1.029429783057653279e-04 -1.037297601764240555e-04 -5.870899827903868488e-05 0.000000000000000000e+00 6.477328859782889277e-04 -7.847473944154104066e-04 5.973506757513083899e-04 7.982723271273104186e-04 2.836894508466410538e-04 1.460726640615009255e-03 3.511417217930969353e-04
-1.839557535979217191e-04 2.576195098862227835e-05 -4.713708213221167576e-05 1.004471344269508787e-03 6.477328859782889277e-04 0.000000000000000000e+00 -2.500834026958919862e-03 2.403803835076282142e-04 -4.878385172131867627e-04 -1.847089595259396679e-04 -7.409178301202285323e-04 1.103487240057002272e-03
-3.121321555261882949e-04 1.483620486553863878e-04 -1.567483681728398500e-03 1.497322464246720643e-03 -7.847473944154104066e-04 -2.500834026958919862e-03 0.000000000000000000e+00 -6.900196338796202832e-04 1.665364631498928794e-03 6.608432879179345449e-04 2.045122622784683762e-04 -2.790634490316611701e-03
-3.283301823388245361e-04 7.962223512940626541e-05 -7.172416984290045988e-04 -4.666534186069122960e-04 5.973506757513083899e-04 2.403803835076282142e-04 -6.900196338796202832e-04 0.000000000000000000e+00 -7.791898575705828072e-04 -5.531379367337886134e-04 1.267371346072664170e-04 -1.306381525537058221e-03
-9.058205388245678608e-04 2.507872436757983261e-04 -9.176082091389369498e-05 3.018862152931034567e-04 7.982723271273104186e-04 -4.878385172131867627e-04 1.665364631498928794e-03 -7.791898575705828072e-04 0.000000000000000000e+00 -6.531018825564037251e-04 -7.694936566830121128e-04 9.719876490182350996e-04
-1.767977995454824761e-05 -2.529198484540299023e-04 3.843598879488290183e-04 1.316473568940452500e-04 2.836894508466410538e-04 -1.847089595259396679e-04 6.608432879179345449e-04 -5.531379367337886134e-04 -6.531018825564037251e-04 0.000000000000000000e+00 1.023007517831124157e-03 -2.983901368465282440e-04
8.247924535065853397e-04 5.636112143710320289e-05 -2.236783488659221757e-04 -5.656358877792372645e-04 1.460726640615009255e-03 -7.409178301202285323e-04 2.045122622784683762e-04 1.267371346072664170e-04 -7.694936566830121128e-04 1.023007517831124157e-03 0.000000000000000000e+00 1.517031428887276236e-03
1.034971879252170619e-03 3.930817927078233596e-04 -4.398733391129406038e-04 6.058076718659188929e-04 3.511417217930969353e-04 1.103487240057002272e-03 -2.790634490316611701e-03 -1.306381525537058221e-03 9.719876490182350996e-04 -2.983901368465282440e-04 1.517031428887276236e-03 0.000000000000000000e+00
