0.000000000000000000e+00 1.635027829753652557e-04 1.084693726938803279e-03 5.224094995676649509e-04 6.431524202951618985e-05 -2.442286965205428821e-04 -7.008806045853323979e-04 5.377332104895292180e-04 7.217256476949522430e-04 3.385151869577854690e-04 7.520286751795700938e-04 -2.112034721757238983e-04
1.635027829753652557e-04 0.000000000000000000e+00 3.435475934457553554e-04 2.368137943229510533e-04 4.541730722381074128e-04 4.942630083954234835e-05 -2.839166885437527724e-04 2.134890551238319062e-04 -4.258216055278120363e-06 -4.573134735994517468e-04 -2.754310826991425909e-04 4.464197856058977276e-05
1.084693726938803279e-03 3.435475934457553554e-04 0.000000000000000000e+00 5.130629051692113963e-04 -7.866975318091644614e-04 1.816303542180251447e-04 1.698466458814245695e-04 4.861337618749867666e-05 -1.189702212946017537e-03 1.943017969264768715e-04 -9.064093078217392912e-04 -1.295705650139745936e-03
5.224094995676649509e-04 2.368137943229510533e-04 5.130629051692113963e-04 0.000000000000000000e+00 1.126018826720376516e-03 -2.645071826340666499e-04 2.114529828839300824e-04 3.880200882027875641e-04 -1.544124206451141302e-04 -2.647464602262431245e-05 -2.548362045913114327e-04 4.721099258158027945e-05
6.431524202951618985e-05 4.541730722381074128e-04 -7.866975318091644614e-04 1.126018826720376516e-03 0.000000000000000000e+00 1.946672899635442083e-04 3.283889186832540229e-03 -4.945788320321917002e-04 1.914645034870181858e-04 -7.959716887104594570e-04 -1.375641276513031152e-03 2.135351517220161408e-03
-2.442286965205428821e-04 4.942630083954234835e-05 1.816303542180251447e-04 -2.645071826340666499e-04 1.946672899635442083e-04 0.000000000000000000e+00 -6.174900650252561742e-04 -1.650477164398304493e-05 1.070003643516979864e-03 5.249627775163917846e-04 -1.358048343567605076e-03 2.996226208115775589e-05
-7.008806045853323979e-04 -2.839166885437527724e-04 1.698466458814245695e-04 2.114529828839300824e-04 3.283889186832540229e-03 -6.174900650252561742e-04 0.000000000000000000e+00 -2.381990597486626968e-04 -4.720759765047147314e-04 9.399772851504306550e-05 3.464202939513303520e-03 -7.654448546173492178e-04
5.377332104895292180e-04 2.134890551238319062e-04 4.861337618749867666e-05 3.880200882027875641e-04 -4.945788320321917002e-04 -1.650477164398304493e-05 -2.381990597486626968e-04 0.000000000000000000e+00 -4.669828770167433626e-04 1.269824249046093932e-04 3.436786888385704651e-05 9.239735713086766073e-05
7.217256476949522430e-04 -4.258216055278120363e-06 -1.189702212946017537e-03 -1.544124206451141302e-04 1.914645034870181858e-04 1.070003643516979864e-03 -4.720759765047147314e-04 -4.669828770167433626e-04 0.000000000000000000e+00 1.369609386091140868e-04 1.394362291736549100e-03 2.996522901657825821e-03
3.385151869577854690e-04 -4.573134735994517468e-04 1.943017969264768715e-04 -2.647464602262431245e-05 -7.959716887104594570e-04 5.249627775163917846e-04 9.399772851504306550e-05 1.269824249046093932e-04 1.369609386091140868e-04 0.000000000000000000e+00 7.208950611070973980e-04 -1.679165771472130198e-04
7.520286751795700938e-04 -2.754310826991425909e-04 -9.064093078217392912e-04 -2.548362045913114327e-04 -1.375641276513031152e-03 -1.358048343567605076e-03 3.464202939513303520e-03 3.436786888385704651e-05 1.394362291736549100e-03 7.208950611070973980e-04 0.000000000000000000e+00 -2.116530618681668544e-03
-2.112034721757238983e-04 4.464197856058977276e-05 -1.295705650139745936e-03 4.721099258158027945e-05 2.135351517220161408e-03 2.996226208115775589e-05 -7.654448546173492178e-04 9.239735713086766073e-05 2.996522901657825821e-03 -1.679165771472130198e-04 -2.116530618681668544e-03 0.000000000000000000e+00
