0.000000000000000000e+00 -4.853961279429003326e-05 3.297262669798070979e-04 -5.674314795560318975e-04 -2.014235217221957723e-04 -5.106269433987844662e-04 -1.103898174698863415e-04 4.889466083700381343e-04 5.136341420856471441e-05 -2.256753715917169542e-05 -3.306563322094510291e-05 -3.556937648252911778e-04
-4.853961279429003326e-05 0.000000000000000000e+00 2.503439173778532461e-04 -2.889113695704729446e-05 -1.503963989335195344e-04 6.793865889282354738e-05 -4.876650937919702576e-04 8.528030620858658675e-05 -4.530239724173055755e-04 4.314035932288807487e-04 -5.450668563021663022e-04 -5.113557247185330275e-04
3.297262669798070979e-04 2.503439173778532461e-04 0.000000000000000000e+00 9.794488551135195761e-05 9.008892884222891853e-04 9.717942240939434883e-04 1.517837428906345298e-03 5.132751499875135058e-04 -6.672819025279864112e-04 3.462447274899353722e-04 -7.858547093940122569e-05 8.889162270007411326e-04
-5.674314795560318975e-04 -2.889113695704729446e-05 9.794488551135195761e-05 0.000000000000000000e+00 2.307557302174098905e-04 -3.895679628232619879e-04 5.809707203886929150e-04 1.874960635643779859e-04 -6.648885764151765026e-05 -2.045171370903310106e-04 6.460448738721103314e-04 6.415708279200876829e-04
-2.014235217221957723e-04 -1.503963989335195344e-04 9.008892884222891853e-04 2.307557302174098905e-04 0.000000000000000000e+00 -3.993473280006675576e-05 3.061007594550942037e-04 5.657440642286752988e-04 7.160359059807304980e-04 4.945866474921877800e-04 5.375967078822650605e-04 -2.289109585095433150e-03
-5.106269433987844662e-04 6.793865889282354738e-05 9.717942240939434883e-04 -3.895679628232619879e-04 -3.993473280006675576e-05 0.000000000000000000e+00 1.037330601578669194e-03 4.056482641582638288e-04 1.230940528352816117e-04 -1.446569646361749404e-06 2.162987039498909410e-04 2.882615223122002150e-04
-1.103898174698863415e-04 -4.876650937919702576e-04 1.517837428906345298e-03 5.809707203886929150e-04 3.061007594550942037e-04 1.037330601578669194e-03 0.000000000000000000e+00 -8.272112542294926063e-04 -3.078122023905839524e-03 1.319816421080249793e-03 -1.358048635116946169e-03 -2.571282658517502068e-03
4.889466083700381343e-04 8.528030620858658675e-05 5.132751499875135058e-04 1.874960635643779859e-04 5.657440642286752988e-04 4.056482641582638288e-04 -8.272112542294926063e-04 0.000000000000000000e+00 4.717578260153873048e-05 -3.108895383580834388e-04 -1.061068610808052438e-03 -5.041447346443598751e-04
5.136341420856471441e-05 -4.530239724173055755e-04 -6.672819025279864112e-04 -6.648885764151765026e-05 7.160359059807304980e-04 1.230940528352816117e-04 -3.078122023905839524e-03 4.717578260153873048e-05 0.000000000000000000e+00 4.658811192614926294e-04 1.559329398208491061e-03 3.831328914643848996e-04
-2.256753715917169542e-05 4.314035932288807487e-04 3.462447274899353722e-04 -2.045171370903310106e-04 4.945866474921877800e-04 -1.446569646361749404e-06 1.319816421080249793e-03 -3.108895383580834388e-04 4.658811192614926294e-04 0.000000000000000000e+00 -1.260457973309312687e-03 7.131105885749973146e-04
-3.306563322094510291e-05 -5.450668563021663022e-04 -7.858547093940122569e-05 6.460448738721103314e-04 5.375967078822650605e-04 2.162987039498909410e-04 -1.358048635116946169e-03 -1.061068610808052438e-03 1.559329398208491061e-03 -1.260457973309312687e-03 0.000000000000000000e+00 -2.203928054953480098e-03
-3.556937648252911778e-04 -5.113557247185330275e-04 8.889162270007411326e-04 6.415708279200876829e-04 -2.289109585095433150e-03 2.882615223122002150e-04 -2.571282658517502068e-03 -5.041447346443598751e-04 3.831328914643848996e-04 7.131105885749973146e-04 -2.203928054953480098e-03 0.000000000000000000e+00
