0.000000000000000000e+00 -7.945025057463536136e-05 -6.179037941279738252e-04 1.960109239505943533e-05 2.645440225283601115e-04 -7.154795641294069098e-04 -1.100217393276321136e-03 4.656966592761696620e-04 1.013868252807221138e-03 1.193678072238631626e-04 5.392870369643760337e-05 1.573809140544666523e-04
-7.945025057463536136e-05 0.000000000000000000e+00 2.289276560816962667e-04 1.747805703420530219e-04 -2.462437634595717600e-04 3.288365352160893778e-04 3.892136355709279339e-04 8.948323270656747283e-05 3.347570187039916232e-04 1.587567063015697709e-04 -3.565313542822368402e-04 7.433083122182330710e-04
-6.179037941279738252e-04 2.289276560816962667e-04 0.000000000000000000e+00 8.304091841208024709e-06 -1.325900558789168881e-03 -1.130039301336400277e-03 -1.721468241699160556e-03 1.727429516734751503e-03 7.809442281296687972e-04 6.778449571448721869e-04 -6.845961018663846744e-04 -1.925437078346333005e-03
1.960109239505943533e-05 1.747805703420530219e-04 8.304091841208024709e-06 0.000000000000000000e+00 -2.596853407476241863e-04 6.479393277629969103e-04 -4.496705197858500455e-04 2.474167662250062721e-04 1.046572256613193756e-03 -6.234838835901928547e-04 -3.166491737709479994e-04 -3.452851794382303047e-04
2.645440225283601115e-04 -2.462437634595717600e-04 -1.325900558789168881e-03 -2.596853407476241863e-04 0.000000000000000000e+00 5.781858932125248261e-04 -3.174473198536570135e-04 -4.008335020718757353e-04 -6.671470832076477906e-04 -2.339842178600406509e-04 -3.885806118019897353e-04 2.662401575940999662e-05
-7.154795641294069098e-04 3.288365352160893778e-04 -1.130039301336400277e-03 6.479393277629969103e-04 5.781858932125248261e-04 0.000000000000000000e+00 -2.461313957131419389e-03 -4.218340514093256357e-04 -8.003550640672144143e-04 6.769594958937908552e-04 -1.356593274711193097e-04 1.044870601684244789e-03
-1.100217393276321136e-03 3.892136355709279339e-04 -1.721468241699160556e-03 -4.496705197858500455e-04 -3.174473198536570135e-04 -2.461313957131419389e-03 0.000000000000000000e+00 -1.427887506863213590e-03 -1.296015992337284581e-03 -9.159899229116632994e-04 5.219284863647808683e-04 4.628383907578733540e-04
4.656966592761696620e-04 8.948323270656747283e-05 1.727429516734751503e-03 2.474167662250062721e-04 -4.008335020718757353e-04 -4.218340514093256357e-04 -1.427887506863213590e-03 0.000000000000000000e+00 5.840829674759339703e-05 -7.409334606299589152e-04 1.583785440156185035e-04 7.180084190230362267e-04
1.013868252807221138e-03 3.347570187039916232e-04 7.809442281296687972e-04 1.046572256613193756e-03 -6.671470832076477906e-04 -8.003550640672144143e-04 -1.296015992337284581e-03 5.840829674759339703e-05 0.000000000000000000e+00 7.240480059122022909e-04 -8.706790147362488590e-05 7.345209733279781193e-04
1.193678072238631626e-04 1.587567063015697709e-04 6.778449571448721869e-04 -6.234838835901928547e-04 -2.339842178600406509e-04 6.769594958937908552e-04 -9.159899229116632994e-04 -7.409334606299589152e-04 7.240480059122022909e-04 0.000000000000000000e+00 -2.532177269717120205e-04 -1.657711745388673499e-04
5.392870369643760337e-05 -3.565313542822368402e-04 -6.845961018663846744e-04 -3.166491737709479994e-04 -3.885806118019897353e-04 -1.356593274711193097e-04 5.219284863647808683e-04 1.583785440156185035e-04 -8.706790147362488590e-05 -2.532177269717120205e-04 0.000000000000000000e+00 1.961554837163204112e-04
1.573809140544666523e-04 7.433083122182330710e-04 -1.925437078346333005e-03 -3.452851794382303047e-04 2.662401575940999662e-05 1.044870601684244789e-03 4.628383907578733540e-04 7.180084190230362267e-04 7.345209733279781193e-04 -1.657711745388673499e-04 1.961554837163204112e-04 0.000000000000000000e+00
