0.000000000000000000e+00 3.182314975297468218e-04 3.790036029468240772e-04 -9.703300813262229251e-04 2.977844655150051721e-04 -3.387779745912128122e-04 -5.634045118244275551e-04 4.756270264045209901e-04 3.665031112596916834e-04 -4.069952415851756404e-04 3.915553683333029594e-04 9.482095174427403899e-05
3.182314975297468218e-04 0.000000000000000000e+00 -1.112549898708083650e-03 5.242573428999442028e-04 -4.566935817192677535e-05 -4.462066728798904139e-05 1.070556002537166942e-03 -3.583545157370653773e-04 5.848810985534320028e-04 -2.122372349611890085e-04 2.252937048257446157e-04 -6.577145674701509459e-04
3.790036029468240772e-04 -1.112549898708083650e-03 0.000000000000000000e+00 2.179717874220183402e-04 -5.741251483927443640e-04 -7.092364909835975530e-04 2.082045266452091543e-03 -1.319361751676092695e-03 -4.853573119954568220e-04 4.038694640809821447e-04 1.425817369909223057e-04 6.396816892483394093e-04
-9.703300813262229251e-04 5.242573428999442028e-04 2.179717874220183402e-04 0.000000000000000000e+00 -1.306484091060323082e-04 -2.004986007466961942e-04 -1.725005575484605223e-03 7.484369015695577264e-04 -1.154967534784061669e-03 -3.254073302662920130e-04 -2.817115383788073289e-04 1.101941593403327506e-03
2.977844655150051721e-04 -4.566935817192677535e-05 -5.741251483927443640e-04 -1.306484091060323082e-04 0.000000000000000000e+00 2.067932216883448565e-04 -4.547608343112461370e-04 1.064105337537460958e-04 3.828882881729673247e-04 3.255384144533050080e-04 3.997550141629871456e-04 -5.297153106748512348e-04
-3.387779745912128122e-04 -4.462066728798904139e-05 -7.092364909835975530e-04 -2.004986007466961942e-04 2.067932216883448565e-04 0.000000000000000000e+00 -4.544555072548119240e-04 4.814572269917464934e-04 1.579313272098305633e-03 4.858978993284367534e-04 5.986219079374755995e-06 8.758576168453432098e-04
-5.634045118244275551e-04 1.070556002537166942e-03 2.082045266452091543e-03 -1.725005575484605223e-03 -4.547608343112461370e-04 -4.544555072548119240e-04 0.000000000000000000e+00 1.343281065294923103e-03 -1.648217107194445809e-03 -1.027360601737526942e-03 2.657553781201971600e-04 -1.417897373570967340e-03
4.756270264045209901e-04 -3.583545157370653773e-04 -1.319361751676092695e-03 7.484369015695577264e-04 1.064105337537460958e-04 4.814572269917464934e-04 1.343281065294923103e-03 0.000000000000000000e+00 5.479405711293421858e-04 -1.990981157685117308e-04 8.180859480124473683e-07 -5.897929802304137728e-04
3.665031112596916834e-04 5.848810985534320028e-04 -4.853573119954568220e-04 -1.154967534784061669e-03 3.828882881729673247e-04 1.579313272098305633e-03 -1.648217107194445809e-03 5.479405711293421858e-04 0.000000000000000000e+00 1.815699939967953507e-04 2.820907027519043895e-04 1.291701984952656895e-03
-4.069952415851756404e-04 -2.122372349611890085e-04 4.038694640809821447e-04 -3.254073302662920130e-04 3.255384144533050080e-04 4.858978993284367534e-04 -1.027360601737526942e-03 -1.990981157685117308e-04 1.815699939967953507e-04 0.000000000000000000e+00 9.467088711341569872e-05 5.974732662595322753e-04
3.915553683333029594e-04 2.252937048257446157e-04 1.425817369909223057e-04 -2.817115383788073289e-04 3.997550141629871456e-04 5.986219079374755995e-06 2.657553781201971600e-04 8.180859480124473683e-07 2.820907027519043895e-04 9.467088711341569872e-05 0.000000000000000000e+00 4.055779547842768788e-04
9.482095174427403899e-05 -6.577145674701509459e-04 6.396816892483394093e-04 1.101941593403327506e-03 -5.297153106748512348e-04 8.758576168453432098e-04 -1.417897373570967340e-03 -5.897929802304137728e-04 1.291701984952656895e-03 5.974732662595322753e-04 4.055779547842768788e-04 0.000000000000000000e+00
