0.000000000000000000e+00 3.207093076965117384e-04 3.947185580517230613e-04 3.337220248906307222e-05 -2.362428020519953542e-04 -2.498540338309452984e-04 -4.565062005172697496e-04 3.821449632822345832e-04 -8.471766584098706183e-04 6.947548857488204870e-06 -2.208984660389733882e-04 5.782039783320398448e-04
3.207093076965117384e-04 0.000000000000000000e+00 -7.072141633544852752e-04 7.582708065475814510e-04 3.328983170804912409e-04 -2.177244813083473827e-05 -5.634394447109817954e-04 2.015492119202350811e-04 -8.696869884255720162e-04 1.989061870324580121e-04 2.749539030938711576e-05 -6.341378871868794120e-04
3.947185580517230613e-04 -7.072141633544852752e-04 0.000000000000000000e+00 -9.971724617153390844e-04 -7.502711928031095779e-04 4.684503965786620291e-04 3.321358096227011985e-03 -5.349296760297923272e-04 -3.636013650527849476e-03 8.431242112577175913e-04 2.031257031071824384e-04 1.359808994964446230e-03
3.337220248906307222e-05 7.582708065475814510e-04 -9.971724617153390844e-04 0.000000000000000000e+00 -4.590075977093216442e-04 7.402613087961826136e-04 -2.496306728823292735e-03 2.854823610927618877e-05 -1.773115310858606238e-03 -7.680310010586800188e-04 5.151433050154729729e-04 5.368443402993783829e-04
-2.362428020519953542e-04 3.328983170804912409e-04 -7.502711928031095779e-04 -4.590075977093216442e-04 0.000000000000000000e+00 1.555395679738806039e-04 9.517232694808728600e-04 4.386317557392120235e-04 6.711755412639054241e-04 8.457577750479910506e-05 8.795173516121312723e-05 -7.447074816773554965e-04
-2.498540338309452984e-04 -2.177244813083473827e-05 4.684503965786620291e-04 7.402613087961826136e-04 1.555395679738806039e-04 0.000000000000000000e+00 -1.262960537290685559e-04 1.457311604099631897e-04 1.379611078557773718e-04 2.620781538528091348e-04 9.742329874102863805e-05 1.067251714080964461e-03
-4.565062005172697496e-04 -5.634394447109817954e-04 3.321358096227011985e-03 -2.496306728823292735e-03 9.517232694808728600e-04 -1.262960537290685559e-04 0.000000000000000000e+00 -1.990719158667500802e-04 -2.978967809599428196e-03 -4.254182900078591970e-04 3.293053667569342900e-04 -1.982200960269774655e-03
3.821449632822345832e-04 2.015492119202350811e-04 -5.349296760297923272e-04 2.854823610927618877e-05 4.386317557392120235e-04 1.457311604099631897e-04 -1.990719158667500802e-04 0.000000000000000000e+00 -2.315599523686544486e-04 -2.874107126725194018e-04 -1.647278597986724278e-04 -1.225566876784318145e-04
-8.471766584098706183e-04 -8.696869884255720162e-04 -3.636013650527849476e-03 -1.773115310858606238e-03 6.711755412639054241e-04 1.379611078557773718e-04 -2.978967809599428196e-03 -2.315599523686544486e-04 0.000000000000000000e+00 1.064025045470775926e-03 -3.722459945650696215e-04 8.359032635045863515e-04
6.947548857488204870e-06 1.989061870324580121e-04 8.431242112577175913e-04 -7.680310010586800188e-04 8.457577750479910506e-05 2.620781538528091348e-04 -4.254182900078591970e-04 -2.874107126725194018e-04 1.064025045470775926e-03 0.000000000000000000e+00 2.577150678677900503e-04 8.647968261635169710e-04
-2.208984660389733882e-04 2.749539030938711576e-05 2.031257031071824384e-04 5.151433050154729729e-04 8.795173516121312723e-05 9.742329874102863805e-05 3.293053667569342900e-04 -1.647278597986724278e-04 -3.722459945650696215e-04 2.577150678677900503e-04 0.000000000000000000e+00 -4.701950697515925974e-04
5.782039783320398448e-04 -6.341378871868794120e-04 1.359808994964446230e-03 5.368443402993783829e-04 -7.447074816773554965e-04 1.067251714080964461e-03 -1.982200960269774655e-03 -1.225566876784318145e-04 8.359032635045863515e-04 8.647968261635169710e-04 -4.701950697515925974e-04 0.000000000000000000e+00
