0.000000000000000000e+00 -2.230379412011699279e-03 5.773569363447916391e-04 1.368510508881155613e-04 5.945267747320110265e-04 1.332638261321361607e-03 -2.964878767818971490e-04 -1.325363930440763907e-04 -6.990331712815549660e-04 1.008001696656699682e-03 -1.117427412163630529e-03 4.760711923178482542e-05
-2.230379412011699279e-03 0.000000000000000000e+00 -6.352540249625874711e-04 -3.808903368927980490e-04 8.106990868703279729e-05 9.255019646094598141e-04 -6.678515459133914367e-04 -3.268691211174894955e-04 -1.511724265605864873e-03 -7.868415852236946293e-04 3.095804239490744145e-04 -1.919179143977109772e-03
5.773569363447916391e-04 -6.352540249625874711e-04 0.000000000000000000e+00 3.963793596938086270e-04 -1.409175798379859001e-04 3.669641717268548012e-04 -2.022271362804517133e-04 4.230803393220129737e-04 9.328359391786087123e-04 5.547257348129872034e-04 -8.489247065892803912e-04 -2.694480037578624964e-04
1.368510508881155613e-04 -3.808903368927980490e-04 3.963793596938086270e-04 0.000000000000000000e+00 3.389083098712331260e-04 7.713767934750730224e-04 -1.146861452039225275e-04 -6.932265639886975609e-04 2.711333044377101564e-05 3.128684995435138680e-04 3.426287155251216154e-04 -7.889647284227090497e-04
5.945267747320110265e-04 8.106990868703279729e-05 -1.409175798379859001e-04 3.389083098712331260e-04 0.000000000000000000e+00 5.195060176069180762e-04 3.537672293970062763e-04 -3.475877452469874440e-04 -4.622319798796668003e-05 -1.286878072781271008e-04 -2.037093786629399226e-04 1.880112265166289940e-05
1.332638261321361607e-03 9.255019646094598141e-04 3.669641717268548012e-04 7.713767934750730224e-04 5.195060176069180762e-04 0.000000000000000000e+00 2.270673706442575407e-04 -2.057807735264933721e-04 6.241379464805456626e-05 -3.750187088880814479e-04 -3.217963120666639666e-04 4.781953886205043730e-04
-2.964878767818971490e-04 -6.678515459133914367e-04 -2.022271362804517133e-04 -1.146861452039225275e-04 3.537672293970062763e-04 2.270673706442575407e-04 0.000000000000000000e+00 4.518090583423851328e-04 -7.669085305329176837e-04 2.270024844465800390e-04 -9.400626956977172887e-04 -3.455035970633555590e-04
-1.325363930440763907e-04 -3.268691211174894955e-04 4.230803393220129737e-04 -6.932265639886975609e-04 -3.475877452469874440e-04 -2.057807735264933721e-04 4.518090583423851328e-04 0.000000000000000000e+00 4.694362079084749375e-04 2.438737786645559034e-04 -9.236789448298386501e-04 -7.585552383976771999e-04
-6.990331712815549660e-04 -1.511724265605864873e-03 9.328359391786087123e-04 2.711333044377101564e-05 -4.622319798796668003e-05 6.241379464805456626e-05 -7.669085305329176837e-04 4.694362079084749375e-04 0.000000000000000000e+00 -8.451802337458213729e-04 -2.186300490120827132e-03 7.340850337619690127e-04
1.008001696656699682e-03 -7.868415852236946293e-04 5.547257348129872034e-04 3.128684995435138680e-04 -1.286878072781271008e-04 -3.750187088880814479e-04 2.270024844465800390e-04 2.438737786645559034e-04 -8.451802337458213729e-04 0.000000000000000000e+00 6.735043270283599124e-04 -1.391157982492981899e-04
-1.117427412163630529e-03 3.095804239490744145e-04 -8.489247065892803912e-04 3.426287155251216154e-04 -2.037093786629399226e-04 -3.217963120666639666e-04 -9.400626956977172887e-04 -9.236789448298386501e-04 -2.186300490120827132e-03 6.735043270283599124e-04 0.000000000000000000e+00 1.657338853631107594e-03
4.760711923178482542e-05 -1.919179143977109772e-03 -2.694480037578624964e-04 -7.889647284227090497e-04 1.880112265166289940e-05 4.781953886205043730e-04 -3.455035970633555590e-04 -7.585552383976771999e-04 7.340850337619690127e-04 -1.391157982492981899e-04 1.657338853631107594e-03 0.000000000000000000e+00
