0.000000000000000000e+00 1.591062209263747682e-03 -2.548585203452692974e-03 7.561802201853093982e-04 -1.079389743210337500e-03 -4.010616159220015261e-04 1.082176943069917746e-03 9.256575128665331820e-04 -2.871335097878484430e-03 -3.611126879949982330e-05 2.339440907742422384e-03 3.451584775543523227e-05
1.591062209263747682e-03 0.000000000000000000e+00 -3.894584182861909188e-04 -3.628671767398483497e-04 6.381020247995576817e-04 -1.071999028189666008e-03 1.105000047142537566e-04 3.938677492651250435e-04 -4.687499767726193518e-04 -7.152351423135522648e-04 -1.252068692895815438e-03 -6.414307183727989805e-04
-2.548585203452692974e-03 -3.894584182861909188e-04 0.000000000000000000e+00 -5.136899908883257176e-04 6.089209611233938621e-04 9.155516185736867554e-04 -2.459314188905725794e-04 3.564586917050228303e-04 -5.900351065863639055e-04 2.238852752674298644e-04 2.275284036506153342e-05 4.130984173792989636e-04
7.561802201853093982e-04 -3.628671767398483497e-04 -5.136899908883257176e-04 0.000000000000000000e+00 -4.271461490274881508e-04 6.781055784778830271e-04 -2.212601458670703815e-04 -1.973092763370618664e-05 4.346277034789393649e-04 -2.989013652431019475e-04 -5.351132849273058543e-04 -3.021414972795903418e-05
-1.079389743210337500e-03 6.381020247995576817e-04 6.089209611233938621e-04 -4.271461490274881508e-04 0.000000000000000000e+00 4.536714863097705028e-04 1.132630427781004009e-05 -3.114653814177158523e-05 -7.881578116448519642e-04 -3.516915360021670802e-05 3.024038879020415210e-04 -4.281950037984274225e-04
-4.010616159220015261e-04 -1.071999028189666008e-03 9.155516185736867554e-04 6.781055784778830271e-04 4.536714863097705028e-04 0.000000000000000000e+00 7.096060668174897961e-04 1.099664456700867832e-04 -2.010204309538521090e-04 -2.213048203765230015e-04 1.886884342265716171e-04 1.039538355911798738e-03
1.082176943069917746e-03 1.105000047142537566e-04 -2.459314188905725794e-04 -2.212601458670703815e-04 1.132630427781004009e-05 7.096060668174897961e-04 0.000000000000000000e+00 1.385247940492525967e-04 6.055056932245897082e-04 1.941315073910895677e-04 -4.402031168002159428e-04 2.524008699180874983e-04
9.256575128665331820e-04 3.938677492651250435e-04 3.564586917050228303e-04 -1.973092763370618664e-05 -3.114653814177158523e-05 1.099664456700867832e-04 1.385247940492525967e-04 0.000000000000000000e+00 -8.442505654823354933e-04 -4.382042067372311561e-04 -2.526587421188734666e-04 1.813137094213262122e-04
-2.871335097878484430e-03 -4.687499767726193518e-04 -5.900351065863639055e-04 4.346277034789393649e-04 -7.881578116448519642e-04 -2.010204309538521090e-04 6.055056932245897082e-04 -8.442505654823354933e-04 0.000000000000000000e+00 -4.598134586103248432e-04 -1.941536277268877345e-03 5.628816141706892342e-04
-3.611126879949982330e-05 -7.152351423135522648e-04 2.238852752674298644e-04 -2.989013652431019475e-04 -3.516915360021670802e-05 -2.213048203765230015e-04 1.941315073910895677e-04 -4.382042067372311561e-04 -4.598134586103248432e-04 0.000000000000000000e+00 5.532529936868819725e-04 -9.865677514277356158e-05
2.339440907742422384e-03 -1.252068692895815438e-03 2.275284036506153342e-05 -5.351132849273058543e-04 3.024038879020415210e-04 1.886884342265716171e-04 -4.402031168002159428e-04 -2.526587421188734666e-04 -1.941536277268877345e-03 5.532529936868819725e-04 0.000000000000000000e+00 7.539807896323893295e-04
3.451584775543523227e-05 -6.414307183727989805e-04 4.130984173792989636e-04 -3.021414972795903418e-05 -4.281950037984274225e-04 1.039538355911798738e-03 2.524008699180874983e-04 1.813137094213262122e-04 5.628816141706892342e-04 -9.865677514277356158e-05 7.539807896323893295e-04 0.000000000000000000e+00
