0.000000000000000000e+00 1.667048530267358853e-03 -1.127822320543785421e-03 4.327489399850568302e-05 1.442274083948402816e-03 2.648358657004872777e-03 3.141556407414232335e-04 -4.140135907543661289e-04 2.695586407873638759e-03 -3.063751695701063356e-04 9.156345537031184258e-04 2.284491599744481113e-03
1.667048530267358853e-03 0.000000000000000000e+00 7.968683273100801365e-04 -9.969361085318646180e-04 -9.174696179633409472e-04 -5.573427324237230753e-04 8.832271254591919911e-05 -7.297609855510349668e-04 -9.255507927466029273e-05 1.213396322608196120e-04 1.907439724740525653e-04 1.146767324246414149e-03
-1.127822320543785421e-03 7.968683273100801365e-04 0.000000000000000000e+00 -8.470129864818343310e-04 -7.143412864009478626e-05 -5.903228407149813594e-04 -6.543855128997263561e-05 1.933801123820082625e-04 4.038852060024348775e-04 -2.852455638918698273e-04 -4.113431418086134581e-04 8.353746600184758014e-04
4.327489399850568302e-05 -9.969361085318646180e-04 -8.470129864818343310e-04 0.000000000000000000e+00 -2.541570557700042012e-04 9.646979625843058392e-05 -2.191852035492129357e-04 -8.449055467842578879e-05 -9.460268520104694314e-05 5.120046937941501273e-05 6.370116016820684705e-04 -2.429289944238180324e-04
1.442274083948402816e-03 -9.174696179633409472e-04 -7.143412864009478626e-05 -2.541570557700042012e-04 0.000000000000000000e+00 -9.882755304400815276e-05 -1.946980696584154139e-04 -9.551106934650030740e-06 -1.367275907037727414e-04 1.721792737318463050e-04 8.399930613123728551e-04 5.344066347975776413e-04
2.648358657004872777e-03 -5.573427324237230753e-04 -5.903228407149813594e-04 9.646979625843058392e-05 -9.882755304400815276e-05 0.000000000000000000e+00 -4.923578121311418662e-04 -9.622236926092723498e-04 1.258686158832749216e-03 -2.641975764730482030e-04 -2.107139115778939881e-03 -6.081483332753956491e-04
3.141556407414232335e-04 8.832271254591919911e-05 -6.543855128997263561e-05 -2.191852035492129357e-04 -1.946980696584154139e-04 -4.923578121311418662e-04 0.000000000000000000e+00 4.326063492740116613e-04 7.512942040850349029e-04 9.986841348632611106e-05 1.927405585947715948e-04 -4.321908787256881820e-04
-4.140135907543661289e-04 -7.297609855510349668e-04 1.933801123820082625e-04 -8.449055467842578879e-05 -9.551106934650030740e-06 -9.622236926092723498e-04 4.326063492740116613e-04 0.000000000000000000e+00 5.721593330068867905e-05 -2.082809399778063708e-04 7.583563718099086684e-04 1.443879848835607994e-04
2.695586407873638759e-03 -9.255507927466029273e-05 4.038852060024348775e-04 -9.460268520104694314e-05 -1.367275907037727414e-04 1.258686158832749216e-03 7.512942040850349029e-04 5.721593330068867905e-05 0.000000000000000000e+00 -5.065457467333155453e-04 2.695529126250798338e-03 -4.203208722903220736e-04
-3.063751695701063356e-04 1.213396322608196120e-04 -2.852455638918698273e-04 5.120046937941501273e-05 1.721792737318463050e-04 -2.641975764730482030e-04 9.986841348632611106e-05 -2.082809399778063708e-04 -5.065457467333155453e-04 0.000000000000000000e+00 -6.053542181879791772e-05 3.970927684696477105e-04
9.156345537031184258e-04 1.907439724740525653e-04 -4.113431418086134581e-04 6.370116016820684705e-04 8.399930613123728551e-04 -2.107139115778939881e-03 1.927405585947715948e-04 7.583563718099086684e-04 2.695529126250798338e-03 -6.053542181879791772e-05 0.000000000000000000e+00 6.308843287264705906e-04
2.284491599744481113e-03 1.146767324246414149e-03 8.353746600184758014e-04 -2.429289944238180324e-04 5.344066347975776413e-04 -6.081483332753956491e-04 -4.321908787256881820e-04 1.443879848835607994e-04 -4.203208722903220736e-04 3.970927684696477105e-04 6.308843287264705906e-04 0.000000000000000000e+00
