0.000000000000000000e+00 -4.192275221848651076e-04 5.501581432714622262e-05 -4.307294614933218852e-04 2.894850760990802952e-04 4.734063234961910982e-05 3.798174303859210200e-05 2.746832194009015391e-04 -9.921839473706440345e-05 2.461447506270591059e-04 -8.992225729185635604e-05 2.401535436617507121e-04
-4.192275221848651076e-04 0.000000000000000000e+00 -3.784881252259263747e-03 4.679070337755024053e-04 5.012945757132819535e-04 -5.532645162588439771e-04 -2.036937069247868239e-03 6.422852581411368647e-04 1.508524372651866632e-03 2.139699394269086678e-03 8.716472646719325347e-05 -5.156768085582648983e-04
5.501581432714622262e-05 -3.784881252259263747e-03 0.000000000000000000e+00 4.587654056653545282e-04 2.563636645270402862e-04 -2.161512268185941525e-06 1.780853932531444202e-03 -8.613316687124570009e-06 -3.349177702485102562e-05 -1.842174128169251279e-03 -6.216172296789419707e-04 1.151664637548088267e-03
-4.307294614933218852e-04 4.679070337755024053e-04 4.587654056653545282e-04 0.000000000000000000e+00 -1.170399128771776743e-04 4.842025639851255656e-04 3.590883226076190329e-04 -1.539593648086135555e-04 8.099204423171663982e-04 5.121103466666250678e-04 2.261386615633759352e-04 6.021627827788457021e-04
2.894850760990802952e-04 5.012945757132819535e-04 2.563636645270402862e-04 -1.170399128771776743e-04 0.000000000000000000e+00 -7.136645263488902843e-04 1.036422047802489999e-03 1.038720964890770204e-04 1.674328306623526150e-04 1.074216032070109253e-04 5.740703495894895021e-04 1.342824284870330453e-04
4.734063234961910982e-05 -5.532645162588439771e-04 -2.161512268185941525e-06 4.842025639851255656e-04 -7.136645263488902843e-04 0.000000000000000000e+00 2.382320606292260645e-04 -3.474352497062706312e-04 -6.561839010749421618e-04 1.557496673523278393e-03 2.252035632311128095e-04 -1.819219192960277109e-04
3.798174303859210200e-05 -2.036937069247868239e-03 1.780853932531444202e-03 3.590883226076190329e-04 1.036422047802489999e-03 2.382320606292260645e-04 0.000000000000000000e+00 -5.405348430948659060e-04 1.952339361572154579e-03 -3.218261478846556846e-04 -3.464531079542630264e-04 1.952480283244946576e-04
2.746832194009015391e-04 6.422852581411368647e-04 -8.613316687124570009e-06 -1.539593648086135555e-04 1.038720964890770204e-04 -3.474352497062706312e-04 -5.405348430948659060e-04 0.000000000000000000e+00 2.808198823414688461e-04 -6.792549763346378505e-05 -1.597075337885784773e-04 4.075952390766641900e-04
-9.921839473706440345e-05 1.508524372651866632e-03 -3.349177702485102562e-05 8.099204423171663982e-04 1.674328306623526150e-04 -6.561839010749421618e-04 1.952339361572154579e-03 2.808198823414688461e-04 0.000000000000000000e+00 -1.094597641592645002e-03 -5.476056480504305378e-04 -8.636008856832616066e-04
2.461447506270591059e-04 2.139699394269086678e-03 -1.842174128169251279e-03 5.121103466666250678e-04 1.074216032070109253e-04 1.557496673523278393e-03 -3.218261478846556846e-04 -6.792549763346378505e-05 -1.094597641592645002e-03 0.000000000000000000e+00 1.739268664320908157e-04 1.638410351090399458e-03
-8.992225729185635604e-05 8.716472646719325347e-05 -6.216172296789419707e-04 2.261386615633759352e-04 5.740703495894895021e-04 2.252035632311128095e-04 -3.464531079542630264e-04 -1.597075337885784773e-04 -5.476056480504305378e-04 1.739268664320908157e-04 0.000000000000000000e+00 1.529956794245173062e-04
2.401535436617507121e-04 -5.156768085582648983e-04 1.151664637548088267e-03 6.021627827788457021e-04 1.342824284870330453e-04 -1.819219192960277109e-04 1.952480283244946576e-04 4.075952390766641900e-04 -8.636008856832616066e-04 1.638410351090399458e-03 1.529956794245173062e-04 0.000000000000000000e+00
