0.000000000000000000e+00 1.281731859964509689e-03 1.385240863092477301e-03 2.578225811966226746e-04 3.805064479546286507e-04 1.503149792597269891e-04 9.407010322350610335e-04 -3.204549676358881558e-04 4.105982893164304064e-05 1.177501178298014659e-03 -4.288057466066245993e-04 5.211884290182023228e-05
1.281731859964509689e-03 0.000000000000000000e+00 -4.453742042410689986e-04 6.306994057129436827e-04 -4.927216329692621832e-04 1.582595222815371848e-03 2.804789719795796341e-04 -1.087938297541942139e-03 1.118789624119959514e-03 1.091392842347359889e-03 8.426690614600247783e-04 -9.019712216930903187e-04
1.385240863092477301e-03 -4.453742042410689986e-04 0.000000000000000000e+00 4.507917597340649124e-04 4.623866763522977504e-04 -2.821766688513438611e-04 -1.631688002284729325e-03 -4.095993937305407581e-04 1.884450668852004717e-05 -1.875252051130749803e-03 -1.742108384867994703e-04 1.136644421298060479e-04
2.578225811966226746e-04 6.306994057129436827e-04 4.507917597340649124e-04 0.000000000000000000e+00 -2.717309378131132201e-04 -6.824632325125856974e-04 1.654085423990486888e-04 2.499391912669550399e-04 -4.381527455907990908e-04 1.185286010123409701e-04 2.332920561601814469e-04 2.725841782876947656e-05
3.805064479546286507e-04 -4.927216329692621832e-04 4.623866763522977504e-04 -2.717309378131132201e-04 0.000000000000000000e+00 1.339223053657779617e-04 -5.781195448583292297e-04 2.418592256449659178e-06 -1.098855010775990460e-04 2.368866379298086770e-04 -1.932851277980072267e-05 -2.321025391054659654e-05
1.503149792597269891e-04 1.582595222815371848e-03 -2.821766688513438611e-04 -6.824632325125856974e-04 1.339223053657779617e-04 0.000000000000000000e+00 1.699499580849192569e-04 1.414140530943894789e-04 6.703092257461465029e-04 -2.277761905014070738e-03 1.561699642668669852e-04 1.093332283443607859e-04
9.407010322350610335e-04 2.804789719795796341e-04 -1.631688002284729325e-03 1.654085423990486888e-04 -5.781195448583292297e-04 1.699499580849192569e-04 0.000000000000000000e+00 -5.556768774538428310e-04 -3.476605457721919953e-04 1.379023014858163148e-03 -8.861497349336760121e-04 8.474971816759676799e-04
-3.204549676358881558e-04 -1.087938297541942139e-03 -4.095993937305407581e-04 2.499391912669550399e-04 2.418592256449659178e-06 1.414140530943894789e-04 -5.556768774538428310e-04 0.000000000000000000e+00 4.950094218858091958e-04 4.333518791057944589e-04 -2.558660619779414350e-04 -1.492981316961470629e-04
4.105982893164304064e-05 1.118789624119959514e-03 1.884450668852004717e-05 -4.381527455907990908e-04 -1.098855010775990460e-04 6.703092257461465029e-04 -3.476605457721919953e-04 4.950094218858091958e-04 0.000000000000000000e+00 4.728602667882741669e-04 -3.695986207382441794e-04 -4.224733764998317236e-04
1.177501178298014659e-03 1.091392842347359889e-03 -1.875252051130749803e-03 1.185286010123409701e-04 2.368866379298086770e-04 -2.277761905014070738e-03 1.379023014858163148e-03 4.333518791057944589e-04 4.728602667882741669e-04 0.000000000000000000e+00 -5.997859931921506243e-04 -5.167888990397338398e-04
-4.288057466066245993e-04 8.426690614600247783e-04 -1.742108384867994703e-04 2.332920561601814469e-04 -1.932851277980072267e-05 1.561699642668669852e-04 -8.861497349336760121e-04 -2.558660619779414350e-04 -3.695986207382441794e-04 -5.997859931921506243e-04 0.000000000000000000e+00 -8.897537111043454555e-05
5.211884290182023228e-05 -9.019712216930903187e-04 1.136644421298060479e-04 2.725841782876947656e-05 -2.321025391054659654e-05 1.093332283443607859e-04 8.474971816759676799e-04 -1.492981316961470629e-04 -4.224733764998317236e-04 -5.167888990397338398e-04 -8.897537111043454555e-05 0.000000000000000000e+00
