0.000000000000000000e+00 9.517724995556712782e-04 9.970386847898699955e-06 6.945308510317376545e-04 1.867705475873876811e-04 -1.069030676411832119e-04 -8.875335650727878521e-04 4.761993716111915381e-04 1.495469578889733759e-04 -9.700649483231106596e-04 1.925649183686830700e-04 -2.572994358863599424e-04
9.517724995556712782e-04 0.000000000000000000e+00 -2.472306250388021042e-04 1.179762181847236920e-03 -7.625731164593054206e-04 -3.388957372267868608e-04 5.312064772705097845e-03 5.658962580633226415e-04 -7.087970828093009172e-04 -1.842749212451504385e-03 5.971209007803224321e-04 -3.880709274073191424e-04
9.970386847898699955e-06 -2.472306250388021042e-04 0.000000000000000000e+00 -1.071010692656924147e-04 -5.194631485582211277e-04 4.996928045393501114e-04 1.099361589524510893e-03 -3.900759618908038054e-04 4.010674594436673158e-04 -2.136823388698449230e-03 6.114372680470171392e-04 -2.080857660432344585e-04
6.945308510317376545e-04 1.179762181847236920e-03 -1.071010692656924147e-04 0.000000000000000000e+00 -4.824602990049867710e-04 -1.925219949702089471e-04 1.860002608394228907e-04 -2.906200622714355726e-04 -5.232217274135239843e-04 9.607878145292959556e-04 3.977326380308555042e-04 6.263525652182423773e-04
1.867705475873876811e-04 -7.625731164593054206e-04 -5.194631485582211277e-04 -4.824602990049867710e-04 0.000000000000000000e+00 -6.280934785934005112e-04 -5.391052175127787399e-04 2.948847960178481854e-04 3.556981753927354731e-05 -6.534591120473604367e-04 -1.255009828682089818e-04 3.556574312668840210e-04
-1.069030676411832119e-04 -3.388957372267868608e-04 4.996928045393501114e-04 -1.925219949702089471e-04 -6.280934785934005112e-04 0.000000000000000000e+00 -6.778812992082228379e-04 -5.279838180571722311e-04 6.724580738873274814e-04 -1.510290695766174128e-03 1.187115985406380890e-06 1.529099097722509790e-04
-8.875335650727878521e-04 5.312064772705097845e-03 1.099361589524510893e-03 1.860002608394228907e-04 -5.391052175127787399e-04 -6.778812992082228379e-04 0.000000000000000000e+00 7.889892790940616950e-04 3.537265985432480131e-04 2.110737329295794742e-03 -7.333344579349163148e-04 -6.897587552464612415e-04
4.761993716111915381e-04 5.658962580633226415e-04 -3.900759618908038054e-04 -2.906200622714355726e-04 2.948847960178481854e-04 -5.279838180571722311e-04 7.889892790940616950e-04 0.000000000000000000e+00 3.081278193115208623e-04 2.880078659149984594e-04 1.625584833850387542e-05 -3.041741371220625569e-04
1.495469578889733759e-04 -7.087970828093009172e-04 4.010674594436673158e-04 -5.232217274135239843e-04 3.556981753927354731e-05 6.724580738873274814e-04 3.537265985432480131e-04 3.081278193115208623e-04 0.000000000000000000e+00 1.390954891707269240e-03 2.096971945639028391e-04 2.040562204026382103e-04
-9.700649483231106596e-04 -1.842749212451504385e-03 -2.136823388698449230e-03 9.607878145292959556e-04 -6.534591120473604367e-04 -1.510290695766174128e-03 2.110737329295794742e-03 2.880078659149984594e-04 1.390954891707269240e-03 0.000000000000000000e+00 1.257332759162790685e-03 -7.252437862188566018e-04
1.925649183686830700e-04 5.971209007803224321e-04 6.114372680470171392e-04 3.977326380308555042e-04 -1.255009828682089818e-04 1.187115985406380890e-06 -7.333344579349163148e-04 1.625584833850387542e-05 2.096971945639028391e-04 1.257332759162790685e-03 0.000000000000000000e+00 1.802400995814439706e-04
-2.572994358863599424e-04 -3.880709274073191424e-04 -2.080857660432344585e-04 6.263525652182423773e-04 3.556574312668840210e-04 1.529099097722509790e-04 -6.897587552464612415e-04 -3.041741371220625569e-04 2.040562204026382103e-04 -7.252437862188566018e-04 1.802400995814439706e-04 0.000000000000000000e+00
