0.000000000000000000e+00 2.787318494721816682e-04 2.923833128069032732e-04 3.259970258711962607e-04 -9.200645553134774988e-05 4.079294425697057268e-04 -5.088311652315209103e-04 -2.485547987960394788e-05 -3.930008304113511309e-04 7.253684833444832506e-04 1.208978619327750770e-04 2.623486849137218507e-04
2.787318494721816682e-04 0.000000000000000000e+00 -3.698298620940811392e-04 -4.862173553079209400e-04 1.762595253603183856e-03 -1.525831244148343748e-03 -1.645521219003680041e-03 1.533372627288612081e-04 -1.164210960869217033e-03 -1.264230113545965900e-03 -9.246696282366315871e-04 -8.310216033289650052e-05
2.923833128069032732e-04 -3.698298620940811392e-04 0.000000000000000000e+00 -1.219211423566634884e-03 1.982384124284274237e-04 -4.036733685650489324e-04 -1.176921437762934886e-03 3.608219443521126150e-04 -7.564718122273491685e-04 -9.338745808155271945e-04 6.600724263434182434e-05 5.500762681432011482e-04
3.259970258711962607e-04 -4.862173553079209400e-04 -1.219211423566634884e-03 0.000000000000000000e+00 -4.106810428692632951e-04 -1.854351172280552956e-04 5.068908413407119092e-04 2.342776885289380134e-04 1.530012649187148890e-04 -3.690667424813877666e-04 -1.285230537091307734e-04 -1.679090062079604639e-04
-9.200645553134774988e-05 1.762595253603183856e-03 1.982384124284274237e-04 -4.106810428692632951e-04 0.000000000000000000e+00 7.278082856973130651e-04 1.776296810423580366e-04 -1.785247360812866895e-04 -3.459621598983898903e-04 -9.288703446693951727e-04 -2.075541942602161609e-04 5.035299340600921407e-04
4.079294425697057268e-04 -1.525831244148343748e-03 -4.036733685650489324e-04 -1.854351172280552956e-04 7.278082856973130651e-04 0.000000000000000000e+00 2.270882511506867353e-03 9.940044762572562264e-04 2.109428259598155307e-04 1.449834919878636693e-03 -6.254119305026728309e-04 6.806453912468706348e-04
-5.088311652315209103e-04 -1.645521219003680041e-03 -1.176921437762934886e-03 5.068908413407119092e-04 1.776296810423580366e-04 2.270882511506867353e-03 0.000000000000000000e+00 -5.359546905904982511e-04 -9.775949547289961971e-04 -3.955219138149220631e-03 -5.672229218531527712e-04 7.237603460853943608e-05
-2.485547987960394788e-05 1.533372627288612081e-04 3.608219443521126150e-04 2.342776885289380134e-04 -1.785247360812866895e-04 9.940044762572562264e-04 -5.359546905904982511e-04 0.000000000000000000e+00 4.101550702013040720e-04 6.639879906829602519e-04 -4.482885847547977260e-04 -5.600249486331504298e-05
-3.930008304113511309e-04 -1.164210960869217033e-03 -7.564718122273491685e-04 1.530012649187148890e-04 -3.459621598983898903e-04 2.109428259598155307e-04 -9.775949547289961971e-04 4.101550702013040720e-04 0.000000000000000000e+00 -9.615902894213935494e-04 3.024610484487099044e-04 7.638871250681368227e-04
7.253684833444832506e-04 -1.264230113545965900e-03 -9.338745808155271945e-04 -3.690667424813877666e-04 -9.288703446693951727e-04 1.449834919878636693e-03 -3.955219138149220631e-03 6.639879906829602519e-04 -9.615902894213935494e-04 0.000000000000000000e+00 -2.697022199791145958e-04 -9.020152440936448355e-05
1.208978619327750770e-04 -9.246696282366315871e-04 6.600724263434182434e-05 -1.285230537091307734e-04 -2.075541942602161609e-04 -6.254119305026728309e-04 -5.672229218531527712e-04 -4.482885847547977260e-04 3.024610484487099044e-04 -2.697022199791145958e-04 0.000000000000000000e+00 2.504875489576604999e-04
2.623486849137218507e-04 -8.310216033289650052e-05 5.500762681432011482e-04 -1.679090062079604639e-04 5.035299340600921407e-04 6.806453912468706348e-04 7.237603460853943608e-05 -5.600249486331504298e-05 7.638871250681368227e-04 -9.020152440936448355e-05 2.504875489576604999e-04 0.000000000000000000e+00
