0.000000000000000000e+00 1.388935898088243959e-03 -4.693348096067627369e-05 2.080505050565025762e-04 -1.177284790870716151e-03 1.157804028004776981e-04 6.482101618542235755e-04 -6.257161466245972402e-04 -3.319555211330449092e-04 -1.200551502773371661e-04 5.122057183416296212e-04 1.553343021112154666e-04
1.388935898088243959e-03 0.000000000000000000e+00 2.216441668694969606e-04 1.265114011411656034e-03 -2.032719966786099199e-03 9.357085974130451879e-04 -2.504184880390549156e-05 -5.910376749896688537e-04 1.453875953724816225e-03 2.786663075861036190e-04 7.062362533623699895e-04 -2.353111484350175163e-03
-4.693348096067627369e-05 2.216441668694969606e-04 0.000000000000000000e+00 2.671844384724572446e-04 5.809843869510443329e-04 3.453143884701876526e-04 3.005336298065781637e-04 -4.034058991659463618e-04 -6.601712711989098786e-04 -2.421090281070805827e-04 3.032652784957436012e-04 -1.101202770816203528e-03
2.080505050565025762e-04 1.265114011411656034e-03 2.671844384724572446e-04 0.000000000000000000e+00 1.673273377323733751e-03 -5.418276379457779380e-05 4.121786148013441352e-04 4.126030007137203087e-04 -2.308478795108291637e-04 -5.313441981975282682e-04 5.874506672400822997e-04 1.430457160510968662e-03
-1.177284790870716151e-03 -2.032719966786099199e-03 5.809843869510443329e-04 1.673273377323733751e-03 0.000000000000000000e+00 3.476209502656521321e-05 5.151787819259294205e-04 -6.557624283149481254e-04 -1.043515939670353965e-03 3.133797410790003807e-04 -1.080945882488413981e-03 2.787017358506546638e-03
1.157804028004776981e-04 9.357085974130451879e-04 3.453143884701876526e-04 -5.418276379457779380e-05 3.476209502656521321e-05 0.000000000000000000e+00 2.694391038076064519e-04 -1.483068208965035906e-04 5.102004543100840603e-04 -1.464358013270213835e-04 -7.787727946303676409e-05 -5.152049679478986005e-04
6.482101618542235755e-04 -2.504184880390549156e-05 3.005336298065781637e-04 4.121786148013441352e-04 5.151787819259294205e-04 2.694391038076064519e-04 0.000000000000000000e+00 4.699888687025505544e-04 -1.486999392353476664e-03 -1.681149990850477080e-04 6.734961723856643274e-04 -3.047832478188422013e-04
-6.257161466245972402e-04 -5.910376749896688537e-04 -4.034058991659463618e-04 4.126030007137203087e-04 -6.557624283149481254e-04 -1.483068208965035906e-04 4.699888687025505544e-04 0.000000000000000000e+00 -1.840306503719237540e-04 -5.968431264212009185e-06 1.729036590390922278e-04 8.040985855652324227e-04
-3.319555211330449092e-04 1.453875953724816225e-03 -6.601712711989098786e-04 -2.308478795108291637e-04 -1.043515939670353965e-03 5.102004543100840603e-04 -1.486999392353476664e-03 -1.840306503719237540e-04 0.000000000000000000e+00 2.580176440522785565e-04 4.724938167897105106e-04 3.255454640257984724e-03
-1.200551502773371661e-04 2.786663075861036190e-04 -2.421090281070805827e-04 -5.313441981975282682e-04 3.133797410790003807e-04 -1.464358013270213835e-04 -1.681149990850477080e-04 -5.968431264212009185e-06 2.580176440522785565e-04 0.000000000000000000e+00 4.983584390252924264e-04 -5.223441431577893323e-04
5.122057183416296212e-04 7.062362533623699895e-04 3.032652784957436012e-04 5.874506672400822997e-04 -1.080945882488413981e-03 -7.787727946303676409e-05 6.734961723856643274e-04 1.729036590390922278e-04 4.724938167897105106e-04 4.983584390252924264e-04 0.000000000000000000e+00 1.120470317449066529e-03
1.553343021112154666e-04 -2.353111484350175163e-03 -1.101202770816203528e-03 1.430457160510968662e-03 2.787017358506546638e-03 -5.152049679478986005e-04 -3.047832478188422013e-04 8.040985855652324227e-04 3.255454640257984724e-03 -5.223441431577893323e-04 1.120470317449066529e-03 0.000000000000000000e+00
