0.000000000000000000e+00 -2.007392389750749890e-04 -6.661977873504113142e-04 3.814221187667479773e-04 -2.478924127797985734e-05 5.004436568560906165e-04 1.323175247491513830e-03 -3.730423085419897248e-04 -1.108873664377214938e-03 -3.150657305226174480e-04 -6.507351568756676715e-04 2.014168496717876240e-03
-2.007392389750749890e-04 0.000000000000000000e+00 4.346298013230137511e-05 -2.538067004835185500e-04 -2.162429413649778059e-03 6.789234789139701179e-06 -1.042489316209429693e-03 -8.440462794504313172e-04 2.494262687702117169e-03 6.221621337118254632e-04 -8.417090368887727991e-04 1.533871232375678831e-04
-6.661977873504113142e-04 4.346298013230137511e-05 0.000000000000000000e+00 -6.003966388779416414e-05 4.002374640051945204e-04 -6.054769330657396639e-04 -3.634981852675244884e-04 -9.762648712044741655e-05 -7.475861153929986040e-04 -3.588201895526291099e-04 5.300052439384240311e-05 6.310829761116569297e-04
3.814221187667479773e-04 -2.538067004835185500e-04 -6.003966388779416414e-05 0.000000000000000000e+00 -1.723938062528357221e-03 1.747390144111403941e-04 -6.482722071489687441e-04 -9.231594827123665271e-05 8.913060620163169075e-04 -3.170568873013482488e-04 2.917803117746143194e-04 1.193417954968108499e-03
-2.478924127797985734e-05 -2.162429413649778059e-03 4.002374640051945204e-04 -1.723938062528357221e-03 0.000000000000000000e+00 -7.169957192421468539e-04 -6.181729115975226774e-04 -7.044646529609003248e-04 2.225205487524472409e-04 -7.085224045322493364e-04 1.890597427648536041e-04 -2.177388025981815810e-03
5.004436568560906165e-04 6.789234789139701179e-06 -6.054769330657396639e-04 1.747390144111403941e-04 -7.169957192421468539e-04 0.000000000000000000e+00 4.614855599646887981e-04 -2.966214567889851684e-04 -4.716643136118305719e-04 -2.758541149981472000e-04 2.315917056804843563e-04 -1.115035708789983634e-03
1.323175247491513830e-03 -1.042489316209429693e-03 -3.634981852675244884e-04 -6.482722071489687441e-04 -6.181729115975226774e-04 4.614855599646887981e-04 0.000000000000000000e+00 5.464390422670034999e-04 -9.024828863901494542e-04 -1.196623985909058669e-04 4.131796554217523625e-05 -1.208875683844156095e-03
-3.730423085419897248e-04 -8.440462794504313172e-04 -9.762648712044741655e-05 -9.231594827123665271e-05 -7.044646529609003248e-04 -2.966214567889851684e-04 5.464390422670034999e-04 0.000000000000000000e+00 6.390783110063010712e-04 2.424398438691848716e-04 2.600644384078951740e-04 1.150438888429862900e-04
-1.108873664377214938e-03 2.494262687702117169e-03 -7.475861153929986040e-04 8.913060620163169075e-04 2.225205487524472409e-04 -4.716643136118305719e-04 -9.024828863901494542e-04 6.390783110063010712e-04 0.000000000000000000e+00 -1.915868989414988403e-04 -4.426529558004548177e-04 -4.962193411069303539e-04
-3.150657305226174480e-04 6.221621337118254632e-04 -3.588201895526291099e-04 -3.170568873013482488e-04 -7.085224045322493364e-04 -2.758541149981472000e-04 -1.196623985909058669e-04 2.424398438691848716e-04 -1.915868989414988403e-04 0.000000000000000000e+00 4.119599468372893902e-04 -4.488731563176011938e-04
-6.507351568756676715e-04 -8.417090368887727991e-04 5.300052439384240311e-05 2.917803117746143194e-04 1.890597427648536041e-04 2.315917056804843563e-04 4.131796554217523625e-05 2.600644384078951740e-04 -4.426529558004548177e-04 4.119599468372893902e-04 0.000000000000000000e+00 -7.135401587514736930e-04
2.014168496717876240e-03 1.533871232375678831e-04 6.310829761116569297e-04 1.193417954968108499e-03 -2.177388025981815810e-03 -1.115035708789983634e-03 -1.208875683844156095e-03 1.150438888429862900e-04 -4.962193411069303539e-04 -4.488731563176011938e-04 -7.135401587514736930e-04 0.000000000000000000e+00
