0.000000000000000000e+00 -2.310674678339345606e-03 -1.697979055414104580e-03 -5.931726158045613068e-04 1.858442959155554757e-03 5.482971750272337940e-05 -1.019489312398002184e-04 5.165824229140821537e-05 4.223195580419067987e-06 -6.968888049487444050e-05 3.912605304801026530e-04 4.898642945602708259e-04
-2.310674678339345606e-03 0.000000000000000000e+00 1.872883544740786867e-03 9.732560913905028387e-04 2.125475566054419417e-03 -8.422102377083010428e-05 -9.043114489908348364e-04 -8.691846920883699625e-04 -6.651838181184449150e-04 -3.172198251868928154e-04 7.569896478386577317e-04 2.244465319916559131e-03
-1.697979055414104580e-03 1.872883544740786867e-03 0.000000000000000000e+00 1.538589023293225513e-05 -8.015328838829753654e-04 -3.406364300139234046e-04 -3.940226450172909923e-04 4.799438041483402109e-05 4.896323766170406584e-04 -3.462450975383778900e-04 4.151143572135233112e-04 -3.055988220965097742e-05
-5.931726158045613068e-04 9.732560913905028387e-04 1.538589023293225513e-05 0.000000000000000000e+00 -1.168192671140651272e-03 4.655603189173283720e-04 5.863591008560950155e-04 -4.909366197647030221e-05 -9.155232058206963248e-04 1.278772429679244076e-04 -2.915107079159999959e-04 -1.627731863728948489e-03
1.858442959155554757e-03 2.125475566054419417e-03 -8.015328838829753654e-04 -1.168192671140651272e-03 0.000000000000000000e+00 -8.000617463212026693e-04 -1.650236032626022347e-04 -1.409887748121746106e-04 -1.083428175725762929e-03 -9.061140913513029244e-05 1.231157831309898174e-03 3.566104877518716499e-04
5.482971750272337940e-05 -8.422102377083010428e-05 -3.406364300139234046e-04 4.655603189173283720e-04 -8.000617463212026693e-04 0.000000000000000000e+00 4.453983865760825263e-05 1.064352746006986590e-04 3.785352621229866668e-04 -2.296272651466803707e-04 1.425646241107191047e-04 9.293586078846868435e-04
-1.019489312398002184e-04 -9.043114489908348364e-04 -3.940226450172909923e-04 5.863591008560950155e-04 -1.650236032626022347e-04 4.453983865760825263e-05 0.000000000000000000e+00 -5.721045349105130019e-05 -6.749264313217571282e-05 -2.456529077959699114e-05 1.777301216856105566e-04 -3.645717803258995485e-04
5.165824229140821537e-05 -8.691846920883699625e-04 4.799438041483402109e-05 -4.909366197647030221e-05 -1.409887748121746106e-04 1.064352746006986590e-04 -5.721045349105130019e-05 0.000000000000000000e+00 -7.135599673265159834e-04 1.002318588787299468e-04 -1.143190842837864263e-04 4.265723307139068429e-04
4.223195580419067987e-06 -6.651838181184449150e-04 4.896323766170406584e-04 -9.155232058206963248e-04 -1.083428175725762929e-03 3.785352621229866668e-04 -6.749264313217571282e-05 -7.135599673265159834e-04 0.000000000000000000e+00 2.214225647673885718e-04 -8.583089816811517421e-04 2.051194469293629672e-03
-6.968888049487444050e-05 -3.172198251868928154e-04 -3.462450975383778900e-04 1.278772429679244076e-04 -9.061140913513029244e-05 -2.296272651466803707e-04 -2.456529077959699114e-05 1.002318588787299468e-04 2.214225647673885718e-04 0.000000000000000000e+00 1.451067598173700084e-04 -5.066863297664178471e-04
3.912605304801026530e-04 7.569896478386577317e-04 4.151143572135233112e-04 -2.915107079159999959e-04 1.231157831309898174e-03 1.425646241107191047e-04 1.777301216856105566e-04 -1.143190842837864263e-04 -8.583089816811517421e-04 1.451067598173700084e-04 0.000000000000000000e+00 4.201233313551137058e-04
4.898642945602708259e-04 2.244465319916559131e-03 -3.055988220965097742e-05 -1.627731863728948489e-03 3.566104877518716499e-04 9.293586078846868435e-04 -3.645717803258995485e-04 4.265723307139068429e-04 2.051194469293629672e-03 -5.066863297664178471e-04 4.201233313551137058e-04 0.000000000000000000e+00
