0.000000000000000000e+00 -1.655077628086693790e-04 5.734582761289814395e-04 8.361936867985492877e-04 3.855154296803074996e-05 4.254609587152573648e-04 5.497228724628363443e-04 -1.485692988862674679e-04 1.355007039210444656e-03 4.505759893722356560e-04 1.246550421527927496e-04 -1.190827955678845293e-03
-1.655077628086693790e-04 0.000000000000000000e+00 5.047110672968779495e-04 -1.388691467328427749e-03 4.466131949969731597e-04 -3.329650188690760145e-04 1.296220772460783110e-03 -4.508250888504597258e-04 5.869440178228628111e-04 -7.181159397885379702e-04 -4.951274064062185110e-04 3.858754654712340812e-04
5.734582761289814395e-04 5.047110672968779495e-04 0.000000000000000000e+00 5.896500546448383987e-04 1.284396727851955938e-03 1.163101927330402777e-04 -1.281697767182320212e-04 -3.690793290292759062e-04 4.261921818836216500e-04 -2.188979139643089269e-04 -3.322260166584793651e-05 6.666390770331625214e-04
8.361936867985492877e-04 -1.388691467328427749e-03 5.896500546448383987e-04 0.000000000000000000e+00 -1.052080676849628370e-03 2.075477901079234879e-04 -3.285110718318735515e-05 -1.927482975022750582e-04 -1.510637154106717842e-04 -2.539736019433187059e-04 -8.556838494511548830e-05 -8.553438623669716145e-04
3.855154296803074996e-05 4.466131949969731597e-04 1.284396727851955938e-03 -1.052080676849628370e-03 0.000000000000000000e+00 7.580945853162121204e-04 -1.918055866071520814e-03 -2.442782385904654807e-04 1.634334841572536359e-03 -5.243686185763801050e-04 6.689914074045477796e-04 1.032756965757159915e-03
4.254609587152573648e-04 -3.329650188690760145e-04 1.163101927330402777e-04 2.075477901079234879e-04 7.580945853162121204e-04 0.000000000000000000e+00 -2.694584130129241343e-04 1.872748220946381830e-04 -7.686509805648342533e-04 -5.398683044843800399e-05 7.494957317499184775e-05 1.112816426544581969e-03
5.497228724628363443e-04 1.296220772460783110e-03 -1.281697767182320212e-04 -3.285110718318735515e-05 -1.918055866071520814e-03 -2.694584130129241343e-04 0.000000000000000000e+00 -2.579519261742071220e-04 -1.758836279531256653e-04 3.888437621181693987e-04 2.110863333098313729e-04 1.192175864428579894e-03
-1.485692988862674679e-04 -4.508250888504597258e-04 -3.690793290292759062e-04 -1.927482975022750582e-04 -2.442782385904654807e-04 1.872748220946381830e-04 -2.579519261742071220e-04 0.000000000000000000e+00 8.832643952076308139e-05 1.196512697856123988e-04 1.041265239276403933e-04 8.424592787877009247e-05
1.355007039210444656e-03 5.869440178228628111e-04 4.261921818836216500e-04 -1.510637154106717842e-04 1.634334841572536359e-03 -7.686509805648342533e-04 -1.758836279531256653e-04 8.832643952076308139e-05 0.000000000000000000e+00 3.039245171885687313e-04 2.598989383981871156e-04 -9.513384915879745688e-04
4.505759893722356560e-04 -7.181159397885379702e-04 -2.188979139643089269e-04 -2.539736019433187059e-04 -5.243686185763801050e-04 -5.398683044843800399e-05 3.888437621181693987e-04 1.196512697856123988e-04 3.039245171885687313e-04 0.000000000000000000e+00 -9.290504441484207637e-05 2.324178211982031144e-04
1.246550421527927496e-04 -4.951274064062185110e-04 -3.322260166584793651e-05 -8.556838494511548830e-05 6.689914074045477796e-04 7.494957317499184775e-05 2.110863333098313729e-04 1.041265239276403933e-04 2.598989383981871156e-04 -9.290504441484207637e-05 0.000000000000000000e+00 1.193040484275180099e-03
-1.190827955678845293e-03 3.858754654712340812e-04 6.666390770331625214e-04 -8.553438623669716145e-04 1.032756965757159915e-03 1.112816426544581969e-03 1.192175864428579894e-03 8.424592787877009247e-05 -9.513384915879745688e-04 2.324178211982031144e-04 1.193040484275180099e-03 0.000000000000000000e+00
