0.000000000000000000e+00 -5.614789088458624127e-04 6.953795295768369026e-04 -2.474420050829351716e-05 -1.482759492260416184e-03 -1.730687160895057978e-04 7.417407948950586398e-05 -8.881706002987587020e-04 2.255047984253273543e-03 6.582515359466907783e-04 -2.664421675672674428e-04 -2.561789782912298006e-03
-5.614789088458624127e-04 0.000000000000000000e+00 4.874366880686724596e-04 1.811256022369099974e-04 -5.344133967011919367e-04 1.989006912040567829e-04 -6.793521161394867371e-04 -6.371714806086155834e-04 -5.168196073203321127e-04 2.327340585060582725e-04 4.614985750315805306e-04 4.898117613121328456e-04
6.953795295768369026e-04 4.874366880686724596e-04 0.000000000000000000e+00 1.202432602715854496e-05 8.547441186865963048e-04 -9.426393513245783960e-05 3.483982837722516082e-04 -3.345037011841809683e-04 -1.354028723498179945e-03 -7.239471513545017798e-05 -2.125168505992365499e-04 -1.040815037028325991e-04
-2.474420050829351716e-05 1.811256022369099974e-04 1.202432602715854496e-05 0.000000000000000000e+00 -4.597128622946020744e-04 9.549140706226334318e-05 -2.278126020390045935e-04 -3.147748785827990072e-05 -6.752514791648504605e-04 -7.903872866821891438e-05 2.923392889234543353e-05 4.485389110378110622e-04
-1.482759492260416184e-03 -5.344133967011919367e-04 8.547441186865963048e-04 -4.597128622946020744e-04 0.000000000000000000e+00 -9.566511801021212449e-04 -1.101307973477202431e-04 -4.543663300152530195e-04 -1.652214669239514657e-03 2.760433344449115568e-04 -4.160877909258661311e-04 3.936463621768837443e-04
-1.730687160895057978e-04 1.989006912040567829e-04 -9.426393513245783960e-05 9.549140706226334318e-05 -9.566511801021212449e-04 0.000000000000000000e+00 2.182077951420634591e-04 2.506794404976993686e-04 7.717268216110879518e-05 4.935392052889298227e-04 -1.432687462733981103e-04 1.308035951831904020e-03
7.417407948950586398e-05 -6.793521161394867371e-04 3.483982837722516082e-04 -2.278126020390045935e-04 -1.101307973477202431e-04 2.182077951420634591e-04 0.000000000000000000e+00 -2.499530336753784821e-04 -2.716998137784732391e-04 1.783535322942793800e-06 5.885871052061956510e-04 -8.685667360859790397e-04
-8.881706002987587020e-04 -6.371714806086155834e-04 -3.345037011841809683e-04 -3.147748785827990072e-05 -4.543663300152530195e-04 2.506794404976993686e-04 -2.499530336753784821e-04 0.000000000000000000e+00 -1.448565229776812993e-03 -2.208485501513746420e-05 -7.230874610930122662e-04 -8.156749936943446199e-05
2.255047984253273543e-03 -5.168196073203321127e-04 -1.354028723498179945e-03 -6.752514791648504605e-04 -1.652214669239514657e-03 7.717268216110879518e-05 -2.716998137784732391e-04 -1.448565229776812993e-03 0.000000000000000000e+00 -1.643427192915095829e-03 -7.006640290763541026e-04 4.383982504268583297e-03
6.582515359466907783e-04 2.327340585060582725e-04 -7.239471513545017798e-05 -7.903872866821891438e-05 2.760433344449115568e-04 4.935392052889298227e-04 1.783535322942793800e-06 -2.208485501513746420e-05 -1.643427192915095829e-03 0.000000000000000000e+00 -6.506644986112325056e-04 -1.225327925250672099e-03
-2.664421675672674428e-04 4.614985750315805306e-04 -2.125168505992365499e-04 2.923392889234543353e-05 -4.160877909258661311e-04 -1.432687462733981103e-04 5.885871052061956510e-04 -7.230874610930122662e-04 -7.006640290763541026e-04 -6.506644986112325056e-04 0.000000000000000000e+00 -1.784311802198684663e-03
-2.561789782912298006e-03 4.898117613121328456e-04 -1.040815037028325991e-04 4.485389110378110622e-04 3.936463621768837443e-04 1.308035951831904020e-03 -8.685667360859790397e-04 -8.156749936943446199e-05 4.383982504268583297e-03 -1.225327925250672099e-03 -1.784311802198684663e-03 0.000000000000000000e+00
