0.000000000000000000e+00 3.132825804917417113e-04 7.224717056363753149e-04 -4.120709548795936390e-05 -1.001708353862485129e-03 -1.124665730648707749e-04 -7.918471042120001774e-04 -2.161113981916155903e-04 -2.546719776891738572e-04 3.060940446366730203e-04 1.049396197004105269e-03 5.857140953054842990e-04
3.132825804917417113e-04 0.000000000000000000e+00 5.263938136803026063e-04 9.897719033207101104e-05 1.863339337078399145e-03 4.887889599984630851e-04 -4.102754354136060877e-04 7.082034878207419401e-04 1.090451413166268870e-03 4.743681596803607536e-04 3.844480220883519429e-04 -1.577972863915023038e-03
7.224717056363753149e-04 5.263938136803026063e-04 0.000000000000000000e+00 -8.898332848707516180e-06 -1.062016660194727084e-04 4.410577650224597307e-04 -5.739557741812327958e-05 -3.526580264582468319e-04 -3.748261990715910587e-04 2.366885248273151870e-05 3.248083333750208376e-04 -3.619016309453559422e-04
-4.120709548795936390e-05 9.897719033207101104e-05 -8.898332848707516180e-06 0.000000000000000000e+00 -2.785509985089887840e-04 3.994502978981398370e-04 -2.488585577608144446e-04 -1.692061166008910578e-04 -1.871369049931181157e-04 -1.896674435100029730e-04 2.588474510651994978e-04 1.128755202465823787e-03
-1.001708353862485129e-03 1.863339337078399145e-03 -1.062016660194727084e-04 -2.785509985089887840e-04 0.000000000000000000e+00 -7.824084265624561005e-04 -1.747387203578516443e-03 -7.688967019181280373e-04 1.865937283381014259e-04 4.033570877704054395e-04 6.729698948982359595e-04 -1.494336136303879830e-03
-1.124665730648707749e-04 4.887889599984630851e-04 4.410577650224597307e-04 3.994502978981398370e-04 -7.824084265624561005e-04 0.000000000000000000e+00 -2.408635455605385729e-04 3.705616998066417174e-04 2.710916613124955926e-04 -6.156173970311176703e-04 1.860994065388223086e-04 -5.252813707039480622e-04
-7.918471042120001774e-04 -4.102754354136060877e-04 -5.739557741812327958e-05 -2.488585577608144446e-04 -1.747387203578516443e-03 -2.408635455605385729e-04 0.000000000000000000e+00 -7.436907503169812653e-04 1.504051369365140643e-03 -1.280241600283290140e-04 7.423994301195505768e-04 1.521587336046611788e-03
-2.161113981916155903e-04 7.082034878207419401e-04 -3.526580264582468319e-04 -1.692061166008910578e-04 -7.688967019181280373e-04 3.705616998066417174e-04 -7.436907503169812653e-04 0.000000000000000000e+00 -1.920788439489519092e-03 7.410361039560012892e-04 2.347736344768324248e-04 -6.434641019015746935e-04
-2.546719776891738572e-04 1.090451413166268870e-03 -3.748261990715910587e-04 -1.871369049931181157e-04 1.865937283381014259e-04 2.710916613124955926e-04 1.504051369365140643e-03 -1.920788439489519092e-03 0.000000000000000000e+00 -4.037962985151736476e-05 1.835359456078640894e-04 1.860071223196629398e-03
3.060940446366730203e-04 4.743681596803607536e-04 2.366885248273151870e-05 -1.896674435100029730e-04 4.033570877704054395e-04 -6.156173970311176703e-04 -1.280241600283290140e-04 7.410361039560012892e-04 -4.037962985151736476e-05 0.000000000000000000e+00 -5.855240361446360309e-04 3.107310737789071545e-04
1.049396197004105269e-03 3.844480220883519429e-04 3.248083333750208376e-04 2.588474510651994978e-04 6.729698948982359595e-04 1.860994065388223086e-04 7.423994301195505768e-04 2.347736344768324248e-04 1.835359456078640894e-04 -5.855240361446360309e-04 0.000000000000000000e+00 -1.402841092028781237e-03
5.857140953054842990e-04 -1.577972863915023038e-03 -3.619016309453559422e-04 1.128755202465823787e-03 -1.494336136303879830e-03 -5.252813707039480622e-04 1.521587336046611788e-03 -6.434641019015746935e-04 1.860071223196629398e-03 3.107310737789071545e-04 -1.402841092028781237e-03 0.000000000000000000e+00
