0.000000000000000000e+00 4.005207890342420512e-06 5.952150247411494089e-04 -4.817669863614896728e-04 -5.480178927168830906e-04 6.088058077978905457e-05 4.671419587104815724e-04 2.756129047190328208e-04 1.054374363636049507e-03 7.593959466382772631e-04 -3.197647928910933818e-04 -1.569485228461241048e-03
4.005207890342420512e-06 0.000000000000000000e+00 8.344406587837362079e-05 -2.488065480765904759e-04 8.437010732274526168e-04 3.081579603602653083e-04 6.091336788748737260e-04 -2.886600941373860824e-04 1.058372580151310804e-03 1.606772384847096483e-04 4.378613041464257650e-04 2.322266422296863516e-04
5.952150247411494089e-04 8.344406587837362079e-05 0.000000000000000000e+00 -3.317158077222550792e-04 -3.356713166932545254e-04 -1.745477295907750233e-04 -2.862294842923733887e-04 -5.364555768521630684e-04 1.245183160571526094e-03 -1.995368949182850884e-04 6.276906945473177462e-04 -1.556949308269141297e-03
-4.817669863614896728e-04 -2.488065480765904759e-04 -3.317158077222550792e-04 0.000000000000000000e+00 1.380357491060362645e-04 -8.984407009982517118e-05 1.703447324895000249e-04 -4.831007893142639392e-04 2.399605614288756114e-04 9.706352796241757492e-05 4.625667639102207544e-04 2.172209659628560193e-04
-5.480178927168830906e-04 8.437010732274526168e-04 -3.356713166932545254e-04 1.380357491060362645e-04 0.000000000000000000e+00 -8.363844133636279612e-04 4.015499895290546299e-04 -8.808573608645103652e-05 2.716057163132431628e-03 -9.956001869847409726e-04 -5.015730350739349168e-04 1.291700275337647657e-03
6.088058077978905457e-05 3.081579603602653083e-04 -1.745477295907750233e-04 -8.984407009982517118e-05 -8.363844133636279612e-04 0.000000000000000000e+00 -3.709504824016210270e-04 -6.819250326939904194e-04 -9.695395686999936204e-04 2.245562407368834675e-04 -2.306455384852220411e-04 3.582283909229878687e-05
4.671419587104815724e-04 6.091336788748737260e-04 -2.862294842923733887e-04 1.703447324895000249e-04 4.015499895290546299e-04 -3.709504824016210270e-04 0.000000000000000000e+00 6.855875601375375702e-04 2.415161501374507320e-03 7.743947979923752759e-04 -4.354903996051338335e-04 5.579761618449717358e-04
2.756129047190328208e-04 -2.886600941373860824e-04 -5.364555768521630684e-04 -4.831007893142639392e-04 -8.808573608645103652e-05 -6.819250326939904194e-04 6.855875601375375702e-04 0.000000000000000000e+00 -7.318849465646425870e-05 -7.744239873470028712e-04 1.262287332140959496e-04 1.417196317280656516e-03
1.054374363636049507e-03 1.058372580151310804e-03 1.245183160571526094e-03 2.399605614288756114e-04 2.716057163132431628e-03 -9.695395686999936204e-04 2.415161501374507320e-03 -7.318849465646425870e-05 0.000000000000000000e+00 -4.778532201329112826e-04 -7.379693407630765271e-06 6.495829223112036498e-04
7.593959466382772631e-04 1.606772384847096483e-04 -1.995368949182850884e-04 9.706352796241757492e-05 -9.956001869847409726e-04 2.245562407368834675e-04 7.743947979923752759e-04 -7.744239873470028712e-04 -4.778532201329112826e-04 0.000000000000000000e+00 6.397572281254144131e-04 1.104980989128753711e-03
-3.197647928910933818e-04 4.378613041464257650e-04 6.276906945473177462e-04 4.625667639102207544e-04 -5.015730350739349168e-04 -2.306455384852220411e-04 -4.354903996051338335e-04 1.262287332140959496e-04 -7.379693407630765271e-06 6.397572281254144131e-04 0.000000000000000000e+00 -7.214026130828330927e-04
-1.569485228461241048e-03 2.322266422296863516e-04 -1.556949308269141297e-03 2.172209659628560193e-04 1.291700275337647657e-03 3.582283909229878687e-05 5.579761618449717358e-04 1.417196317280656516e-03 6.495829223112036498e-04 1.104980989128753711e-03 -7.214026130828330927e-04 0.000000000000000000e+00
