0.000000000000000000e+00 -7.822247469545626393e-04 1.256181944332836306e-04 1.395189788292051231e-04 1.319686418320126892e-04 -1.914615033541130042e-04 1.989897291917818822e-04 -4.408721991247519959e-05 1.566762305188049501e-03 7.703079335640148804e-05 2.595424461696357182e-04 -5.230671091191768001e-04
-7.822247469545626393e-04 0.000000000000000000e+00 4.537187049162204290e-04 -4.951154896325698053e-04 -2.317928696754376820e-04 1.140324717948736446e-04 9.271917310558522004e-04 -1.855859245510422173e-04 -5.053144913801372164e-05 -2.905351218053097307e-04 -3.092950074200026133e-04 -1.733389028190288322e-04
1.256181944332836306e-04 4.537187049162204290e-04 0.000000000000000000e+00 -2.369209490377322187e-04 5.877555885461162744e-04 1.991390943630402821e-04 4.891017045756100730e-05 2.177067225609745599e-04 1.095810932138592889e-03 4.737673223271943873e-04 -2.480425755629194493e-04 -1.142985624116258031e-03
1.395189788292051231e-04 -4.951154896325698053e-04 -2.369209490377322187e-04 0.000000000000000000e+00 2.035462468190627524e-04 -8.691383267247843926e-05 -1.874087565999813345e-04 -4.822597319597136706e-05 -1.027197711059396162e-04 -3.440220564320524790e-04 2.230677333117576954e-04 6.438851056149462243e-04
1.319686418320126892e-04 -2.317928696754376820e-04 5.877555885461162744e-04 2.035462468190627524e-04 0.000000000000000000e+00 2.625213870360585734e-04 -2.498755414018070551e-05 -6.861783863421282810e-04 -1.688845996005247044e-03 -8.901471287175672720e-05 7.528953281150388898e-04 -2.288063036742049843e-03
-1.914615033541130042e-04 1.140324717948736446e-04 1.991390943630402821e-04 -8.691383267247843926e-05 2.625213870360585734e-04 0.000000000000000000e+00 4.507312988115496732e-04 -3.930641545367677034e-04 -5.843938871480500088e-04 2.680844320384575576e-04 3.873991225563817322e-04 3.884239356345762628e-04
1.989897291917818822e-04 9.271917310558522004e-04 4.891017045756100730e-05 -1.874087565999813345e-04 -2.498755414018070551e-05 4.507312988115496732e-04 0.000000000000000000e+00 1.026832358960677464e-03 -1.950718238290242513e-03 5.152392234946514063e-04 3.479541733442101706e-04 2.372039167129944264e-03
-4.408721991247519959e-05 -1.855859245510422173e-04 2.177067225609745599e-04 -4.822597319597136706e-05 -6.861783863421282810e-04 -3.930641545367677034e-04 1.026832358960677464e-03 0.000000000000000000e+00 1.070442105139284440e-03 -1.463166987661634888e-04 -2.769898437110230506e-05 -6.128287980168838512e-04
1.566762305188049501e-03 -5.053144913801372164e-05 1.095810932138592889e-03 -1.027197711059396162e-04 -1.688845996005247044e-03 -5.843938871480500088e-04 -1.950718238290242513e-03 1.070442105139284440e-03 0.000000000000000000e+00 1.611960153241714195e-03 -1.526999413883757149e-03 2.985084217237450512e-03
7.703079335640148804e-05 -2.905351218053097307e-04 4.737673223271943873e-04 -3.440220564320524790e-04 -8.901471287175672720e-05 2.680844320384575576e-04 5.152392234946514063e-04 -1.463166987661634888e-04 1.611960153241714195e-03 0.000000000000000000e+00 1.473521063289235386e-04 1.313462868711073395e-03
2.595424461696357182e-04 -3.092950074200026133e-04 -2.480425755629194493e-04 2.230677333117576954e-04 7.528953281150388898e-04 3.873991225563817322e-04 3.479541733442101706e-04 -2.769898437110230506e-05 -1.526999413883757149e-03 1.473521063289235386e-04 0.000000000000000000e+00 4.196572825168491997e-04
-5.230671091191768001e-04 -1.733389028190288322e-04 -1.142985624116258031e-03 6.438851056149462243e-04 -2.288063036742049843e-03 3.884239356345762628e-04 2.372039167129944264e-03 -6.128287980168838512e-04 2.985084217237450512e-03 1.313462868711073395e-03 4.196572825168491997e-04 0.000000000000000000e+00
