0.000000000000000000e+00 -7.102792464493902676e-04 -1.796250880834313795e-04 -1.646757852028545640e-04 -7.423493283853742353e-04 -1.597780608858197292e-04 -3.284401247248040995e-04 1.332435844017379510e-04 -2.132752168970886240e-03 1.142824894841245360e-05 9.168182783999847228e-04 -2.380359286031893777e-03
-7.102792464493902676e-04 0.000000000000000000e+00 2.953194450363850558e-06 -6.727084935094970459e-05 -1.048991960144911480e-03 -2.567659629429088408e-04 1.545317854741952174e-03 1.011774161685457212e-04 -2.282267488650408915e-03 1.005742691162714661e-04 3.373791381742920052e-04 1.820512930412766404e-03
-1.796250880834313795e-04 2.953194450363850558e-06 0.000000000000000000e+00 -2.185533759835329016e-04 5.826201247562815336e-04 2.456943097765140337e-04 -8.825089701303756920e-05 -4.795680272502637724e-04 -2.281378166158585131e-04 5.779026667888282915e-04 5.032030544334764979e-05 9.107224656594263687e-04
-1.646757852028545640e-04 -6.727084935094970459e-05 -2.185533759835329016e-04 0.000000000000000000e+00 7.055143828285255210e-05 -3.844575785708256302e-04 3.383420139158182529e-04 -1.265592790378491342e-04 1.732200281156801383e-04 -1.669317810438856184e-04 1.483792121928612063e-04 -6.324092616917137725e-04
-7.423493283853742353e-04 -1.048991960144911480e-03 5.826201247562815336e-04 7.055143828285255210e-05 0.000000000000000000e+00 -2.357832976186076987e-04 -6.764312002297991197e-04 -5.802939237790514723e-04 2.961525130278521920e-03 -8.373916668054808866e-04 8.999645848163304040e-04 2.705020726553554120e-03
-1.597780608858197292e-04 -2.567659629429088408e-04 2.456943097765140337e-04 -3.844575785708256302e-04 -2.357832976186076987e-04 0.000000000000000000e+00 5.744183792874935990e-04 -1.769627517718041143e-04 -8.385228498378725654e-04 -1.974083529815512329e-04 -3.357159751005022895e-04 -5.006240952285057142e-04
-3.284401247248040995e-04 1.545317854741952174e-03 -8.825089701303756920e-05 3.383420139158182529e-04 -6.764312002297991197e-04 5.744183792874935990e-04 0.000000000000000000e+00 5.414384463474113856e-04 1.879490205646750162e-04 -8.021602500888534932e-05 1.790984778009730067e-04 -1.562845563558176243e-03
1.332435844017379510e-04 1.011774161685457212e-04 -4.795680272502637724e-04 -1.265592790378491342e-04 -5.802939237790514723e-04 -1.769627517718041143e-04 5.414384463474113856e-04 0.000000000000000000e+00 -4.572075379661147995e-04 5.295031756256404027e-04 7.257946809273953985e-04 -2.196513544393678447e-04
-2.132752168970886240e-03 -2.282267488650408915e-03 -2.281378166158585131e-04 1.732200281156801383e-04 2.961525130278521920e-03 -8.385228498378725654e-04 1.879490205646750162e-04 -4.572075379661147995e-04 0.000000000000000000e+00 -1.139715768876171844e-03 -5.090207293355911633e-04 -2.013671296325500893e-03
1.142824894841245360e-05 1.005742691162714661e-04 5.779026667888282915e-04 -1.669317810438856184e-04 -8.373916668054808866e-04 -1.974083529815512329e-04 -8.021602500888534932e-05 5.295031756256404027e-04 -1.139715768876171844e-03 0.000000000000000000e+00 2.236283855915198080e-04 1.045027936104978277e-03
9.168182783999847228e-04 3.373791381742920052e-04 5.032030544334764979e-05 1.483792121928612063e-04 8.999645848163304040e-04 -3.357159751005022895e-04 1.790984778009730067e-04 7.257946809273953985e-04 -5.090207293355911633e-04 2.236283855915198080e-04 0.000000000000000000e+00 -3.217361857405442397e-04
-2.380359286031893777e-03 1.820512930412766404e-03 9.107224656594263687e-04 -6.324092616917137725e-04 2.705020726553554120e-03 -5.006240952285057142e-04 -1.562845563558176243e-03 -2.196513544393678447e-04 -2.013671296325500893e-03 1.045027936104978277e-03 -3.217361857405442397e-04 0.000000000000000000e+00
