0.000000000000000000e+00 -5.914553479063156894e-04 -4.836295636144654969e-04 7.242210891155062514e-04 -8.900663068383210400e-04 1.470195326574459628e-03 -5.689922118629141918e-04 -2.467099697889905055e-05 4.633962624196518517e-04 -1.101076972926599270e-04 -6.568978118156864341e-04 3.959456102581242307e-04
-5.914553479063156894e-04 0.000000000000000000e+00 1.405725258740959461e-03 1.918162777548855112e-03 3.532087722794742621e-03 -2.222160080120470955e-03 5.796324927255314059e-05 1.283167123117582523e-04 7.259281372692087285e-04 -7.477864459586329362e-04 -7.966043028677148401e-05 -4.438304767099197326e-04
-4.836295636144654969e-04 1.405725258740959461e-03 0.000000000000000000e+00 3.212775984951125397e-04 1.083863128687644322e-03 -7.904286245305799496e-04 -2.496329343426943715e-04 4.781804808301166410e-04 -7.111084820964557558e-04 3.367954892888858597e-04 -7.900891210040503708e-05 -2.238888274360496041e-04
7.242210891155062514e-04 1.918162777548855112e-03 3.212775984951125397e-04 0.000000000000000000e+00 2.084460257814356021e-03 1.119499004221323740e-03 5.023371803832717402e-04 7.860189890261052442e-04 9.680858947715682925e-04 -2.839647342762975819e-04 -3.022049545980149288e-04 2.352029318354511157e-04
-8.900663068383210400e-04 3.532087722794742621e-03 1.083863128687644322e-03 2.084460257814356021e-03 0.000000000000000000e+00 -1.847715283803039979e-04 7.100970372116614067e-04 -1.008534008663975736e-03 -1.281046011433981677e-04 -7.659533884407822421e-04 -2.139589603825353334e-03 3.345833806154177147e-04
1.470195326574459628e-03 -2.222160080120470955e-03 -7.904286245305799496e-04 1.119499004221323740e-03 -1.847715283803039979e-04 0.000000000000000000e+00 8.995801036151012840e-04 1.787464543886060323e-04 -7.057301250330170149e-05 1.351388576157954162e-04 9.616436796911386397e-04 -8.895384473273927313e-04
-5.689922118629141918e-04 5.796324927255314059e-05 -2.496329343426943715e-04 5.023371803832717402e-04 7.100970372116614067e-04 8.995801036151012840e-04 0.000000000000000000e+00 -1.675584214866924690e-04 -1.175083568604417508e-04 -2.486685485844886655e-04 2.197873165958839101e-04 -2.769241099517753390e-04
-2.467099697889905055e-05 1.283167123117582523e-04 4.781804808301166410e-04 7.860189890261052442e-04 -1.008534008663975736e-03 1.787464543886060323e-04 -1.675584214866924690e-04 0.000000000000000000e+00 1.509563371326741227e-04 -3.145823014428256615e-04 3.465502980857966542e-04 -2.815418752986943718e-04
4.633962624196518517e-04 7.259281372692087285e-04 -7.111084820964557558e-04 9.680858947715682925e-04 -1.281046011433981677e-04 -7.057301250330170149e-05 -1.175083568604417508e-04 1.509563371326741227e-04 0.000000000000000000e+00 1.997535811412964044e-04 -4.905881813644548395e-04 -1.063626518679314286e-04
-1.101076972926599270e-04 -7.477864459586329362e-04 3.367954892888858597e-04 -2.839647342762975819e-04 -7.659533884407822421e-04 1.351388576157954162e-04 -2.486685485844886655e-04 -3.145823014428256615e-04 1.997535811412964044e-04 0.000000000000000000e+00 -1.741563147030872837e-04 -3.296884237920206465e-04
-6.568978118156864341e-04 -7.966043028677148401e-05 -7.900891210040503708e-05 -3.022049545980149288e-04 -2.139589603825353334e-03 9.616436796911386397e-04 2.197873165958839101e-04 3.465502980857966542e-04 -4.905881813644548395e-04 -1.741563147030872837e-04 0.000000000000000000e+00 -1.825238446995739057e-04
3.959456102581242307e-04 -4.438304767099197326e-04 -2.238888274360496041e-04 2.352029318354511157e-04 3.345833806154177147e-04 -8.895384473273927313e-04 -2.769241099517753390e-04 -2.815418752986943718e-04 -1.063626518679314286e-04 -3.296884237920206465e-04 -1.825238446995739057e-04 0.000000000000000000e+00
