0.000000000000000000e+00 9.995345182964623096e-05 -2.243762555231383279e-04 -5.627586034593149702e-04 4.989542926001713265e-04 3.309087816915055077e-04 4.733035930362639813e-04 -1.276054849949531699e-04 -3.283553336661811746e-04 -8.358437204026189743e-05 -3.519135143143217390e-04 -3.651862642267088548e-04
9.995345182964623096e-05 0.000000000000000000e+00 -8.027909261311301763e-04 -9.322683685273818821e-04 1.695832581883918689e-04 -1.133734851650938964e-03 1.140336959574720721e-03 1.574839474468693904e-03 8.019509521414140566e-04 -6.830323765863944218e-04 4.132254740703501165e-04 -9.281332503589780547e-04
-2.243762555231383279e-04 -8.027909261311301763e-04 0.000000000000000000e+00 -6.146495055231480714e-04 1.477007468567027425e-03 8.936859078375966213e-04 -5.587541575736928740e-04 8.590324303342520900e-04 -4.426868929761698657e-04 3.062767423274950936e-05 6.268233570217110625e-06 3.989555743265386836e-04
-5.627586034593149702e-04 -9.322683685273818821e-04 -6.146495055231480714e-04 0.000000000000000000e+00 2.729082934462340702e-03 8.258592310875104234e-04 3.455361690027714330e-04 -1.050745661876632776e-03 6.695993154270208714e-04 4.986668622162479829e-04 2.276156531768902015e-03 -9.417953522584224550e-04
4.989542926001713265e-04 1.695832581883918689e-04 1.477007468567027425e-03 2.729082934462340702e-03 0.000000000000000000e+00 1.952599331141185611e-03 1.095256183943222597e-03 1.874231976619026175e-03 2.155028826189454708e-04 -6.919788291009481554e-04 1.734644115714326388e-03 8.318089300475610621e-04
3.309087816915055077e-04 -1.133734851650938964e-03 8.936859078375966213e-04 8.258592310875104234e-04 1.952599331141185611e-03 0.000000000000000000e+00 6.237215696472268910e-04 -1.055805132654775123e-03 -2.349915985011454401e-04 -5.234013187294813373e-04 -1.108735054483720285e-03 6.235509679602662531e-04
4.733035930362639813e-04 1.140336959574720721e-03 -5.587541575736928740e-04 3.455361690027714330e-04 1.095256183943222597e-03 6.237215696472268910e-04 0.000000000000000000e+00 -3.471809921298195899e-04 2.802376429513012699e-04 -3.912753087618426012e-04 -9.015423193837215866e-04 4.324925375893328507e-05
-1.276054849949531699e-04 1.574839474468693904e-03 8.590324303342520900e-04 -1.050745661876632776e-03 1.874231976619026175e-03 -1.055805132654775123e-03 -3.471809921298195899e-04 0.000000000000000000e+00 -1.975139133658091915e-04 -9.188149530045597367e-05 7.841834072897739929e-04 4.617458160815912519e-04
-3.283553336661811746e-04 8.019509521414140566e-04 -4.426868929761698657e-04 6.695993154270208714e-04 2.155028826189454708e-04 -2.349915985011454401e-04 2.802376429513012699e-04 -1.975139133658091915e-04 0.000000000000000000e+00 2.448223530189783158e-04 -4.591538225775387578e-04 2.721924638746754188e-04
-8.358437204026189743e-05 -6.830323765863944218e-04 3.062767423274950936e-05 4.986668622162479829e-04 -6.919788291009481554e-04 -5.234013187294813373e-04 -3.912753087618426012e-04 -9.188149530045597367e-05 2.448223530189783158e-04 0.000000000000000000e+00 3.390164579389307346e-04 2.726798701026517018e-05
-3.519135143143217390e-04 4.132254740703501165e-04 6.268233570217110625e-06 2.276156531768902015e-03 1.734644115714326388e-03 -1.108735054483720285e-03 -9.015423193837215866e-04 7.841834072897739929e-04 -4.591538225775387578e-04 3.390164579389307346e-04 0.000000000000000000e+00 -1.080001387861644416e-03
-3.651862642267088548e-04 -9.281332503589780547e-04 3.989555743265386836e-04 -9.417953522584224550e-04 8.318089300475610621e-04 6.235509679602662531e-04 4.324925375893328507e-05 4.617458160815912519e-04 2.721924638746754188e-04 2.726798701026517018e-05 -1.080001387861644416e-03 0.000000000000000000e+00
