0.000000000000000000e+00 1.346996102610392381e-05 -5.745556345427840165e-04 2.021715482568421738e-04 -1.317963832253391757e-03 2.630512431137611504e-04 2.180076144250039596e-05 1.418301551468804933e-04 -6.235331688790733044e-05 -5.290245361321573416e-04 7.995935879331125947e-04 2.493929129640685212e-04
1.346996102610392381e-05 0.000000000000000000e+00 -1.087219556177928962e-03 9.496251269295565489e-04 -3.152009605203282341e-03 2.314310529127083273e-03 -2.525680007169734623e-04 7.063588548151613928e-04 4.281474573420193772e-04 2.042747753189528951e-04 6.189553415460457035e-04 -8.460343496622229611e-04
-5.745556345427840165e-04 -1.087219556177928962e-03 0.000000000000000000e+00 -8.317616564144665993e-04 4.493027493678067416e-04 -3.042594826662054267e-04 6.014192777014593311e-04 6.142139675596046573e-04 -5.226129858335522597e-04 -2.249341525266766034e-04 7.350137842342945472e-04 4.926036069220295468e-04
2.021715482568421738e-04 9.496251269295565489e-04 -8.317616564144665993e-04 0.000000000000000000e+00 1.437422801436376513e-03 -8.833646746807541708e-04 6.475825599573917148e-04 3.753966541168575304e-04 1.072514094896530844e-03 -6.216154473340026348e-05 -1.186440898734714448e-03 4.698321309602636808e-04
-1.317963832253391757e-03 -3.152009605203282341e-03 4.493027493678067416e-04 1.437422801436376513e-03 0.000000000000000000e+00 -1.524770879986801471e-03 6.789696620344022040e-04 -3.084059368403753898e-04 -7.091732992895821664e-04 -2.503779358590133095e-04 1.493159958942910138e-04 4.977273701400786350e-04
2.630512431137611504e-04 2.314310529127083273e-03 -3.042594826662054267e-04 -8.833646746807541708e-04 -1.524770879986801471e-03 0.000000000000000000e+00 1.175271297579074748e-03 -3.246263509434863534e-04 1.443848159621599050e-04 1.347295386817099871e-04 8.204738810946469530e-04 -3.833493251613050590e-04
2.180076144250039596e-05 -2.525680007169734623e-04 6.014192777014593311e-04 6.475825599573917148e-04 6.789696620344022040e-04 1.175271297579074748e-03 0.000000000000000000e+00 -1.542183903984248165e-04 3.141352335739241997e-04 5.297626970654744890e-04 -8.431960677327996704e-04 -4.223564419116645216e-04
1.418301551468804933e-04 7.063588548151613928e-04 6.142139675596046573e-04 3.753966541168575304e-04 -3.084059368403753898e-04 -3.246263509434863534e-04 -1.542183903984248165e-04 0.000000000000000000e+00 -3.649872764067603210e-04 1.136767747372836857e-04 -9.241511264566345607e-05 -3.410233289921181391e-04
-6.235331688790733044e-05 4.281474573420193772e-04 -5.226129858335522597e-04 1.072514094896530844e-03 -7.091732992895821664e-04 1.443848159621599050e-04 3.141352335739241997e-04 -3.649872764067603210e-04 0.000000000000000000e+00 1.732723536391183455e-04 -3.202060478246459532e-04 -1.076102783785802731e-04
-5.290245361321573416e-04 2.042747753189528951e-04 -2.249341525266766034e-04 -6.216154473340026348e-05 -2.503779358590133095e-04 1.347295386817099871e-04 5.297626970654744890e-04 1.136767747372836857e-04 1.732723536391183455e-04 0.000000000000000000e+00 1.349729943004887263e-04 -3.338593734069315042e-04
7.995935879331125947e-04 6.189553415460457035e-04 7.350137842342945472e-04 -1.186440898734714448e-03 1.493159958942910138e-04 8.204738810946469530e-04 -8.431960677327996704e-04 -9.241511264566345607e-05 -3.202060478246459532e-04 1.349729943004887263e-04 0.000000000000000000e+00 -6.054516657256760973e-04
2.493929129640685212e-04 -8.460343496622229611e-04 4.926036069220295468e-04 4.698321309602636808e-04 4.977273701400786350e-04 -3.833493251613050590e-04 -4.223564419116645216e-04 -3.410233289921181391e-04 -1.076102783785802731e-04 -3.338593734069315042e-04 -6.054516657256760973e-04 0.000000000000000000e+00
