0.000000000000000000e+00 -1.222298546955902145e-03 4.297416196812003735e-04 5.033611088614591477e-04 1.117401491504463936e-03 6.088785741786251985e-04 -1.038887204068988137e-04 -3.863723695860740996e-04 1.314653824574711183e-04 -2.077635536649360785e-04 -1.094630934125464210e-04 -4.652010952625340741e-04
-1.222298546955902145e-03 0.000000000000000000e+00 -3.515932631342179532e-04 2.238988659258527893e-03 9.151007025889446684e-04 2.728302697940245252e-03 -5.784673968956653570e-04 -6.942959775364486983e-05 -1.177212485449773713e-04 -9.672845734465182477e-04 -2.322939286830780908e-03 5.003281354020432808e-04
4.297416196812003735e-04 -3.515932631342179532e-04 0.000000000000000000e+00 -5.619789089469303691e-05 9.206962298603011850e-04 -2.452938706369789585e-04 4.088978512758693472e-05 -1.646612730641156181e-05 -6.619491188137048608e-04 -7.102337263120621445e-04 -1.027716584385478076e-03 -7.304797587654962045e-04
5.033611088614591477e-04 2.238988659258527893e-03 -5.619789089469303691e-05 0.000000000000000000e+00 1.752247393252773190e-03 -1.769267445335277050e-03 -7.054150267487208949e-04 2.370624627670603096e-04 1.243415312297765929e-04 -3.991215693392306568e-04 1.389918583132246019e-03 -7.057428521126720691e-04
1.117401491504463936e-03 9.151007025889446684e-04 9.206962298603011850e-04 1.752247393252773190e-03 0.000000000000000000e+00 -3.170577257621120561e-03 -5.013787041682575812e-04 3.247770912620856682e-04 -3.990574774089851993e-04 -5.045920270941351999e-04 -1.514418784632604129e-03 7.864955156365720798e-04
6.088785741786251985e-04 2.728302697940245252e-03 -2.452938706369789585e-04 -1.769267445335277050e-03 -3.170577257621120561e-03 0.000000000000000000e+00 3.244730507796394266e-04 -2.125030112305492679e-04 -6.504577706560414879e-04 -5.414296854559988827e-04 -1.483693887704056217e-03 -1.000257247018003791e-04
-1.038887204068988137e-04 -5.784673968956653570e-04 4.088978512758693472e-05 -7.054150267487208949e-04 -5.013787041682575812e-04 3.244730507796394266e-04 0.000000000000000000e+00 -3.700293534413918398e-04 -1.786226549468630993e-04 2.221243923879025824e-04 -2.534959182880019654e-04 -9.566521715738486088e-05
-3.863723695860740996e-04 -6.942959775364486983e-05 -1.646612730641156181e-05 2.370624627670603096e-04 3.247770912620856682e-04 -2.125030112305492679e-04 -3.700293534413918398e-04 0.000000000000000000e+00 -1.076053878209936866e-04 2.633250098226720985e-04 2.944788154795290459e-04 -3.456287561124386700e-04
1.314653824574711183e-04 -1.177212485449773713e-04 -6.619491188137048608e-04 1.243415312297765929e-04 -3.990574774089851993e-04 -6.504577706560414879e-04 -1.786226549468630993e-04 -1.076053878209936866e-04 0.000000000000000000e+00 -2.772783334684090790e-04 -3.306206669541526073e-04 -5.701775717703535563e-04
-2.077635536649360785e-04 -9.672845734465182477e-04 -7.102337263120621445e-04 -3.991215693392306568e-04 -5.045920270941351999e-04 -5.414296854559988827e-04 2.221243923879025824e-04 2.633250098226720985e-04 -2.772783334684090790e-04 0.000000000000000000e+00 -4.481067198653466760e-04 1.500021079203350404e-04
-1.094630934125464210e-04 -2.322939286830780908e-03 -1.027716584385478076e-03 1.389918583132246019e-03 -1.514418784632604129e-03 -1.483693887704056217e-03 -2.534959182880019654e-04 2.944788154795290459e-04 -3.306206669541526073e-04 -4.481067198653466760e-04 0.000000000000000000e+00 1.473391988002559000e-04
-4.652010952625340741e-04 5.003281354020432808e-04 -7.304797587654962045e-04 -7.057428521126720691e-04 7.864955156365720798e-04 -1.000257247018003791e-04 -9.566521715738486088e-05 -3.456287561124386700e-04 -5.701775717703535563e-04 1.500021079203350404e-04 1.473391988002559000e-04 0.000000000000000000e+00
