0.000000000000000000e+00 7.998246283907638806e-04 -1.214740939412391370e-03 -3.272032743982830442e-04 2.868186719588092983e-05 -3.102878701238944510e-04 -5.992598679683661155e-04 2.896499508197046590e-04 7.920944043138618255e-06 -3.055962178702611586e-04 1.591177502521940173e-04 1.848415049184475077e-04
7.998246283907638806e-04 0.000000000000000000e+00 2.555209261884763567e-03 -1.012567100456486415e-04 -1.008639471880095169e-04 1.472301518014284757e-03 5.448328239488968265e-04 -1.526094166145833828e-03 1.023481393537076754e-03 -6.129142072211035512e-04 -5.674496046076928308e-04 3.898252571246433023e-04
-1.214740939412391370e-03 2.555209261884763567e-03 0.000000000000000000e+00 -3.228096088937248748e-05 1.328619826113115483e-03 -4.068749330290667623e-04 1.760016504514025761e-04 2.112353695992355302e-03 -2.529224685304975583e-03 -2.667161892530556765e-04 -1.361211399550159859e-03 -4.824191122740347317e-04
-3.272032743982830442e-04 -1.012567100456486415e-04 -3.228096088937248748e-05 0.000000000000000000e+00 2.632481405002392007e-05 5.578234568853445417e-05 2.097671303188702505e-04 -2.756858692749497249e-04 -8.615189139982072251e-04 -1.019852762430106103e-04 9.356119750468808117e-05 -5.677798770502246817e-05
2.868186719588092983e-05 -1.008639471880095169e-04 1.328619826113115483e-03 2.632481405002392007e-05 0.000000000000000000e+00 7.225400923440186392e-04 2.883996797445005427e-04 -4.400240625858072106e-04 2.650587910244426665e-05 -1.003609035843354956e-04 3.312340406431361754e-04 -2.370181538753261905e-04
-3.102878701238944510e-04 1.472301518014284757e-03 -4.068749330290667623e-04 5.578234568853445417e-05 7.225400923440186392e-04 0.000000000000000000e+00 1.258784042547789282e-03 1.368913924531332165e-03 7.624731991414918466e-05 -1.299763083640525065e-03 1.616359399334768316e-03 7.430736095571970545e-04
-5.992598679683661155e-04 5.448328239488968265e-04 1.760016504514025761e-04 2.097671303188702505e-04 2.883996797445005427e-04 1.258784042547789282e-03 0.000000000000000000e+00 -1.162891384790368720e-03 -7.103067540324592595e-04 -6.945329061105106087e-04 3.699834534375383288e-04 4.207660291308158045e-04
2.896499508197046590e-04 -1.526094166145833828e-03 2.112353695992355302e-03 -2.756858692749497249e-04 -4.400240625858072106e-04 1.368913924531332165e-03 -1.162891384790368720e-03 0.000000000000000000e+00 -1.859149441837067845e-03 -3.535084708343047490e-04 1.506084284585770296e-03 -1.644787657254112936e-04
7.920944043138618255e-06 1.023481393537076754e-03 -2.529224685304975583e-03 -8.615189139982072251e-04 2.650587910244426665e-05 7.624731991414918466e-05 -7.103067540324592595e-04 -1.859149441837067845e-03 0.000000000000000000e+00 2.941148201634276749e-04 1.012483900245676619e-03 3.750622702039601263e-04
-3.055962178702611586e-04 -6.129142072211035512e-04 -2.667161892530556765e-04 -1.019852762430106103e-04 -1.003609035843354956e-04 -1.299763083640525065e-03 -6.945329061105106087e-04 -3.535084708343047490e-04 2.941148201634276749e-04 0.000000000000000000e+00 2.682948563479855273e-05 -8.543658153288051179e-05
1.591177502521940173e-04 -5.674496046076928308e-04 -1.361211399550159859e-03 9.356119750468808117e-05 3.312340406431361754e-04 1.616359399334768316e-03 3.699834534375383288e-04 1.506084284585770296e-03 1.012483900245676619e-03 2.682948563479855273e-05 0.000000000000000000e+00 -2.359713027110444848e-04
1.848415049184475077e-04 3.898252571246433023e-04 -4.824191122740347317e-04 -5.677798770502246817e-05 -2.370181538753261905e-04 7.430736095571970545e-04 4.207660291308158045e-04 -1.644787657254112936e-04 3.750622702039601263e-04 -8.543658153288051179e-05 -2.359713027110444848e-04 0.000000000000000000e+00
