0.000000000000000000e+00 -7.338954631838095913e-04 1.223659902183811370e-03 5.041146742167921559e-04 -2.528393882623372483e-04 -9.867542703884343586e-04 1.212266878424685649e-04 -3.603738225813338724e-04 2.021997843614188530e-04 3.162099329805877733e-04 -7.978559522939938887e-05 2.318005254227708536e-04
-7.338954631838095913e-04 0.000000000000000000e+00 1.425728912416287728e-03 3.555999315777721255e-04 -7.369575069360769903e-04 1.142554916738025171e-03 8.840552837615934514e-05 8.750745674973472825e-05 9.941436370819984963e-05 -3.295427071066778951e-04 -3.526019716645141695e-04 -2.971018579896369388e-04
1.223659902183811370e-03 1.425728912416287728e-03 0.000000000000000000e+00 1.244177662288959959e-03 -9.713203726338352642e-04 1.755983339248996756e-03 2.099847658895709866e-03 1.611067227686072785e-03 6.947328374913401550e-04 1.806063221330298169e-03 -5.344612109982033567e-04 3.956885904475094585e-04
5.041146742167921559e-04 3.555999315777721255e-04 1.244177662288959959e-03 0.000000000000000000e+00 -5.254018819716213800e-04 -1.673649776387412403e-03 1.809561246607731255e-04 2.470241288684194470e-04 -1.828546671697224438e-05 -8.287997837852146459e-04 2.495934257802204280e-04 1.881725507689415626e-04
-2.528393882623372483e-04 -7.369575069360769903e-04 -9.713203726338352642e-04 -5.254018819716213800e-04 0.000000000000000000e+00 -7.746936819935511687e-04 3.295733164967472643e-04 3.798412861650142763e-04 3.162633777962439458e-04 -2.235131510264826062e-04 -1.457315647209688175e-04 -1.116566959995155922e-04
-9.867542703884343586e-04 1.142554916738025171e-03 1.755983339248996756e-03 -1.673649776387412403e-03 -7.746936819935511687e-04 0.000000000000000000e+00 -1.348532409935186433e-03 1.176730032412518813e-03 2.711197491963748102e-04 9.833947215887705717e-04 1.375124476294181967e-03 7.326978034391607233e-04
1.212266878424685649e-04 8.840552837615934514e-05 2.099847658895709866e-03 1.809561246607731255e-04 3.295733164967472643e-04 -1.348532409935186433e-03 0.000000000000000000e+00 3.981291694503590137e-04 5.985700053528204920e-04 5.655091793027997764e-04 2.536483438469935023e-04 -5.380568185180221053e-04
-3.603738225813338724e-04 8.750745674973472825e-05 1.611067227686072785e-03 2.470241288684194470e-04 3.798412861650142763e-04 1.176730032412518813e-03 3.981291694503590137e-04 0.000000000000000000e+00 5.601515860053843518e-04 -7.884234434375631548e-04 -5.982012093403974752e-04 4.368843089642413847e-05
2.021997843614188530e-04 9.941436370819984963e-05 6.947328374913401550e-04 -1.828546671697224438e-05 3.162633777962439458e-04 2.711197491963748102e-04 5.985700053528204920e-04 5.601515860053843518e-04 0.000000000000000000e+00 -5.715533288428113062e-04 6.602128733554457705e-04 -4.328898155795844944e-04
3.162099329805877733e-04 -3.295427071066778951e-04 1.806063221330298169e-03 -8.287997837852146459e-04 -2.235131510264826062e-04 9.833947215887705717e-04 5.655091793027997764e-04 -7.884234434375631548e-04 -5.715533288428113062e-04 0.000000000000000000e+00 -2.365614782159540329e-05 -3.425822713888722386e-05
-7.978559522939938887e-05 -3.526019716645141695e-04 -5.344612109982033567e-04 2.495934257802204280e-04 -1.457315647209688175e-04 1.375124476294181967e-03 2.536483438469935023e-04 -5.982012093403974752e-04 6.602128733554457705e-04 -2.365614782159540329e-05 0.000000000000000000e+00 2.551247338458905952e-04
2.318005254227708536e-04 -2.971018579896369388e-04 3.956885904475094585e-04 1.881725507689415626e-04 -1.116566959995155922e-04 7.326978034391607233e-04 -5.380568185180221053e-04 4.368843089642413847e-05 -4.328898155795844944e-04 -3.425822713888722386e-05 2.551247338458905952e-04 0.000000000000000000e+00
