0.000000000000000000e+00 2.641753200852697153e-04 8.058018507196931281e-04 1.858213057899926876e-04 1.073891901858123956e-04 -4.542332984407813239e-04 -7.670136077332458720e-04 -1.348700592128701092e-03 -5.986960333950279694e-04 2.494000842122433975e-04 9.699204329073434199e-04 1.431104888352505481e-04
2.641753200852697153e-04 0.000000000000000000e+00 -3.575841998355107527e-05 -3.162747540949964768e-04 -4.558105027067483684e-04 1.521457989870990445e-03 -1.684075533159456626e-04 7.829216612171158309e-06 5.218332999816233933e-04 -1.087830344212233774e-04 5.292332841048489602e-04 4.532530205474473212e-05
8.058018507196931281e-04 -3.575841998355107527e-05 0.000000000000000000e+00 -5.766772658759956394e-04 5.674752835221061938e-04 -4.216578518829055579e-03 1.489995828260666684e-03 -1.932094905568058343e-03 -1.455234771109803526e-03 -3.009162796633026919e-04 1.216422563835962941e-05 -4.087410577171482354e-04
1.858213057899926876e-04 -3.162747540949964768e-04 -5.766772658759956394e-04 0.000000000000000000e+00 3.343029659821969543e-05 5.775915532515868162e-04 -1.512045049684232478e-04 -3.366368309688255625e-04 -2.472479622315186120e-04 -2.934297909144951370e-04 2.281727002110482791e-04 -1.752676755515314910e-04
1.073891901858123956e-04 -4.558105027067483684e-04 5.674752835221061938e-04 3.343029659821969543e-05 0.000000000000000000e+00 -1.091720385959969269e-04 -2.116969977028051520e-04 -2.968275554247695410e-04 7.556349418420784585e-05 4.970598990599022632e-04 4.178119091107008109e-04 1.355140149544033202e-04
-4.542332984407813239e-04 1.521457989870990445e-03 -4.216578518829055579e-03 5.775915532515868162e-04 -1.091720385959969269e-04 0.000000000000000000e+00 3.926970271796279173e-04 5.154850711336341276e-04 1.989072269473686136e-03 3.694654594276575529e-05 1.520673245479079502e-03 -1.375212125116141140e-04
-7.670136077332458720e-04 -1.684075533159456626e-04 1.489995828260666684e-03 -1.512045049684232478e-04 -2.116969977028051520e-04 3.926970271796279173e-04 0.000000000000000000e+00 1.357054145479115849e-03 -3.018223629227943946e-04 2.766913021777739302e-04 1.135697057295655815e-03 -7.039070180104872070e-05
-1.348700592128701092e-03 7.829216612171158309e-06 -1.932094905568058343e-03 -3.366368309688255625e-04 -2.968275554247695410e-04 5.154850711336341276e-04 1.357054145479115849e-03 0.000000000000000000e+00 6.682515654245920443e-04 5.268767370661479990e-05 5.624746955322077651e-04 1.051533018635256454e-04
-5.986960333950279694e-04 5.218332999816233933e-04 -1.455234771109803526e-03 -2.472479622315186120e-04 7.556349418420784585e-05 1.989072269473686136e-03 -3.018223629227943946e-04 6.682515654245920443e-04 0.000000000000000000e+00 5.474189522218796166e-04 -1.383188960230069325e-03 2.944272112289048559e-04
2.494000842122433975e-04 -1.087830344212233774e-04 -3.009162796633026919e-04 -2.934297909144951370e-04 4.970598990599022632e-04 3.694654594276575529e-05 2.766913021777739302e-04 5.268767370661479990e-05 5.474189522218796166e-04 0.000000000000000000e+00 -9.060030552375530899e-05 -2.730921940135277439e-04
9.699204329073434199e-04 5.292332841048489602e-04 1.216422563835962941e-05 2.281727002110482791e-04 4.178119091107008109e-04 1.520673245479079502e-03 1.135697057295655815e-03 5.624746955322077651e-04 -1.383188960230069325e-03 -9.060030552375530899e-05 0.000000000000000000e+00 1.139691212306602415e-04
1.431104888352505481e-04 4.532530205474473212e-05 -4.087410577171482354e-04 -1.752676755515314910e-04 1.355140149544033202e-04 -1.375212125116141140e-04 -7.039070180104872070e-05 1.051533018635256454e-04 2.944272112289048559e-04 -2.730921940135277439e-04 1.139691212306602415e-04 0.000000000000000000e+00
