0.000000000000000000e+00 -8.405187252934083995e-04 -2.017596029290371859e-04 1.270825122187807239e-04 3.167318173538253423e-05 2.749183697267135185e-04 -3.011227431867103278e-04 2.149376712278647998e-04 -7.573908410562268717e-04 -7.131383320518403304e-04 3.545253549863076675e-04 8.517244122227856566e-05
-8.405187252934083995e-04 0.000000000000000000e+00 -2.199698298721561307e-03 8.365482058430734086e-05 7.414173979302641994e-05 -9.233665480415628778e-04 2.092649068591324868e-04 1.042089521423222474e-03 6.468917781397874383e-04 -4.856771388067508211e-04 1.372664761939716618e-03 -4.099385020349400862e-04
-2.017596029290371859e-04 -2.199698298721561307e-03 0.000000000000000000e+00 3.819841307209188245e-04 -1.854840035858075151e-03 4.319351757487733807e-04 1.293689494134504575e-03 -1.692802696690611430e-03 -8.608059060705959076e-04 8.673906867649117591e-04 2.424240495813573606e-03 -9.072042242508389235e-04
1.270825122187807239e-04 8.365482058430734086e-05 3.819841307209188245e-04 0.000000000000000000e+00 6.105940791722328995e-04 -1.073607677535296824e-03 -6.597100698817829614e-04 -1.516361538303772250e-04 1.150367297129905003e-04 5.059634399847812549e-04 -1.722796294163587223e-04 2.434714220903836008e-04
3.167318173538253423e-05 7.414173979302641994e-05 -1.854840035858075151e-03 6.105940791722328995e-04 0.000000000000000000e+00 8.770434451387360778e-04 -7.176854074177075596e-04 -9.760959729183868981e-05 -7.018674252150734457e-04 9.217504856979028384e-05 -3.793015622766323920e-04 5.482504922781516777e-05
2.749183697267135185e-04 -9.233665480415628778e-04 4.319351757487733807e-04 -1.073607677535296824e-03 8.770434451387360778e-04 0.000000000000000000e+00 -2.862666139571165102e-04 -2.646372986788933686e-03 -1.052921009232317233e-03 -6.726235264926756427e-04 -2.672958294076402462e-04 4.281888907289563327e-04
-3.011227431867103278e-04 2.092649068591324868e-04 1.293689494134504575e-03 -6.597100698817829614e-04 -7.176854074177075596e-04 -2.862666139571165102e-04 0.000000000000000000e+00 1.010917182441291090e-03 -1.208256382575918428e-03 -3.793984581370119717e-04 -5.155844646250156826e-05 1.136222614763177612e-04
2.149376712278647998e-04 1.042089521423222474e-03 -1.692802696690611430e-03 -1.516361538303772250e-04 -9.760959729183868981e-05 -2.646372986788933686e-03 1.010917182441291090e-03 0.000000000000000000e+00 4.164458253417871979e-04 -9.937410351152870056e-04 -1.013343617019667508e-05 -5.681454223069883590e-04
-7.573908410562268717e-04 6.468917781397874383e-04 -8.608059060705959076e-04 1.150367297129905003e-04 -7.018674252150734457e-04 -1.052921009232317233e-03 -1.208256382575918428e-03 4.164458253417871979e-04 0.000000000000000000e+00 4.490260849938760256e-04 -8.885836460798067060e-04 4.776646786159192628e-05
-7.131383320518403304e-04 -4.856771388067508211e-04 8.673906867649117591e-04 5.059634399847812549e-04 9.217504856979028384e-05 -6.726235264926756427e-04 -3.793984581370119717e-04 -9.937410351152870056e-04 4.490260849938760256e-04 0.000000000000000000e+00 2.222794962227130436e-04 -2.010221346609869790e-04
3.545253549863076675e-04 1.372664761939716618e-03 2.424240495813573606e-03 -1.722796294163587223e-04 -3.793015622766323920e-04 -2.672958294076402462e-04 -5.155844646250156826e-05 -1.013343617019667508e-05 -8.885836460798067060e-04 2.222794962227130436e-04 0.000000000000000000e+00 7.231922403143581455e-05
8.517244122227856566e-05 -4.099385020349400862e-04 -9.072042242508389235e-04 2.434714220903836008e-04 5.482504922781516777e-05 4.281888907289563327e-04 1.136222614763177612e-04 -5.681454223069883590e-04 4.776646786159192628e-05 -2.010221346609869790e-04 7.231922403143581455e-05 0.000000000000000000e+00
