0.000000000000000000e+00 -1.031015450708017275e-03 -1.507336358163350503e-03 -4.279645000484421855e-04 -2.668580245722747962e-04 1.343332312637684600e-04 1.753864796389583835e-04 3.894727998407172863e-04 2.218952552673626429e-04 8.068881894854961585e-04 -9.998621825210192229e-06 3.822421836641249010e-04
-1.031015450708017275e-03 0.000000000000000000e+00 -9.548267531710224933e-04 -8.219131149430513838e-06 -6.247523437950851851e-05 2.296968502005103808e-04 -1.179573642288944419e-03 6.630564623140860776e-04 -7.567330362274926245e-05 5.886096190174831344e-04 1.246635259664275169e-03 -4.499450419375664728e-04
-1.507336358163350503e-03 -9.548267531710224933e-04 0.000000000000000000e+00 -1.350099252095494657e-03 4.670488572150503716e-04 3.849330136614482079e-03 -2.231207580900501121e-03 -4.569672493820110988e-04 3.771687349204049460e-05 -9.958423688531494507e-04 2.963696785129679625e-03 1.161981089753255501e-04
-4.279645000484421855e-04 -8.219131149430513838e-06 -1.350099252095494657e-03 0.000000000000000000e+00 1.130248701986807805e-04 8.241885049633609515e-04 3.267910066148170339e-04 -3.500985090483851717e-04 -1.132033499852338890e-04 9.551788110123094421e-05 -4.708447172535577016e-04 -3.214672585749476174e-04
-2.668580245722747962e-04 -6.247523437950851851e-05 4.670488572150503716e-04 1.130248701986807805e-04 0.000000000000000000e+00 -3.983320594629193912e-04 3.356787339290154965e-04 -2.685741836597719005e-04 3.856517514511824049e-04 1.197246504145803428e-04 5.780024690090977127e-04 1.444674404147065327e-04
1.343332312637684600e-04 2.296968502005103808e-04 3.849330136614482079e-03 8.241885049633609515e-04 -3.983320594629193912e-04 0.000000000000000000e+00 1.835852301002815785e-03 1.076610507361066389e-04 -8.268472567461905174e-04 9.834253135076536593e-04 2.118820807896730409e-03 5.591412600067653367e-04
1.753864796389583835e-04 -1.179573642288944419e-03 -2.231207580900501121e-03 3.267910066148170339e-04 3.356787339290154965e-04 1.835852301002815785e-03 0.000000000000000000e+00 -6.480455818804615456e-04 1.155101143431901296e-03 2.312845141450935009e-04 1.537022077109465327e-04 -2.306817056443836056e-04
3.894727998407172863e-04 6.630564623140860776e-04 -4.569672493820110988e-04 -3.500985090483851717e-04 -2.685741836597719005e-04 1.076610507361066389e-04 -6.480455818804615456e-04 0.000000000000000000e+00 9.194625971863625491e-04 -2.531098189562690703e-04 -6.059985765726440743e-04 -7.076097253001342366e-05
2.218952552673626429e-04 -7.567330362274926245e-05 3.771687349204049460e-05 -1.132033499852338890e-04 3.856517514511824049e-04 -8.268472567461905174e-04 1.155101143431901296e-03 9.194625971863625491e-04 0.000000000000000000e+00 6.443652723503935002e-05 -3.514416088940586799e-04 -2.312943463299675984e-05
8.068881894854961585e-04 5.886096190174831344e-04 -9.958423688531494507e-04 9.551788110123094421e-05 1.197246504145803428e-04 9.834253135076536593e-04 2.312845141450935009e-04 -2.531098189562690703e-04 6.443652723503935002e-05 0.000000000000000000e+00 5.689321692004199174e-04 2.436869192956188335e-04
-9.998621825210192229e-06 1.246635259664275169e-03 2.963696785129679625e-03 -4.708447172535577016e-04 5.780024690090977127e-04 2.118820807896730409e-03 1.537022077109465327e-04 -6.059985765726440743e-04 -3.514416088940586799e-04 5.689321692004199174e-04 0.000000000000000000e+00 3.749586066748408406e-04
3.822421836641249010e-04 -4.499450419375664728e-04 1.161981089753255501e-04 -3.214672585749476174e-04 1.444674404147065327e-04 5.591412600067653367e-04 -2.306817056443836056e-04 -7.076097253001342366e-05 -2.312943463299675984e-05 2.436869192956188335e-04 3.749586066748408406e-04 0.000000000000000000e+00
