0.000000000000000000e+00 -3.550273676833063286e-04 2.395437211751256872e-04 1.913582409355557741e-04 1.296301080261992773e-04 1.543600560283625654e-04 6.783792395375705492e-06 -3.517889386438336798e-04 -6.135382414517537254e-04 1.590507004804016055e-05 6.069055954252267331e-04 -9.793773439692367994e-04
-3.550273676833063286e-04 0.000000000000000000e+00 -2.309219644319299137e-04 1.413818829327790315e-03 5.973845172524223023e-05 -3.107858060157640064e-04 -1.527463753271797757e-03 -9.331330547689509290e-04 8.372067909974557204e-05 5.727480854246686263e-04 5.536628041606859703e-04 2.853196191096874987e-03
2.395437211751256872e-04 -2.309219644319299137e-04 0.000000000000000000e+00 1.305053797810422247e-05 -3.099181833790644932e-04 -3.281701786871910986e-04 1.646986613135260089e-04 -7.567416657701571143e-05 -1.787357177307577363e-04 2.660069123558272269e-04 -2.857056795218334178e-04 4.298448546645701539e-04
1.913582409355557741e-04 1.413818829327790315e-03 1.305053797810422247e-05 0.000000000000000000e+00 -1.846141372191413956e-04 5.596908535122739354e-04 1.585606188217491327e-04 -2.546769329858096821e-05 -1.504695315326532855e-04 1.598124470354112187e-04 -1.318345264650682007e-05 8.052998425592036561e-05
1.296301080261992773e-04 5.973845172524223023e-05 -3.099181833790644932e-04 -1.846141372191413956e-04 0.000000000000000000e+00 1.856113579143787128e-04 -2.868168014539931908e-04 7.353873152309798808e-04 -4.726898317860121789e-04 5.836941150892395154e-04 5.527862830796582413e-05 1.286222284224986271e-03
1.543600560283625654e-04 -3.107858060157640064e-04 -3.281701786871910986e-04 5.596908535122739354e-04 1.856113579143787128e-04 0.000000000000000000e+00 2.278526722888506769e-03 -9.531912698490626256e-04 4.986005621794316724e-04 -2.533934121077002647e-04 -7.012280868516034124e-04 1.964052630162737515e-03
6.783792395375705492e-06 -1.527463753271797757e-03 1.646986613135260089e-04 1.585606188217491327e-04 -2.868168014539931908e-04 2.278526722888506769e-03 0.000000000000000000e+00 -1.262026276403918059e-03 7.410095633455903840e-04 1.706217664329210239e-03 -8.666834773801434817e-04 -3.048957475768268241e-03
-3.517889386438336798e-04 -9.331330547689509290e-04 -7.567416657701571143e-05 -2.546769329858096821e-05 7.353873152309798808e-04 -9.531912698490626256e-04 -1.262026276403918059e-03 0.000000000000000000e+00 -8.421185199132946708e-05 4.293222015656168928e-04 1.004494576190040648e-03 2.923234522045273145e-03
-6.135382414517537254e-04 8.372067909974557204e-05 -1.787357177307577363e-04 -1.504695315326532855e-04 -4.726898317860121789e-04 4.986005621794316724e-04 7.410095633455903840e-04 -8.421185199132946708e-05 0.000000000000000000e+00 9.499340595734432268e-05 -1.413549767592615013e-04 -7.270042671613249170e-04
1.590507004804016055e-05 5.727480854246686263e-04 2.660069123558272269e-04 1.598124470354112187e-04 5.836941150892395154e-04 -2.533934121077002647e-04 1.706217664329210239e-03 4.293222015656168928e-04 9.499340595734432268e-05 0.000000000000000000e+00 -1.263112673953538151e-04 7.069338135228605971e-04
6.069055954252267331e-04 5.536628041606859703e-04 -2.857056795218334178e-04 -1.318345264650682007e-05 5.527862830796582413e-05 -7.012280868516034124e-04 -8.666834773801434817e-04 1.004494576190040648e-03 -1.413549767592615013e-04 -1.263112673953538151e-04 0.000000000000000000e+00 2.318244463182692408e-03
-9.793773439692367994e-04 2.853196191096874987e-03 4.298448546645701539e-04 8.052998425592036561e-05 1.286222284224986271e-03 1.964052630162737515e-03 -3.048957475768268241e-03 2.923234522045273145e-03 -7.270042671613249170e-04 7.069338135228605971e-04 2.318244463182692408e-03 0.000000000000000000e+00
