0.000000000000000000e+00 9.808142718091535182e-04 -5.677159104200849103e-04 3.024901978813992944e-04 -6.734784390368851129e-05 -2.930925309568946130e-04 1.533827048829945272e-03 9.359279249979201914e-04 -1.140765958751962687e-04 -6.159659669273170792e-04 1.071777227597890507e-04 -2.439931092246591660e-03
9.808142718091535182e-04 0.000000000000000000e+00 -5.073404358845330078e-04 1.337388407763864561e-05 -6.308497312503043991e-04 2.340975304275044690e-04 2.218574358849332694e-03 -2.881800581551805635e-04 -5.850304833910306007e-04 4.976769603219404143e-04 8.501907092698118449e-04 2.363762632805192082e-03
-5.677159104200849103e-04 -5.073404358845330078e-04 0.000000000000000000e+00 7.938738613099596950e-05 -5.398983683135864397e-07 4.561684380427923741e-04 1.627177858624492737e-03 9.619217462902752318e-05 -2.996769288785172030e-04 2.529954679426542970e-04 -1.002525032614573139e-03 -1.328453574089464120e-04
3.024901978813992944e-04 1.337388407763864561e-05 7.938738613099596950e-05 0.000000000000000000e+00 3.993563439623182526e-05 -2.082574453242759852e-04 -6.269473445820151428e-04 -1.136139227966191998e-04 -6.180100375587893072e-06 1.366657247240527222e-04 -2.127637585352232220e-04 3.956749205853673428e-05
-6.734784390368851129e-05 -6.308497312503043991e-04 -5.398983683135864397e-07 3.993563439623182526e-05 0.000000000000000000e+00 -5.033184374762177896e-04 -4.694082627913536625e-04 -8.821614236604068994e-04 -4.509704545569990564e-04 1.974436461089021659e-04 3.196762437995639451e-04 -2.137129389534008547e-03
-2.930925309568946130e-04 2.340975304275044690e-04 4.561684380427923741e-04 -2.082574453242759852e-04 -5.033184374762177896e-04 0.000000000000000000e+00 1.142385390789535816e-03 1.496443034397697768e-04 6.065665345598373736e-05 2.814829809420655313e-04 4.569565957298054996e-04 -4.298019342658719144e-04
1.533827048829945272e-03 2.218574358849332694e-03 1.627177858624492737e-03 -6.269473445820151428e-04 -4.694082627913536625e-04 1.142385390789535816e-03 0.000000000000000000e+00 -6.892842714480885849e-04 -2.894913825003644545e-04 6.490552204879612751e-04 2.600122460345631148e-04 -2.953878436801381149e-03
9.359279249979201914e-04 -2.881800581551805635e-04 9.619217462902752318e-05 -1.136139227966191998e-04 -8.821614236604068994e-04 1.496443034397697768e-04 -6.892842714480885849e-04 0.000000000000000000e+00 4.929741030009590803e-04 8.082858944904560469e-04 -8.453474397765452404e-04 -1.201018920700694598e-03
-1.140765958751962687e-04 -5.850304833910306007e-04 -2.996769288785172030e-04 -6.180100375587893072e-06 -4.509704545569990564e-04 6.065665345598373736e-05 -2.894913825003644545e-04 4.929741030009590803e-04 0.000000000000000000e+00 4.007375315238646037e-04 2.615686518752821611e-04 -1.016588956173613938e-03
-6.159659669273170792e-04 4.976769603219404143e-04 2.529954679426542970e-04 1.366657247240527222e-04 1.974436461089021659e-04 2.814829809420655313e-04 6.490552204879612751e-04 8.082858944904560469e-04 4.007375315238646037e-04 0.000000000000000000e+00 4.259536243350795859e-04 -1.290195050220731710e-04
1.071777227597890507e-04 8.501907092698118449e-04 -1.002525032614573139e-03 -2.127637585352232220e-04 3.196762437995639451e-04 4.569565957298054996e-04 2.600122460345631148e-04 -8.453474397765452404e-04 2.615686518752821611e-04 4.259536243350795859e-04 0.000000000000000000e+00 -5.723120040758116877e-04
-2.439931092246591660e-03 2.363762632805192082e-03 -1.328453574089464120e-04 3.956749205853673428e-05 -2.137129389534008547e-03 -4.298019342658719144e-04 -2.953878436801381149e-03 -1.201018920700694598e-03 -1.016588956173613938e-03 -1.290195050220731710e-04 -5.723120040758116877e-04 0.000000000000000000e+00
