0.000000000000000000e+00 9.694455786198875576e-04 -4.425835526674673200e-04 2.233647717042711077e-04 -4.180006726624696392e-04 -2.341578520512594373e-04 -2.947288588061709410e-04 3.886966917346619077e-04 7.753786734331255504e-05 -1.698700180653614744e-05 -1.680861783364613648e-04 1.430358934949768060e-04
9.694455786198875576e-04 0.000000000000000000e+00 3.139957730311162968e-04 -1.653750307504157175e-04 8.182914891140804711e-04 7.485540017001090368e-04 1.253358883629205819e-03 -1.132368697797930465e-03 -5.064675710242958016e-04 3.114106293103985259e-04 5.939770756404377967e-04 1.204936162779591657e-03
-4.425835526674673200e-04 3.139957730311162968e-04 0.000000000000000000e+00 3.347593591590406273e-04 -2.212849848395638812e-04 -7.152954469073680881e-05 -4.931574539832647534e-04 5.600505587172788832e-06 -2.126348905905625164e-04 -1.600157354108074515e-04 -5.586493357232117334e-05 1.783458803145472789e-03
2.233647717042711077e-04 -1.653750307504157175e-04 3.347593591590406273e-04 0.000000000000000000e+00 4.693578523483929823e-04 6.087780330964622617e-05 1.243147592020763144e-03 2.492459326041243954e-04 -2.575519277415498306e-04 1.801898583952779191e-05 -1.038715393469442444e-04 -1.671018329941323637e-03
-4.180006726624696392e-04 8.182914891140804711e-04 -2.212849848395638812e-04 4.693578523483929823e-04 0.000000000000000000e+00 6.104718643510225222e-04 -1.581848225109583599e-03 -4.536793015357882186e-04 1.994236365660365952e-04 1.452835842863692446e-04 -1.269827911954040994e-04 -2.038982333348050553e-04
-2.341578520512594373e-04 7.485540017001090368e-04 -7.152954469073680881e-05 6.087780330964622617e-05 6.104718643510225222e-04 0.000000000000000000e+00 -7.283474898085823225e-04 6.467799739088653330e-04 6.062579661730047536e-05 5.377260403892105117e-04 -2.392812771028028770e-04 3.484380043612056785e-05
-2.947288588061709410e-04 1.253358883629205819e-03 -4.931574539832647534e-04 1.243147592020763144e-03 -1.581848225109583599e-03 -7.283474898085823225e-04 0.000000000000000000e+00 3.167726060250643065e-03 -2.412901420656900925e-04 1.580452783312235969e-04 -2.022307302702992110e-03 1.651837361692630457e-03
3.886966917346619077e-04 -1.132368697797930465e-03 5.600505587172788832e-06 2.492459326041243954e-04 -4.536793015357882186e-04 6.467799739088653330e-04 3.167726060250643065e-03 0.000000000000000000e+00 2.463139722439660652e-04 -8.418694124069670557e-04 1.690881198219994436e-03 1.210627910924152659e-03
7.753786734331255504e-05 -5.064675710242958016e-04 -2.126348905905625164e-04 -2.575519277415498306e-04 1.994236365660365952e-04 6.062579661730047536e-05 -2.412901420656900925e-04 2.463139722439660652e-04 0.000000000000000000e+00 -2.499522457285637531e-04 1.745599726571153050e-05 1.356614880532195462e-03
-1.698700180653614744e-05 3.114106293103985259e-04 -1.600157354108074515e-04 1.801898583952779191e-05 1.452835842863692446e-04 5.377260403892105117e-04 1.580452783312235969e-04 -8.418694124069670557e-04 -2.499522457285637531e-04 0.000000000000000000e+00 5.236152955995503918e-05 2.290581838131421771e-03
-1.680861783364613648e-04 5.939770756404377967e-04 -5.586493357232117334e-05 -1.038715393469442444e-04 -1.269827911954040994e-04 -2.392812771028028770e-04 -2.022307302702992110e-03 1.690881198219994436e-03 1.745599726571153050e-05 5.236152955995503918e-05 0.000000000000000000e+00 -7.930012924152263568e-04
1.430358934949768060e-04 1.204936162779591657e-03 1.783458803145472789e-03 -1.671018329941323637e-03 -2.038982333348050553e-04 3.484380043612056785e-05 1.651837361692630457e-03 1.210627910924152659e-03 1.356614880532195462e-03 2.290581838131421771e-03 -7.930012924152263568e-04 0.000000000000000000e+00
