0.000000000000000000e+00 -7.196258346717106496e-04 4.676130793136022050e-04 3.547552746248154565e-04 7.065557549590569810e-05 -7.170134630178691230e-05 -7.448337087495913262e-04 -5.213010826260107986e-04 -4.651677048008820989e-04 -1.922256318104556213e-04 -4.429588290128974159e-04 -1.653133427936782137e-03
-7.196258346717106496e-04 0.000000000000000000e+00 -6.676302145433799179e-04 -2.141084134077118895e-04 -2.399844450477579491e-04 -1.427647296066888874e-03 5.917760776725082029e-04 1.213150633384044294e-03 -2.591364317111656567e-04 -1.801665650738667633e-04 -1.446987488209527332e-03 6.083401252015980783e-04
4.676130793136022050e-04 -6.676302145433799179e-04 0.000000000000000000e+00 6.684528808142750221e-05 3.593734821049811702e-04 -4.432689921145193616e-04 -2.149165471752304457e-04 5.706400194810541107e-04 -7.392277994555842950e-05 -2.456694806188321222e-04 4.245181156590632494e-04 2.883828622309077706e-04
3.547552746248154565e-04 -2.141084134077118895e-04 6.684528808142750221e-05 0.000000000000000000e+00 2.020213312584769028e-04 1.505435205236665128e-04 4.416839144072535355e-04 4.828691810755214131e-04 3.068022291290660431e-04 -1.084808774455632883e-04 5.027187776345149616e-05 6.883678872104697548e-04
7.065557549590569810e-05 -2.399844450477579491e-04 3.593734821049811702e-04 2.020213312584769028e-04 0.000000000000000000e+00 2.895250902067580284e-04 -1.163756906633328907e-03 -8.664900594564808965e-04 2.419386479295027211e-04 1.867342469854902244e-04 -7.501244422370654521e-05 1.367937230202599663e-03
-7.170134630178691230e-05 -1.427647296066888874e-03 -4.432689921145193616e-04 1.505435205236665128e-04 2.895250902067580284e-04 0.000000000000000000e+00 1.603004111661084780e-04 1.271000765255497419e-03 1.649396116120588915e-04 6.253122011980852572e-04 1.213616558624500217e-03 -1.534406492751636247e-03
-7.448337087495913262e-04 5.917760776725082029e-04 -2.149165471752304457e-04 4.416839144072535355e-04 -1.163756906633328907e-03 1.603004111661084780e-04 0.000000000000000000e+00 -2.803844244371784958e-04 5.158354507150660420e-04 -1.003855910632207990e-03 1.659749824790714753e-03 -8.882946572865945941e-04
-5.213010826260107986e-04 1.213150633384044294e-03 5.706400194810541107e-04 4.828691810755214131e-04 -8.664900594564808965e-04 1.271000765255497419e-03 -2.803844244371784958e-04 0.000000000000000000e+00 8.295201864136543014e-05 -3.666447145037632382e-04 5.360146122368044611e-04 -2.063198713491753229e-04
-4.651677048008820989e-04 -2.591364317111656567e-04 -7.392277994555842950e-05 3.068022291290660431e-04 2.419386479295027211e-04 1.649396116120588915e-04 5.158354507150660420e-04 8.295201864136543014e-05 0.000000000000000000e+00 3.077982082091390266e-04 7.066314803278059763e-05 2.724697611062758463e-05
-1.922256318104556213e-04 -1.801665650738667633e-04 -2.456694806188321222e-04 -1.084808774455632883e-04 1.867342469854902244e-04 6.253122011980852572e-04 -1.003855910632207990e-03 -3.666447145037632382e-04 3.077982082091390266e-04 0.000000000000000000e+00 -7.075158024174620433e-04 -1.610396117789536421e-03
-4.429588290128974159e-04 -1.446987488209527332e-03 4.245181156590632494e-04 5.027187776345149616e-05 -7.501244422370654521e-05 1.213616558624500217e-03 1.659749824790714753e-03 5.360146122368044611e-04 7.066314803278059763e-05 -7.075158024174620433e-04 0.000000000000000000e+00 -1.816447037934852855e-03
-1.653133427936782137e-03 6.083401252015980783e-04 2.883828622309077706e-04 6.883678872104697548e-04 1.367937230202599663e-03 -1.534406492751636247e-03 -8.882946572865945941e-04 -2.063198713491753229e-04 2.724697611062758463e-05 -1.610396117789536421e-03 -1.816447037934852855e-03 0.000000000000000000e+00
