0.000000000000000000e+00 -2.317187953360053674e-04 -3.372681015553768979e-04 -4.293233904184197165e-04 -8.131214460945174281e-05 2.277987022217945509e-04 -9.780657807541962880e-04 4.754434872862006831e-04 -4.585845228812464379e-05 -5.078833035668773536e-04 6.155040537887036963e-05 -1.790964086873705473e-04
-2.317187953360053674e-04 0.000000000000000000e+00 -5.547550306177893202e-04 6.015928150965629134e-04 6.159375468212232793e-04 2.416200688911547784e-04 1.169794424455855922e-03 5.550834773663924863e-06 3.199573385719609942e-04 -2.820238834558618044e-04 -5.136898198114450828e-04 -9.821452469513498006e-04
-3.372681015553768979e-04 -5.547550306177893202e-04 0.000000000000000000e+00 -4.002696786949976352e-04 -4.653670711844149757e-04 3.509537089586252986e-04 -4.073352388451295897e-04 -7.299198806546879428e-04 3.744056189699635721e-04 -2.776796434562463903e-05 -3.043277916474304589e-04 1.673624977268111345e-03
-4.293233904184197165e-04 6.015928150965629134e-04 -4.002696786949976352e-04 0.000000000000000000e+00 -4.192819818533082108e-04 4.304191894626674245e-04 4.724015486546244511e-04 6.850307478608461055e-05 -5.208569019272185001e-05 -1.091780147563938512e-04 3.999812389362342874e-04 9.647400776410459998e-04
-8.131214460945174281e-05 6.159375468212232793e-04 -4.653670711844149757e-04 -4.192819818533082108e-04 0.000000000000000000e+00 -2.391326373304623041e-04 -7.028816130669296143e-04 4.854649449390902038e-04 3.654205911466819334e-04 6.573959811992383584e-04 6.650914736916078897e-04 7.045970473891455081e-04
2.277987022217945509e-04 2.416200688911547784e-04 3.509537089586252986e-04 4.304191894626674245e-04 -2.391326373304623041e-04 0.000000000000000000e+00 1.108866570949514681e-03 8.059530648823173870e-04 2.324798065636884048e-04 -8.938112274247733474e-04 1.111508675660261177e-04 4.960527140409764927e-04
-9.780657807541962880e-04 1.169794424455855922e-03 -4.073352388451295897e-04 4.724015486546244511e-04 -7.028816130669296143e-04 1.108866570949514681e-03 0.000000000000000000e+00 -1.360968951191876726e-03 8.091119081860711050e-04 5.972823162003369421e-04 1.789195307924174591e-03 -3.919583026412323638e-03
4.754434872862006831e-04 5.550834773663924863e-06 -7.299198806546879428e-04 6.850307478608461055e-05 4.854649449390902038e-04 8.059530648823173870e-04 -1.360968951191876726e-03 0.000000000000000000e+00 7.132754734908081703e-04 3.942916423714961478e-05 7.927045337001411337e-04 -1.214771243539210406e-03
-4.585845228812464379e-05 3.199573385719609942e-04 3.744056189699635721e-04 -5.208569019272185001e-05 3.654205911466819334e-04 2.324798065636884048e-04 8.091119081860711050e-04 7.132754734908081703e-04 0.000000000000000000e+00 -4.801035314037036005e-04 -2.422551347358092920e-04 -8.801051524919226848e-04
-5.078833035668773536e-04 -2.820238834558618044e-04 -2.776796434562463903e-05 -1.091780147563938512e-04 6.573959811992383584e-04 -8.938112274247733474e-04 5.972823162003369421e-04 3.942916423714961478e-05 -4.801035314037036005e-04 0.000000000000000000e+00 7.442688789029414977e-04 -8.614960722070044339e-05
6.155040537887036963e-05 -5.136898198114450828e-04 -3.043277916474304589e-04 3.999812389362342874e-04 6.650914736916078897e-04 1.111508675660261177e-04 1.789195307924174591e-03 7.927045337001411337e-04 -2.422551347358092920e-04 7.442688789029414977e-04 0.000000000000000000e+00 -1.363826170345023518e-03
-1.790964086873705473e-04 -9.821452469513498006e-04 1.673624977268111345e-03 9.647400776410459998e-04 7.045970473891455081e-04 4.960527140409764927e-04 -3.919583026412323638e-03 -1.214771243539210406e-03 -8.801051524919226848e-04 -8.614960722070044339e-05 -1.363826170345023518e-03 0.000000000000000000e+00
