0.000000000000000000e+00 6.968789145831268475e-04 -3.093857751623410200e-04 -9.610937335664103019e-04 -7.029739198511905174e-04 -1.769555590424637045e-04 -3.807799765505009266e-04 -1.201686379469456956e-04 -3.140336672854291355e-04 4.376834438422963209e-04 -1.826359422448232484e-03 4.285042972606776233e-04
6.968789145831268475e-04 0.000000000000000000e+00 -1.659848364356797130e-04 1.776737719512706815e-03 -1.153544141232455038e-03 2.569030175737112070e-04 6.523293698638189288e-04 -1.406029044776986635e-04 -3.643612335807785833e-04 -7.097447753864224952e-04 1.210871001059190795e-03 -3.528749140181552534e-04
-3.093857751623410200e-04 -1.659848364356797130e-04 0.000000000000000000e+00 1.240635644089501484e-03 4.276050105180991510e-04 4.652988341508569516e-04 -6.857646251341065376e-04 2.188958482890247215e-05 -1.771620902346345927e-04 -8.056391884547978578e-05 -1.222030100960482413e-03 -7.152749538939896312e-04
-9.610937335664103019e-04 1.776737719512706815e-03 1.240635644089501484e-03 0.000000000000000000e+00 -7.907105839608833623e-04 2.003361171542795375e-04 1.741984475311326996e-03 1.467552634249288295e-03 4.160645902821238592e-04 -6.660248275464370621e-04 -1.743686652381211703e-03 -1.590215092145977338e-03
-7.029739198511905174e-04 -1.153544141232455038e-03 4.276050105180991510e-04 -7.907105839608833623e-04 0.000000000000000000e+00 2.901532557664903149e-04 1.091141204927875133e-03 -5.452100694388443969e-04 5.571489728477470619e-04 7.457888022606293981e-04 -3.671594036950894414e-04 5.946617317310770069e-04
-1.769555590424637045e-04 2.569030175737112070e-04 4.652988341508569516e-04 2.003361171542795375e-04 2.901532557664903149e-04 0.000000000000000000e+00 -2.780160344341773681e-04 2.940522198594471251e-05 -4.056408953714234602e-04 1.722272040827930398e-04 3.584469970054411539e-04 -1.540868839443105447e-04
-3.807799765505009266e-04 6.523293698638189288e-04 -6.857646251341065376e-04 1.741984475311326996e-03 1.091141204927875133e-03 -2.780160344341773681e-04 0.000000000000000000e+00 7.726863866388102367e-05 2.993066880322627725e-05 3.512366505929826951e-04 3.864321815446609531e-04 -3.664097675413409855e-05
-1.201686379469456956e-04 -1.406029044776986635e-04 2.188958482890247215e-05 1.467552634249288295e-03 -5.452100694388443969e-04 2.940522198594471251e-05 7.726863866388102367e-05 0.000000000000000000e+00 -5.009504894413856473e-04 9.943904484141380677e-05 -1.395343866531222271e-03 8.058288663598319346e-04
-3.140336672854291355e-04 -3.643612335807785833e-04 -1.771620902346345927e-04 4.160645902821238592e-04 5.571489728477470619e-04 -4.056408953714234602e-04 2.993066880322627725e-05 -5.009504894413856473e-04 0.000000000000000000e+00 -8.156945662535775021e-04 -9.448459050534605995e-04 -1.612026879966992900e-04
4.376834438422963209e-04 -7.097447753864224952e-04 -8.056391884547978578e-05 -6.660248275464370621e-04 7.457888022606293981e-04 1.722272040827930398e-04 3.512366505929826951e-04 9.943904484141380677e-05 -8.156945662535775021e-04 0.000000000000000000e+00 -9.352621492936727659e-04 -4.939210369368660309e-04
-1.826359422448232484e-03 1.210871001059190795e-03 -1.222030100960482413e-03 -1.743686652381211703e-03 -3.671594036950894414e-04 3.584469970054411539e-04 3.864321815446609531e-04 -1.395343866531222271e-03 -9.448459050534605995e-04 -9.352621492936727659e-04 0.000000000000000000e+00 -1.516482537076055057e-03
4.285042972606776233e-04 -3.528749140181552534e-04 -7.152749538939896312e-04 -1.590215092145977338e-03 5.946617317310770069e-04 -1.540868839443105447e-04 -3.664097675413409855e-05 8.058288663598319346e-04 -1.612026879966992900e-04 -4.939210369368660309e-04 -1.516482537076055057e-03 0.000000000000000000e+00
