0.000000000000000000e+00 4.819694885955832695e-04 1.249924017373727641e-04 8.454769048824391144e-04 -4.340632815623313466e-05 1.333470372357932747e-04 -3.419787240915244238e-06 -5.406470749009571839e-04 1.413730072275227556e-04 1.033225018895110955e-04 -5.000812974367393939e-04 2.133047661183855428e-06
4.819694885955832695e-04 0.000000000000000000e+00 9.216520882820201672e-04 -1.714058455943748976e-03 6.352394673025224233e-04 2.958259443639216376e-04 1.766785128977873024e-04 -2.195632535921755366e-04 -1.578669320243981499e-03 -7.677929182414984597e-04 -3.598206196831341326e-04 -3.862695062767763183e-04
1.249924017373727641e-04 9.216520882820201672e-04 0.000000000000000000e+00 8.743914456909629472e-04 -1.179764774739909842e-03 2.231747728296471216e-04 1.058915744146004861e-04 2.649245209662545920e-05 2.357963135848234492e-04 3.315007225630498466e-04 5.824672815265233717e-04 -3.718782128063785500e-04
8.454769048824391144e-04 -1.714058455943748976e-03 8.743914456909629472e-04 0.000000000000000000e+00 -2.897614502530663230e-05 5.012188869659372180e-04 9.070245877655596202e-04 -1.937298183512116368e-03 4.991313179328888804e-04 -2.366762162527663539e-04 -5.482812465288581204e-03 4.525051324357966416e-05
-4.340632815623313466e-05 6.352394673025224233e-04 -1.179764774739909842e-03 -2.897614502530663230e-05 0.000000000000000000e+00 9.209857718929429339e-04 -2.942620572951390540e-05 1.020694334342706240e-03 -6.608566907537321840e-05 8.002055522938919486e-04 -7.533193682474705099e-04 -5.810787917752499197e-04
1.333470372357932747e-04 2.958259443639216376e-04 2.231747728296471216e-04 5.012188869659372180e-04 9.209857718929429339e-04 0.000000000000000000e+00 -2.093330074142684685e-04 -1.262371518576342091e-05 1.068402164769636880e-04 -4.722438944042397016e-04 -2.730406829411830450e-04 6.154836777037884214e-06
-3.419787240915244238e-06 1.766785128977873024e-04 1.058915744146004861e-04 9.070245877655596202e-04 -2.942620572951390540e-05 -2.093330074142684685e-04 0.000000000000000000e+00 5.040549842109095851e-04 -8.122223808547079837e-06 -4.958967894958888814e-05 -7.557430881442104816e-04 -6.071392984749396718e-04
-5.406470749009571839e-04 -2.195632535921755366e-04 2.649245209662545920e-05 -1.937298183512116368e-03 1.020694334342706240e-03 -1.262371518576342091e-05 5.040549842109095851e-04 0.000000000000000000e+00 -2.862388573320588810e-04 8.592443158755785979e-05 -6.358215609658199752e-04 3.568456962779684985e-04
1.413730072275227556e-04 -1.578669320243981499e-03 2.357963135848234492e-04 4.991313179328888804e-04 -6.608566907537321840e-05 1.068402164769636880e-04 -8.122223808547079837e-06 -2.862388573320588810e-04 0.000000000000000000e+00 5.577192570627266869e-05 -1.053108469073262736e-03 8.065603773029819375e-04
1.033225018895110955e-04 -7.677929182414984597e-04 3.315007225630498466e-04 -2.366762162527663539e-04 8.002055522938919486e-04 -4.722438944042397016e-04 -4.958967894958888814e-05 8.592443158755785979e-05 5.577192570627266869e-05 0.000000000000000000e+00 -2.671815238458935993e-04 -1.608737414096879321e-05
-5.000812974367393939e-04 -3.598206196831341326e-04 5.824672815265233717e-04 -5.482812465288581204e-03 -7.533193682474705099e-04 -2.730406829411830450e-04 -7.557430881442104816e-04 -6.358215609658199752e-04 -1.053108469073262736e-03 -2.671815238458935993e-04 0.000000000000000000e+00 -2.054700917621519150e-03
2.133047661183855428e-06 -3.862695062767763183e-04 -3.718782128063785500e-04 4.525051324357966416e-05 -5.810787917752499197e-04 6.154836777037884214e-06 -6.071392984749396718e-04 3.568456962779684985e-04 8.065603773029819375e-04 -1.608737414096879321e-05 -2.054700917621519150e-03 0.000000000000000000e+00
