0.000000000000000000e+00 -1.242198559173863789e-05 -1.354747695542024642e-04 -1.249242198769650225e-04 3.764263096028501020e-04 1.995910740306626430e-04 -3.976913958205268384e-04 -3.573429241468167655e-04 -4.440280840404478845e-05 1.275485444389106476e-05 2.656205254949117940e-04 1.635582161179928949e-04
-1.242198559173863789e-05 0.000000000000000000e+00 -7.700586881531350670e-04 -2.720365417207429824e-03 1.345826262472230419e-03 -3.073813647125642434e-05 8.868732139928297946e-04 2.233539017156999863e-05 -1.528201975233601530e-04 3.182286887768820904e-04 2.359478341043157613e-03 -3.282611656565036446e-04
-1.354747695542024642e-04 -7.700586881531350670e-04 0.000000000000000000e+00 9.533931246955537663e-04 8.883175006755945294e-04 1.962438561040011104e-04 3.511679552874102050e-04 -2.510718169189989817e-04 -5.228179423138663466e-05 2.990620680829879818e-04 3.548714211441669417e-04 -1.793245672342904014e-04
-1.249242198769650225e-04 -2.720365417207429824e-03 9.533931246955537663e-04 0.000000000000000000e+00 -2.756032734234456927e-03 8.035110089442896704e-04 1.011841236740514214e-03 9.160845252579354059e-04 1.170358848721240672e-03 -2.185517694540652089e-03 1.921569620123841091e-03 5.415091255548152649e-05
3.764263096028501020e-04 1.345826262472230419e-03 8.883175006755945294e-04 -2.756032734234456927e-03 0.000000000000000000e+00 2.368455747143786939e-04 -9.433557527971194508e-04 4.311776025898850901e-05 2.395091282255119684e-04 -6.407640284858355907e-04 3.090847810602856838e-03 3.338765498446663658e-04
1.995910740306626430e-04 -3.073813647125642434e-05 1.962438561040011104e-04 8.035110089442896704e-04 2.368455747143786939e-04 0.000000000000000000e+00 3.161930280471135003e-04 -1.597751278217775705e-04 -2.887451892393210731e-04 -2.488553430671561466e-04 -1.918379133916018958e-04 2.884376058148283191e-04
-3.976913958205268384e-04 8.868732139928297946e-04 3.511679552874102050e-04 1.011841236740514214e-03 -9.433557527971194508e-04 3.161930280471135003e-04 0.000000000000000000e+00 -1.340153627560524612e-04 -4.607402413319512322e-04 7.141830561955481767e-04 -6.968474686391899590e-04 3.359987720486670259e-04
-3.573429241468167655e-04 2.233539017156999863e-05 -2.510718169189989817e-04 9.160845252579354059e-04 4.311776025898850901e-05 -1.597751278217775705e-04 -1.340153627560524612e-04 0.000000000000000000e+00 6.427353764410210330e-05 3.645938194793309889e-04 8.401708562656892134e-04 2.510033916809811826e-04
-4.440280840404478845e-05 -1.528201975233601530e-04 -5.228179423138663466e-05 1.170358848721240672e-03 2.395091282255119684e-04 -2.887451892393210731e-04 -4.607402413319512322e-04 6.427353764410210330e-05 0.000000000000000000e+00 3.083407900911373637e-04 1.357543148987827835e-03 -9.631947703777971525e-04
1.275485444389106476e-05 3.182286887768820904e-04 2.990620680829879818e-04 -2.185517694540652089e-03 -6.407640284858355907e-04 -2.488553430671561466e-04 7.141830561955481767e-04 3.645938194793309889e-04 3.083407900911373637e-04 0.000000000000000000e+00 -2.801330999170540889e-03 3.388913981964155296e-04
2.656205254949117940e-04 2.359478341043157613e-03 3.548714211441669417e-04 1.921569620123841091e-03 3.090847810602856838e-03 -1.918379133916018958e-04 -6.968474686391899590e-04 8.401708562656892134e-04 1.357543148987827835e-03 -2.801330999170540889e-03 0.000000000000000000e+00 4.222781604781232468e-04
1.635582161179928949e-04 -3.282611656565036446e-04 -1.793245672342904014e-04 5.415091255548152649e-05 3.338765498446663658e-04 2.884376058148283191e-04 3.359987720486670259e-04 2.510033916809811826e-04 -9.631947703777971525e-04 3.388913981964155296e-04 4.222781604781232468e-04 0.000000000000000000e+00
