0.000000000000000000e+00 -5.153096039166278966e-04 -1.127028115234708587e-05 1.225834236864006762e-05 -1.063268712097862473e-03 7.497275223648887030e-04 -2.298980590297996845e-04 1.940140770446709606e-03 -9.161543797375161415e-04 -7.143992245915730972e-04 -1.510916694107362955e-04 -6.596040755408376323e-04
-5.153096039166278966e-04 0.000000000000000000e+00 -1.405951466424526345e-04 -1.120407839961108610e-04 -4.986072224181639428e-04 2.327272489824248295e-04 -3.704920920690196609e-04 2.471009550541573298e-04 -4.369782437306445294e-04 4.885130192388302452e-04 -1.904857084374500097e-04 -9.493103316244693975e-05
-1.127028115234708587e-05 -1.405951466424526345e-04 0.000000000000000000e+00 -4.349699573050592820e-04 -8.118447787912192728e-04 -1.950503973616126601e-04 5.701851172343397117e-04 3.785907370029904752e-04 7.002750804259024148e-05 1.300059256566611708e-04 1.581336025969813186e-04 -6.703920718828296731e-04
1.225834236864006762e-05 -1.120407839961108610e-04 -4.349699573050592820e-04 0.000000000000000000e+00 -7.723184107533096485e-04 7.158498222414293047e-04 -1.186892741511302792e-04 -4.271811225374614078e-04 -1.950344708665090925e-03 -7.179953599030512897e-04 -4.840525352019213077e-04 2.923601703344649297e-04
-1.063268712097862473e-03 -4.986072224181639428e-04 -8.118447787912192728e-04 -7.723184107533096485e-04 0.000000000000000000e+00 2.413298567229653357e-03 -2.376617117452188197e-04 -9.323484012795652930e-04 1.021238483685047712e-04 1.652366009742321047e-03 7.032052205195539387e-04 6.668801307561800923e-04
7.497275223648887030e-04 2.327272489824248295e-04 -1.950503973616126601e-04 7.158498222414293047e-04 2.413298567229653357e-03 0.000000000000000000e+00 5.504009279848170707e-04 1.065359025526387959e-03 -1.104161714422215385e-03 6.983712804368317822e-04 -6.393867906182737915e-04 3.567849395004525507e-04
-2.298980590297996845e-04 -3.704920920690196609e-04 5.701851172343397117e-04 -1.186892741511302792e-04 -2.376617117452188197e-04 5.504009279848170707e-04 0.000000000000000000e+00 -3.073778336610081814e-04 -9.710121662037310549e-04 3.474349336350446358e-04 -3.750123108774344521e-04 -9.872143437035133884e-05
1.940140770446709606e-03 2.471009550541573298e-04 3.785907370029904752e-04 -4.271811225374614078e-04 -9.323484012795652930e-04 1.065359025526387959e-03 -3.073778336610081814e-04 0.000000000000000000e+00 1.111128432983796675e-03 1.933388213851674402e-04 -6.855346099878464883e-04 -8.040048279698231099e-04
-9.161543797375161415e-04 -4.369782437306445294e-04 7.002750804259024148e-05 -1.950344708665090925e-03 1.021238483685047712e-04 -1.104161714422215385e-03 -9.710121662037310549e-04 1.111128432983796675e-03 0.000000000000000000e+00 -2.436495912177582602e-04 4.798873954161634843e-04 -6.994216563666081840e-04
-7.143992245915730972e-04 4.885130192388302452e-04 1.300059256566611708e-04 -7.179953599030512897e-04 1.652366009742321047e-03 6.983712804368317822e-04 3.474349336350446358e-04 1.933388213851674402e-04 -2.436495912177582602e-04 0.000000000000000000e+00 -2.012017849906393044e-04 4.615434601750314174e-05
-1.510916694107362955e-04 -1.904857084374500097e-04 1.581336025969813186e-04 -4.840525352019213077e-04 7.032052205195539387e-04 -6.393867906182737915e-04 -3.750123108774344521e-04 -6.855346099878464883e-04 4.798873954161634843e-04 -2.012017849906393044e-04 0.000000000000000000e+00 1.178057495909778669e-03
-6.596040755408376323e-04 -9.493103316244693975e-05 -6.703920718828296731e-04 2.923601703344649297e-04 6.668801307561800923e-04 3.567849395004525507e-04 -9.872143437035133884e-05 -8.040048279698231099e-04 -6.994216563666081840e-04 4.615434601750314174e-05 1.178057495909778669e-03 0.000000000000000000e+00
