0.000000000000000000e+00 3.144740031489798272e-05 -3.571861303313727067e-04 3.389469146730568223e-04 -1.483694491379415050e-03 6.378145934014013425e-05 -6.242101902791064244e-04 1.122563279640162621e-03 -1.521198448569534680e-03 -4.820034733302959104e-04 4.873888622632300584e-04 -4.053495720866290980e-04
3.144740031489798272e-05 0.000000000000000000e+00 7.593999184817048749e-04 5.895660568833113475e-04 -9.344470947552679018e-04 -2.659472869076060105e-04 -2.399218461503211514e-04 1.670249992789522202e-04 -1.913298933932989446e-03 1.957327392252933664e-04 -8.386516898616124330e-05 6.568940155024043624e-04
-3.571861303313727067e-04 7.593999184817048749e-04 0.000000000000000000e+00 2.659065360584463283e-04 -4.473493253832109781e-04 -1.142609195976660217e-04 3.003800467899814968e-04 -1.030078399306141347e-03 -1.316288732008148417e-03 -7.056735207330218926e-04 4.173068063706237489e-04 4.656372664626107932e-04
3.389469146730568223e-04 5.895660568833113475e-04 2.659065360584463283e-04 0.000000000000000000e+00 1.971425136517556954e-05 8.592163403465058013e-05 4.974857263337072481e-04 -2.657518894955636824e-04 -1.134783391950520753e-03 -5.236543902116677987e-04 -3.034505984970669863e-04 -9.677185247813110784e-04
-1.483694491379415050e-03 -9.344470947552679018e-04 -4.473493253832109781e-04 1.971425136517556954e-05 0.000000000000000000e+00 -9.116043599593058469e-04 -5.830070668791796813e-04 6.452472211641362100e-04 -1.230672473935307812e-03 1.321915347171978127e-03 1.221996256386252873e-03 -3.256583844600819365e-03
6.378145934014013425e-05 -2.659472869076060105e-04 -1.142609195976660217e-04 8.592163403465058013e-05 -9.116043599593058469e-04 0.000000000000000000e+00 -1.442695037127954705e-04 1.348812672944057372e-04 1.006032608293586745e-03 -4.959662999519926342e-04 2.177828468945877660e-04 3.582335521463943175e-04
-6.242101902791064244e-04 -2.399218461503211514e-04 3.003800467899814968e-04 4.974857263337072481e-04 -5.830070668791796813e-04 -1.442695037127954705e-04 0.000000000000000000e+00 -2.786167760686290959e-04 -2.496940293437061877e-04 -1.141175206068657143e-04 -1.738627409353058634e-04 -1.743815615231563516e-04
1.122563279640162621e-03 1.670249992789522202e-04 -1.030078399306141347e-03 -2.657518894955636824e-04 6.452472211641362100e-04 1.348812672944057372e-04 -2.786167760686290959e-04 0.000000000000000000e+00 -1.724640565622443137e-03 2.073534012785562260e-05 9.263819814293745023e-04 -8.269044100242244760e-04
-1.521198448569534680e-03 -1.913298933932989446e-03 -1.316288732008148417e-03 -1.134783391950520753e-03 -1.230672473935307812e-03 1.006032608293586745e-03 -2.496940293437061877e-04 -1.724640565622443137e-03 0.000000000000000000e+00 -1.080649085208716534e-03 8.264839876626606761e-04 2.587593756723186185e-04
-4.820034733302959104e-04 1.957327392252933664e-04 -7.056735207330218926e-04 -5.236543902116677987e-04 1.321915347171978127e-03 -4.959662999519926342e-04 -1.141175206068657143e-04 2.073534012785562260e-05 -1.080649085208716534e-03 0.000000000000000000e+00 4.351134615126841273e-04 2.299391585742842055e-04
4.873888622632300584e-04 -8.386516898616124330e-05 4.173068063706237489e-04 -3.034505984970669863e-04 1.221996256386252873e-03 2.177828468945877660e-04 -1.738627409353058634e-04 9.263819814293745023e-04 8.264839876626606761e-04 4.351134615126841273e-04 0.000000000000000000e+00 3.000842795095072637e-05
-4.053495720866290980e-04 6.568940155024043624e-04 4.656372664626107932e-04 -9.677185247813110784e-04 -3.256583844600819365e-03 3.582335521463943175e-04 -1.743815615231563516e-04 -8.269044100242244760e-04 2.587593756723186185e-04 2.299391585742842055e-04 3.000842795095072637e-05 0.000000000000000000e+00
