0.000000000000000000e+00 5.433062646243829721e-04 1.206954476166144591e-03 -3.241250968956678447e-04 2.741394993393000100e-03 1.984309128162378894e-04 -8.292407576018171866e-04 -6.946828999628383228e-06 -5.027077248295295370e-04 2.068120115912813045e-04 -6.279143880914367327e-05 -1.688599819502384835e-03
5.433062646243829721e-04 0.000000000000000000e+00 1.580679814028425540e-04 -7.160334355445186708e-05 1.555770706821365265e-03 -4.945278560939728695e-04 3.264782292967183860e-04 -8.883348358241193983e-04 1.237830743875635879e-03 -6.704182148253137784e-04 1.079714598998232075e-04 7.458127029678989731e-05
1.206954476166144591e-03 1.580679814028425540e-04 0.000000000000000000e+00 6.845763165805302366e-05 -1.262310143399683615e-03 2.395492869343999188e-05 2.505525042155184274e-04 1.080931986779205692e-03 -1.185303857262239431e-05 -3.120237725197920367e-04 5.480692215312056928e-04 -7.844670776514637732e-04
-3.241250968956678447e-04 -7.160334355445186708e-05 6.845763165805302366e-05 0.000000000000000000e+00 8.216442085247779121e-04 1.763345008312046022e-04 8.451517034726432963e-05 -9.672428591579742500e-04 1.172095963353803148e-03 -4.840220504442373510e-04 -8.487956819182802598e-04 7.274162174328019500e-04
2.741394993393000100e-03 1.555770706821365265e-03 -1.262310143399683615e-03 8.216442085247779121e-04 0.000000000000000000e+00 1.260887479767737072e-03 3.841520243528770732e-05 -2.467845954672996233e-03 -1.941724214660096913e-03 1.560509602545193065e-03 1.465825563863724403e-03 6.766518056913115291e-04
1.984309128162378894e-04 -4.945278560939728695e-04 2.395492869343999188e-05 1.763345008312046022e-04 1.260887479767737072e-03 0.000000000000000000e+00 5.362472236758184175e-05 -1.270161124039720889e-03 -7.024301492775927641e-04 -5.862097971884712390e-04 4.158982329607805980e-04 7.422025579344103895e-05
-8.292407576018171866e-04 3.264782292967183860e-04 2.505525042155184274e-04 8.451517034726432963e-05 3.841520243528770732e-05 5.362472236758184175e-05 0.000000000000000000e+00 -4.093865198603683221e-04 -1.942256932184094516e-04 3.658021353029891143e-04 2.935488211058880103e-04 -2.663795564491875279e-04
-6.946828999628383228e-06 -8.883348358241193983e-04 1.080931986779205692e-03 -9.672428591579742500e-04 -2.467845954672996233e-03 -1.270161124039720889e-03 -4.093865198603683221e-04 0.000000000000000000e+00 -1.151889759063447205e-03 -9.355150909405201328e-04 2.444214761639599155e-04 9.762139366891548148e-04
-5.027077248295295370e-04 1.237830743875635879e-03 -1.185303857262239431e-05 1.172095963353803148e-03 -1.941724214660096913e-03 -7.024301492775927641e-04 -1.942256932184094516e-04 -1.151889759063447205e-03 0.000000000000000000e+00 -8.356054890040491741e-04 -3.389451140968534944e-04 -5.248442895123486699e-04
2.068120115912813045e-04 -6.704182148253137784e-04 -3.120237725197920367e-04 -4.840220504442373510e-04 1.560509602545193065e-03 -5.862097971884712390e-04 3.658021353029891143e-04 -9.355150909405201328e-04 -8.356054890040491741e-04 0.000000000000000000e+00 2.617089908358103641e-06 -5.127442934355709624e-04
-6.279143880914367327e-05 1.079714598998232075e-04 5.480692215312056928e-04 -8.487956819182802598e-04 1.465825563863724403e-03 4.158982329607805980e-04 2.935488211058880103e-04 2.444214761639599155e-04 -3.389451140968534944e-04 2.617089908358103641e-06 0.000000000000000000e+00 6.406957083286813443e-04
-1.688599819502384835e-03 7.458127029678989731e-05 -7.844670776514637732e-04 7.274162174328019500e-04 6.766518056913115291e-04 7.422025579344103895e-05 -2.663795564491875279e-04 9.762139366891548148e-04 -5.248442895123486699e-04 -5.127442934355709624e-04 6.406957083286813443e-04 0.000000000000000000e+00
