0.000000000000000000e+00 4.067608104173963735e-04 3.447681135296277728e-04 -7.434810011024930347e-04 2.985933282812368219e-03 -9.838883841333920157e-04 -1.280773301270547759e-04 -1.183307046912569267e-04 -1.247486017292456870e-03 3.012387586903623299e-04 -1.366238356701476604e-03 -1.083948933668324238e-03
4.067608104173963735e-04 0.000000000000000000e+00 -3.533632227751178903e-04 -2.533866117553016653e-04 6.605728294594551174e-04 3.838835704020513405e-04 -1.340221098596007445e-04 -8.254400037813930434e-04 9.881875405896905964e-04 -2.264727463712458639e-04 -2.565165599957165005e-04 -4.839404988777502723e-05
3.447681135296277728e-04 -3.533632227751178903e-04 0.000000000000000000e+00 2.426762227577388960e-04 -8.489851924631822361e-05 -1.123012898124660391e-04 1.230261918982073236e-04 -1.173503657351956508e-03 -9.495840323585458091e-04 -2.907819897971261440e-04 3.249364228901629992e-04 -1.428654587001753587e-04
-7.434810011024930347e-04 -2.533866117553016653e-04 2.426762227577388960e-04 0.000000000000000000e+00 -1.687526862959214244e-03 -1.139073968420290650e-04 2.683488199034611641e-04 -5.853020009882782537e-04 6.366295593178822310e-05 2.127912500374891565e-04 -2.999307199642333149e-04 1.083624785943426271e-03
2.985933282812368219e-03 6.605728294594551174e-04 -8.489851924631822361e-05 -1.687526862959214244e-03 0.000000000000000000e+00 -1.437255237283112125e-03 6.297376520373229028e-04 1.145562805946259959e-03 -3.352069920382065756e-03 7.500964293726325102e-04 7.728539223205652944e-04 2.853574738223572330e-03
-9.838883841333920157e-04 3.838835704020513405e-04 -1.123012898124660391e-04 -1.139073968420290650e-04 -1.437255237283112125e-03 0.000000000000000000e+00 1.422225151274472709e-04 6.545177474734693726e-04 -8.428572503702720653e-04 -2.559435704541228622e-04 -1.308252733236727719e-04 -6.550581407457023669e-05
-1.280773301270547759e-04 -1.340221098596007445e-04 1.230261918982073236e-04 2.683488199034611641e-04 6.297376520373229028e-04 1.422225151274472709e-04 0.000000000000000000e+00 -3.066469224119715569e-04 -6.553174452653370667e-04 3.553901854219920753e-04 -3.152390172874504240e-04 1.514636872870723432e-04
-1.183307046912569267e-04 -8.254400037813930434e-04 -1.173503657351956508e-03 -5.853020009882782537e-04 1.145562805946259959e-03 6.545177474734693726e-04 -3.066469224119715569e-04 0.000000000000000000e+00 -1.204549673152156483e-03 1.013595212440851425e-04 -5.293414885666637010e-04 1.785645610618573267e-03
-1.247486017292456870e-03 9.881875405896905964e-04 -9.495840323585458091e-04 6.366295593178822310e-05 -3.352069920382065756e-03 -8.428572503702720653e-04 -6.553174452653370667e-04 -1.204549673152156483e-03 0.000000000000000000e+00 -5.466018462791399392e-04 -8.202020297110407211e-04 -5.589962905681513262e-04
3.012387586903623299e-04 -2.264727463712458639e-04 -2.907819897971261440e-04 2.127912500374891565e-04 7.500964293726325102e-04 -2.559435704541228622e-04 3.553901854219920753e-04 1.013595212440851425e-04 -5.466018462791399392e-04 0.000000000000000000e+00 -1.140545570204446069e-05 -5.096812724116034756e-04
-1.366238356701476604e-03 -2.565165599957165005e-04 3.249364228901629992e-04 -2.999307199642333149e-04 7.728539223205652944e-04 -1.308252733236727719e-04 -3.152390172874504240e-04 -5.293414885666637010e-04 -8.202020297110407211e-04 -1.140545570204446069e-05 0.000000000000000000e+00 -4.074966718847516819e-05
-1.083948933668324238e-03 -4.839404988777502723e-05 -1.428654587001753587e-04 1.083624785943426271e-03 2.853574738223572330e-03 -6.550581407457023669e-05 1.514636872870723432e-04 1.785645610618573267e-03 -5.589962905681513262e-04 -5.096812724116034756e-04 -4.074966718847516819e-05 0.000000000000000000e+00
