0.000000000000000000e+00 -4.867053338242289845e-04 8.843210517634687070e-04 -3.257048998834677746e-04 -1.614477170573306577e-03 -1.083862641836087748e-04 1.538864495051428213e-04 -4.950089893568139368e-04 -1.102815005902146222e-03 -3.241817598136743857e-05 -1.442440769878012815e-03 1.629951005446329945e-03
-4.867053338242289845e-04 0.000000000000000000e+00 2.078872215930524709e-04 -2.657067832107913542e-04 -2.332538948253974251e-04 -5.763589206543631976e-04 5.308395403831470474e-04 -1.413887104918589452e-04 1.149248711127555508e-04 -4.292144211246113933e-04 3.157356186238129679e-04 -2.527549684086941094e-04
8.843210517634687070e-04 2.078872215930524709e-04 0.000000000000000000e+00 -3.392573196912185198e-04 5.267670062277195458e-04 -1.360747839246060926e-03 4.376292488809636156e-04 7.435686358349862315e-04 7.479806558507598544e-04 2.284071558827864936e-04 -7.115007469550463197e-04 1.340318624999539384e-03
-3.257048998834677746e-04 -2.657067832107913542e-04 -3.392573196912185198e-04 0.000000000000000000e+00 -2.725594666262232471e-04 -1.607167989328815542e-03 -1.229524012425669611e-04 5.920677072602534773e-05 -7.854320255081575141e-04 1.966389739083532250e-04 7.468262139596877711e-04 -9.784597830522359999e-04
-1.614477170573306577e-03 -2.332538948253974251e-04 5.267670062277195458e-04 -2.725594666262232471e-04 0.000000000000000000e+00 -1.447131713272120559e-03 -4.501862386897017817e-04 -4.241273554777543289e-04 5.257877010279822993e-04 4.447656551515601336e-04 -1.566847623213929799e-03 -2.352175598701954952e-03
-1.083862641836087748e-04 -5.763589206543631976e-04 -1.360747839246060926e-03 -1.607167989328815542e-03 -1.447131713272120559e-03 0.000000000000000000e+00 1.106871038729069371e-03 2.374592665537479913e-04 -4.543576691442382967e-04 9.190200994370024620e-04 1.159345063225244261e-03 -1.502678523628248964e-03
1.538864495051428213e-04 5.308395403831470474e-04 4.376292488809636156e-04 -1.229524012425669611e-04 -4.501862386897017817e-04 1.106871038729069371e-03 0.000000000000000000e+00 -6.009058523016774160e-05 -7.695058671433358411e-05 2.755585071511164785e-04 6.531210104978972530e-04 -2.644806663192362118e-04
-4.950089893568139368e-04 -1.413887104918589452e-04 7.435686358349862315e-04 5.920677072602534773e-05 -4.241273554777543289e-04 2.374592665537479913e-04 -6.009058523016774160e-05 0.000000000000000000e+00 -1.511416116399528868e-04 6.778890806117666252e-05 1.293833732210986597e-03 4.122534320675025560e-04
-1.102815005902146222e-03 1.149248711127555508e-04 7.479806558507598544e-04 -7.854320255081575141e-04 5.257877010279822993e-04 -4.543576691442382967e-04 -7.695058671433358411e-05 -1.511416116399528868e-04 0.000000000000000000e+00 -1.894050473482926519e-04 -1.437371313025227705e-03 1.536034377365509207e-03
-3.241817598136743857e-05 -4.292144211246113933e-04 2.284071558827864936e-04 1.966389739083532250e-04 4.447656551515601336e-04 9.190200994370024620e-04 2.755585071511164785e-04 6.778890806117666252e-05 -1.894050473482926519e-04 0.000000000000000000e+00 -1.186934570873521581e-03 4.483614984940243646e-04
-1.442440769878012815e-03 3.157356186238129679e-04 -7.115007469550463197e-04 7.468262139596877711e-04 -1.566847623213929799e-03 1.159345063225244261e-03 6.531210104978972530e-04 1.293833732210986597e-03 -1.437371313025227705e-03 -1.186934570873521581e-03 0.000000000000000000e+00 4.141064389336282362e-04
1.629951005446329945e-03 -2.527549684086941094e-04 1.340318624999539384e-03 -9.784597830522359999e-04 -2.352175598701954952e-03 -1.502678523628248964e-03 -2.644806663192362118e-04 4.122534320675025560e-04 1.536034377365509207e-03 4.483614984940243646e-04 4.141064389336282362e-04 0.000000000000000000e+00
