0.000000000000000000e+00 1.021832750068988390e-04 1.124468194888323031e-04 -2.163611854869715778e-04 8.068759009083704492e-04 2.114555982470921192e-03 4.869103736540699367e-04 6.352604810958340279e-05 -1.108140179053654795e-03 4.473611560370243539e-04 1.714506957745550592e-03 -1.146663241711273198e-03
1.021832750068988390e-04 0.000000000000000000e+00 2.402932042009386694e-06 6.768848914906732675e-04 3.853889331027062306e-04 -1.522656570556655794e-04 3.996145974457162306e-04 1.672612694690370737e-04 5.057457003579773859e-04 1.692388249414592135e-04 2.579318991340926273e-04 -7.849060098585363332e-04
1.124468194888323031e-04 2.402932042009386694e-06 0.000000000000000000e+00 -2.307422373665968176e-04 7.792765730693758863e-04 3.120693810887850911e-04 -7.867912925465387881e-05 -2.024948690201085080e-04 5.240297131630025770e-04 1.307892651952829674e-04 -6.916985465918289036e-05 2.285224527833330625e-04
-2.163611854869715778e-04 6.768848914906732675e-04 -2.307422373665968176e-04 0.000000000000000000e+00 2.996491925405563917e-04 -6.968118584762824459e-04 2.550386903138270630e-04 -7.465359251581388939e-04 4.331886409483335114e-04 2.801644541059896375e-04 6.709132092874107306e-05 -2.248814911222429998e-03
8.068759009083704492e-04 3.853889331027062306e-04 7.792765730693758863e-04 2.996491925405563917e-04 0.000000000000000000e+00 8.021876352333034543e-04 1.310458865377683163e-04 2.501841959299966485e-04 5.533938173852493347e-04 -1.171722948883993800e-04 3.703126701414230677e-04 1.372767164868201825e-04
2.114555982470921192e-03 -1.522656570556655794e-04 3.120693810887850911e-04 -6.968118584762824459e-04 8.021876352333034543e-04 0.000000000000000000e+00 -5.439698605185837532e-05 -2.673729462947831885e-04 2.231652381655763943e-04 -7.707713249850567253e-04 4.066148551548158172e-03 1.992020504703229025e-03
4.869103736540699367e-04 3.996145974457162306e-04 -7.867912925465387881e-05 2.550386903138270630e-04 1.310458865377683163e-04 -5.439698605185837532e-05 0.000000000000000000e+00 -5.071992188716940506e-04 1.779313975933126513e-05 1.037725361484894511e-04 -1.090487936539871489e-03 1.243672346489322613e-03
6.352604810958340279e-05 1.672612694690370737e-04 -2.024948690201085080e-04 -7.465359251581388939e-04 2.501841959299966485e-04 -2.673729462947831885e-04 -5.071992188716940506e-04 0.000000000000000000e+00 3.209303177853553004e-04 1.597041424371873036e-04 5.725117551877375883e-04 1.182431782927977938e-03
-1.108140179053654795e-03 5.057457003579773859e-04 5.240297131630025770e-04 4.331886409483335114e-04 5.533938173852493347e-04 2.231652381655763943e-04 1.779313975933126513e-05 3.209303177853553004e-04 0.000000000000000000e+00 6.726739888204399053e-05 -3.067322779530351441e-04 5.669033135519458040e-04
4.473611560370243539e-04 1.692388249414592135e-04 1.307892651952829674e-04 2.801644541059896375e-04 -1.171722948883993800e-04 -7.707713249850567253e-04 1.037725361484894511e-04 1.597041424371873036e-04 6.726739888204399053e-05 0.000000000000000000e+00 1.333654483436117291e-04 2.599976831595782623e-04
1.714506957745550592e-03 2.579318991340926273e-04 -6.916985465918289036e-05 6.709132092874107306e-05 3.703126701414230677e-04 4.066148551548158172e-03 -1.090487936539871489e-03 5.725117551877375883e-04 -3.067322779530351441e-04 1.333654483436117291e-04 0.000000000000000000e+00 -3.331665824920007016e-03
-1.146663241711273198e-03 -7.849060098585363332e-04 2.285224527833330625e-04 -2.248814911222429998e-03 1.372767164868201825e-04 1.992020504703229025e-03 1.243672346489322613e-03 1.182431782927977938e-03 5.669033135519458040e-04 2.599976831595782623e-04 -3.331665824920007016e-03 0.000000000000000000e+00
