0.000000000000000000e+00 -2.738368442794251924e-04 -1.690157119915045253e-04 9.668146262287496051e-04 -1.420976955256025333e-03 1.020613264937534010e-03 -2.329554886232512842e-04 -6.525966399237009136e-04 -1.360283172303728902e-04 1.243658731201691342e-03 -1.519679746681445965e-03 2.598161891732136356e-03
-2.738368442794251924e-04 0.000000000000000000e+00 -1.072363826053477552e-04 1.135386176398585248e-04 1.481728088667559813e-04 3.782559233386748087e-04 1.407725579971092931e-04 1.604342141610184911e-05 4.074654974720852028e-04 -5.358943216179897298e-05 -1.167945685305294811e-03 -1.520198950300790861e-04
-1.690157119915045253e-04 -1.072363826053477552e-04 0.000000000000000000e+00 1.234978445676946431e-04 7.043175229631410935e-04 3.453167191199054678e-04 3.386117955555906982e-04 -6.294843970728847781e-05 -1.391177214165828470e-04 4.426153160270922347e-04 5.654455446772913658e-04 1.223478004524257336e-03
9.668146262287496051e-04 1.135386176398585248e-04 1.234978445676946431e-04 0.000000000000000000e+00 6.576523999859315269e-04 -4.894725125634905851e-04 -7.549005360797210321e-05 -6.563509624051774589e-04 -1.540027211412881036e-04 -4.897104864185434364e-04 -3.106031768721534869e-04 -3.790114471291343434e-04
-1.420976955256025333e-03 1.481728088667559813e-04 7.043175229631410935e-04 6.576523999859315269e-04 0.000000000000000000e+00 -4.502861957955883927e-04 -4.621961663489968240e-05 -9.792181639652931813e-05 -7.714339822732106580e-04 -9.234279198215054147e-04 1.685839140959163786e-03 2.104872940226354058e-03
1.020613264937534010e-03 3.782559233386748087e-04 3.453167191199054678e-04 -4.894725125634905851e-04 -4.502861957955883927e-04 0.000000000000000000e+00 -4.986560724013353518e-04 5.025984194618221979e-04 -2.097631981069714158e-03 3.750931887787635715e-04 -1.694191856263689133e-03 -3.731763881105310595e-03
-2.329554886232512842e-04 1.407725579971092931e-04 3.386117955555906982e-04 -7.549005360797210321e-05 -4.621961663489968240e-05 -4.986560724013353518e-04 0.000000000000000000e+00 6.337864054924368350e-04 -9.189933412770306714e-05 -1.348721674503333765e-04 -4.950254817878448196e-04 3.507958802155425890e-04
-6.525966399237009136e-04 1.604342141610184911e-05 -6.294843970728847781e-05 -6.563509624051774589e-04 -9.792181639652931813e-05 5.025984194618221979e-04 6.337864054924368350e-04 0.000000000000000000e+00 5.973666441715749136e-04 -5.213689570159460093e-04 -1.117432323275014848e-03 3.419306006517555479e-04
-1.360283172303728902e-04 4.074654974720852028e-04 -1.391177214165828470e-04 -1.540027211412881036e-04 -7.714339822732106580e-04 -2.097631981069714158e-03 -9.189933412770306714e-05 5.973666441715749136e-04 0.000000000000000000e+00 -4.960517481964106003e-05 -3.377277399476142088e-04 -8.248616853939571680e-04
1.243658731201691342e-03 -5.358943216179897298e-05 4.426153160270922347e-04 -4.897104864185434364e-04 -9.234279198215054147e-04 3.750931887787635715e-04 -1.348721674503333765e-04 -5.213689570159460093e-04 -4.960517481964106003e-05 0.000000000000000000e+00 -1.042697969764883395e-03 -3.504049057901126351e-04
-1.519679746681445965e-03 -1.167945685305294811e-03 5.654455446772913658e-04 -3.106031768721534869e-04 1.685839140959163786e-03 -1.694191856263689133e-03 -4.950254817878448196e-04 -1.117432323275014848e-03 -3.377277399476142088e-04 -1.042697969764883395e-03 0.000000000000000000e+00 -1.937256055885873884e-03
2.598161891732136356e-03 -1.520198950300790861e-04 1.223478004524257336e-03 -3.790114471291343434e-04 2.104872940226354058e-03 -3.731763881105310595e-03 3.507958802155425890e-04 3.419306006517555479e-04 -8.248616853939571680e-04 -3.504049057901126351e-04 -1.937256055885873884e-03 0.000000000000000000e+00
