0.000000000000000000e+00 4.429789467206157608e-04 -6.983844520487087143e-04 6.874173844698123863e-04 8.232748625924209184e-04 8.922873062711404648e-04 -5.588030344065830204e-04 -2.605864429194047001e-04 5.765486640330663498e-04 -2.518367046031397423e-04 -4.611532795323979418e-04 1.017483768631932857e-03
4.429789467206157608e-04 0.000000000000000000e+00 2.704892024861317080e-04 5.105281899110873461e-05 4.825641014468807859e-04 4.376899406764601778e-04 -1.031189563889001203e-04 -1.533297966205683475e-05 -4.015629242203669065e-04 4.706171150382709527e-04 5.536641196468628824e-04 1.455172933686888891e-03
-6.983844520487087143e-04 2.704892024861317080e-04 0.000000000000000000e+00 -4.817463313545943351e-04 1.448746128992278389e-04 6.939137700455940165e-04 -5.319641942090296135e-04 -5.983395828585574578e-04 6.835961072988928260e-05 -4.447798367563931697e-05 1.004957802627402591e-03 -6.403997815646431287e-04
6.874173844698123863e-04 5.105281899110873461e-05 -4.817463313545943351e-04 0.000000000000000000e+00 6.755711521388244609e-04 -2.888082056937393209e-04 -4.412756701994103789e-04 4.728036911120419910e-04 4.115050954967066775e-04 5.671939367634517637e-04 -1.591900592576762441e-03 -1.689514888900714136e-03
8.232748625924209184e-04 4.825641014468807859e-04 1.448746128992278389e-04 6.755711521388244609e-04 0.000000000000000000e+00 5.651564736154667586e-04 1.813001139757039449e-04 -6.769166777354803212e-04 -3.425836645042606272e-04 -1.944019700264375359e-04 -8.911696858585352267e-05 -6.082248403511641803e-04
8.922873062711404648e-04 4.376899406764601778e-04 6.939137700455940165e-04 -2.888082056937393209e-04 5.651564736154667586e-04 0.000000000000000000e+00 1.816809671898417613e-04 -1.426154899803409577e-04 5.410098802913030237e-04 4.080463443946348969e-04 3.006098001216877744e-03 -7.456732719404787898e-04
-5.588030344065830204e-04 -1.031189563889001203e-04 -5.319641942090296135e-04 -4.412756701994103789e-04 1.813001139757039449e-04 1.816809671898417613e-04 0.000000000000000000e+00 -4.903996735220814010e-04 5.735262518726228669e-05 4.835290280385919136e-04 -5.287520979208512866e-04 3.491406360738501745e-04
-2.605864429194047001e-04 -1.533297966205683475e-05 -5.983395828585574578e-04 4.728036911120419910e-04 -6.769166777354803212e-04 -1.426154899803409577e-04 -4.903996735220814010e-04 0.000000000000000000e+00 4.211821739616216720e-04 -1.751991934902533750e-04 6.667675043692806829e-04 -1.665998454929021940e-04
5.765486640330663498e-04 -4.015629242203669065e-04 6.835961072988928260e-05 4.115050954967066775e-04 -3.425836645042606272e-04 5.410098802913030237e-04 5.735262518726228669e-05 4.211821739616216720e-04 0.000000000000000000e+00 2.182932567942271775e-04 1.382857185620997879e-03 -1.011589347955283097e-03
-2.518367046031397423e-04 4.706171150382709527e-04 -4.447798367563931697e-05 5.671939367634517637e-04 -1.944019700264375359e-04 4.080463443946348969e-04 4.835290280385919136e-04 -1.751991934902533750e-04 2.182932567942271775e-04 0.000000000000000000e+00 -1.176681959650372790e-03 -8.485149615579763098e-05
-4.611532795323979418e-04 5.536641196468628824e-04 1.004957802627402591e-03 -1.591900592576762441e-03 -8.911696858585352267e-05 3.006098001216877744e-03 -5.287520979208512866e-04 6.667675043692806829e-04 1.382857185620997879e-03 -1.176681959650372790e-03 0.000000000000000000e+00 -2.989307234615011955e-03
1.017483768631932857e-03 1.455172933686888891e-03 -6.403997815646431287e-04 -1.689514888900714136e-03 -6.082248403511641803e-04 -7.456732719404787898e-04 3.491406360738501745e-04 -1.665998454929021940e-04 -1.011589347955283097e-03 -8.485149615579763098e-05 -2.989307234615011955e-03 0.000000000000000000e+00
