0.000000000000000000e+00 4.379808805136422412e-05 -1.744773606957308008e-04 8.122122090364824413e-04 5.037569801098879495e-04 -1.239824923500798450e-03 7.233515116883439382e-04 9.741376284002255465e-04 -5.801781237542252384e-05 1.477646740142735289e-04 8.485649494444076450e-04 -4.975574717214645499e-04
4.379808805136422412e-05 0.000000000000000000e+00 3.202365193254834430e-04 -6.409687731973277847e-04 -9.899520696532498811e-05 -1.008361477701561187e-03 -1.900287039267392901e-04 9.393096863228301533e-05 6.220396697190283205e-05 2.465589094847490340e-04 -6.481262406989229865e-04 -4.339597998976953727e-04
-1.744773606957308008e-04 3.202365193254834430e-04 0.000000000000000000e+00 -6.492330356956036276e-04 3.364624194615975007e-04 9.557436012450964621e-04 3.335078610338408829e-04 2.045671813544068285e-05 -3.629813001055802110e-04 -5.106338227024378876e-05 -1.177186600776328419e-05 -1.638809748070990755e-03
8.122122090364824413e-04 -6.409687731973277847e-04 -6.492330356956036276e-04 0.000000000000000000e+00 -7.849760351120814829e-04 1.256575839988769740e-03 -4.237132140489629486e-04 3.338355350681052112e-04 2.071037908865142236e-04 -2.428773872677074118e-06 1.934711579538624972e-03 -1.800918965365890185e-03
5.037569801098879495e-04 -9.899520696532498811e-05 3.364624194615975007e-04 -7.849760351120814829e-04 0.000000000000000000e+00 -2.561228838787087884e-04 1.653758794759686900e-04 -1.561984864241142015e-04 1.348009018530559359e-04 2.081261429782260664e-04 1.279250118481455555e-03 -2.000444444048540599e-04
-1.239824923500798450e-03 -1.008361477701561187e-03 9.557436012450964621e-04 1.256575839988769740e-03 -2.561228838787087884e-04 0.000000000000000000e+00 -1.914242118362961603e-04 5.540600187606745369e-04 -2.642559530938930028e-04 5.107836060274418850e-04 1.609132506054938719e-04 -5.758916158058054023e-05
7.233515116883439382e-04 -1.900287039267392901e-04 3.335078610338408829e-04 -4.237132140489629486e-04 1.653758794759686900e-04 -1.914242118362961603e-04 0.000000000000000000e+00 5.144579296040742574e-05 3.048760299257990752e-04 -1.707793823895913446e-04 -1.027245414886746684e-03 3.699080438146681036e-04
9.741376284002255465e-04 9.393096863228301533e-05 2.045671813544068285e-05 3.338355350681052112e-04 -1.561984864241142015e-04 5.540600187606745369e-04 5.144579296040742574e-05 0.000000000000000000e+00 1.317337716684174017e-05 -7.518640874860035048e-05 -1.438555160859911978e-03 -9.565048401159553749e-04
-5.801781237542252384e-05 6.220396697190283205e-05 -3.629813001055802110e-04 2.071037908865142236e-04 1.348009018530559359e-04 -2.642559530938930028e-04 3.048760299257990752e-04 1.317337716684174017e-05 0.000000000000000000e+00 5.688986957476094275e-05 -4.788924338485872861e-04 -3.419108401604090824e-04
1.477646740142735289e-04 2.465589094847490340e-04 -5.106338227024378876e-05 -2.428773872677074118e-06 2.081261429782260664e-04 5.107836060274418850e-04 -1.707793823895913446e-04 -7.518640874860035048e-05 5.688986957476094275e-05 0.000000000000000000e+00 1.052830457968665853e-03 1.267873477514148105e-03
8.485649494444076450e-04 -6.481262406989229865e-04 -1.177186600776328419e-05 1.934711579538624972e-03 1.279250118481455555e-03 1.609132506054938719e-04 -1.027245414886746684e-03 -1.438555160859911978e-03 -4.788924338485872861e-04 1.052830457968665853e-03 0.000000000000000000e+00 -1.255908422520506671e-03
-4.975574717214645499e-04 -4.339597998976953727e-04 -1.638809748070990755e-03 -1.800918965365890185e-03 -2.000444444048540599e-04 -5.758916158058054023e-05 3.699080438146681036e-04 -9.565048401159553749e-04 -3.419108401604090824e-04 1.267873477514148105e-03 -1.255908422520506671e-03 0.000000000000000000e+00
