0.000000000000000000e+00 1.043526409029606596e-04 -1.750843797703223546e-03 -1.165193958039580498e-04 4.159621291590503978e-05 -2.508953338778445365e-04 4.880824206910985277e-04 -2.045544170107048236e-04 -2.269391382039737137e-04 1.411013106778434209e-03 -2.048042656349128828e-04 -5.059806852760252195e-04
1.043526409029606596e-04 0.000000000000000000e+00 -1.105271314723730180e-05 1.369956902890428303e-04 -1.340679122363819221e-04 2.617850847437044599e-04 1.240954430325449595e-04 1.656488816548876163e-04 4.761564658273329106e-04 -4.786548758166049643e-04 9.526068180881732338e-05 1.635201110514748529e-04
-1.750843797703223546e-03 -1.105271314723730180e-05 0.000000000000000000e+00 1.737397650668637576e-03 -5.840714510067610433e-04 1.884301116231927196e-03 -3.189670931635010944e-05 1.670836655316855664e-03 -1.128718414338502002e-03 1.026670409248907042e-03 -6.358883077519596931e-04 1.131316332999247149e-03
-1.165193958039580498e-04 1.369956902890428303e-04 1.737397650668637576e-03 0.000000000000000000e+00 1.765031922626078396e-05 2.576404488192503262e-04 2.118867264435248790e-04 -1.014166090443949795e-03 2.853003875108351024e-04 2.299938257042593009e-03 -5.281854998502205937e-04 7.106928200838665563e-04
4.159621291590503978e-05 -1.340679122363819221e-04 -5.840714510067610433e-04 1.765031922626078396e-05 0.000000000000000000e+00 7.147369015412990750e-04 -9.860769341216957490e-05 3.120816193814145070e-04 -4.298349862001329827e-04 -5.102960348262095512e-04 2.736800184780848345e-04 2.768202937743539059e-04
-2.508953338778445365e-04 2.617850847437044599e-04 1.884301116231927196e-03 2.576404488192503262e-04 7.147369015412990750e-04 0.000000000000000000e+00 -2.970888338511793337e-04 7.786013180037692268e-04 1.191915956337099344e-04 3.358375085357994793e-03 2.227638624416658345e-04 -1.091414395984680562e-03
4.880824206910985277e-04 1.240954430325449595e-04 -3.189670931635010944e-05 2.118867264435248790e-04 -9.860769341216957490e-05 -2.970888338511793337e-04 0.000000000000000000e+00 2.304415927507991668e-04 -5.317907209628150314e-04 1.995688244941164376e-04 6.254325009188361800e-05 2.694668094673017796e-04
-2.045544170107048236e-04 1.656488816548876163e-04 1.670836655316855664e-03 -1.014166090443949795e-03 3.120816193814145070e-04 7.786013180037692268e-04 2.304415927507991668e-04 0.000000000000000000e+00 -8.707739798726100598e-04 -1.414759187393239840e-03 -4.658126475219222760e-04 -7.850981703478688645e-04
-2.269391382039737137e-04 4.761564658273329106e-04 -1.128718414338502002e-03 2.853003875108351024e-04 -4.298349862001329827e-04 1.191915956337099344e-04 -5.317907209628150314e-04 -8.707739798726100598e-04 0.000000000000000000e+00 2.106879676017101380e-04 -4.819466108316067276e-05 -8.721724448669274186e-04
1.411013106778434209e-03 -4.786548758166049643e-04 1.026670409248907042e-03 2.299938257042593009e-03 -5.102960348262095512e-04 3.358375085357994793e-03 1.995688244941164376e-04 -1.414759187393239840e-03 2.106879676017101380e-04 0.000000000000000000e+00 -3.822575677759739105e-04 -9.007024605166898557e-04
-2.048042656349128828e-04 9.526068180881732338e-05 -6.358883077519596931e-04 -5.281854998502205937e-04 2.736800184780848345e-04 2.227638624416658345e-04 6.254325009188361800e-05 -4.658126475219222760e-04 -4.819466108316067276e-05 -3.822575677759739105e-04 0.000000000000000000e+00 5.363980060838159560e-04
-5.059806852760252195e-04 1.635201110514748529e-04 1.131316332999247149e-03 7.106928200838665563e-04 2.768202937743539059e-04 -1.091414395984680562e-03 2.694668094673017796e-04 -7.850981703478688645e-04 -8.721724448669274186e-04 -9.007024605166898557e-04 5.363980060838159560e-04 0.000000000000000000e+00
