0.000000000000000000e+00 -1.855586636231927762e-04 3.857935946026805666e-04 3.775324541512424677e-04 -1.489578630660564381e-04 3.134847409238651172e-04 -3.526661265758207486e-04 -4.792997837151945543e-04 5.021701926917655637e-04 5.982168260346567385e-04 2.635747835965822957e-04 -9.486019314357968524e-05
-1.855586636231927762e-04 0.000000000000000000e+00 1.229751690147257983e-03 1.596561460840305237e-04 -3.061510513186022574e-04 -6.691458658676059179e-04 -4.598556778238829671e-04 2.295861720600366764e-04 -7.597859643590409366e-05 3.884018446550810909e-04 -9.664071678003972399e-05 -6.115449764425317548e-04
3.857935946026805666e-04 1.229751690147257983e-03 0.000000000000000000e+00 4.900465284227977641e-04 1.139590864624146155e-03 -1.096633103481697456e-03 -1.242147306757926221e-03 9.057120282885901437e-04 9.459328266103235070e-05 -2.790559359142491536e-03 -1.525211804059940432e-03 1.545806189081919005e-03
3.775324541512424677e-04 1.596561460840305237e-04 4.900465284227977641e-04 0.000000000000000000e+00 3.522357159417548872e-04 3.543937906214633649e-04 9.962968151561636557e-05 -2.131052533330172159e-04 -2.272420281052795008e-04 -2.969362182185323327e-06 -2.045612552501915624e-07 3.312724178108343874e-05
-1.489578630660564381e-04 -3.061510513186022574e-04 1.139590864624146155e-03 3.522357159417548872e-04 0.000000000000000000e+00 1.453403182273761598e-04 1.256044199495671716e-04 -5.323248655778572546e-04 4.713697910156357707e-04 -6.133256255109841145e-04 -6.479217764064106044e-04 4.703915995299191616e-04
3.134847409238651172e-04 -6.691458658676059179e-04 -1.096633103481697456e-03 3.543937906214633649e-04 1.453403182273761598e-04 0.000000000000000000e+00 -8.334948275147105901e-05 9.755742850473196181e-04 -4.858107365714194568e-04 1.111195889215700139e-03 1.439981968670389731e-04 2.845448131887398885e-04
-3.526661265758207486e-04 -4.598556778238829671e-04 -1.242147306757926221e-03 9.962968151561636557e-05 1.256044199495671716e-04 -8.334948275147105901e-05 0.000000000000000000e+00 1.905745890550806007e-05 -2.014751964016219942e-04 1.581514588658862984e-03 1.806454503453391750e-04 4.739100016879977989e-04
-4.792997837151945543e-04 2.295861720600366764e-04 9.057120282885901437e-04 -2.131052533330172159e-04 -5.323248655778572546e-04 9.755742850473196181e-04 1.905745890550806007e-05 0.000000000000000000e+00 -1.269917076513018108e-03 -1.808218972589023532e-03 4.939683878699947057e-04 -2.036966815921261462e-04
5.021701926917655637e-04 -7.597859643590409366e-05 9.459328266103235070e-05 -2.272420281052795008e-04 4.713697910156357707e-04 -4.858107365714194568e-04 -2.014751964016219942e-04 -1.269917076513018108e-03 0.000000000000000000e+00 -1.865250305267755022e-03 -1.033451908591551506e-03 -5.340034819189421605e-04
5.982168260346567385e-04 3.884018446550810909e-04 -2.790559359142491536e-03 -2.969362182185323327e-06 -6.133256255109841145e-04 1.111195889215700139e-03 1.581514588658862984e-03 -1.808218972589023532e-03 -1.865250305267755022e-03 0.000000000000000000e+00 -1.376205138365331915e-03 8.505154116584822972e-04
2.635747835965822957e-04 -9.664071678003972399e-05 -1.525211804059940432e-03 -2.045612552501915624e-07 -6.479217764064106044e-04 1.439981968670389731e-04 1.806454503453391750e-04 4.939683878699947057e-04 -1.033451908591551506e-03 -1.376205138365331915e-03 0.000000000000000000e+00 -3.995375841855246550e-04
-9.486019314357968524e-05 -6.115449764425317548e-04 1.545806189081919005e-03 3.312724178108343874e-05 4.703915995299191616e-04 2.845448131887398885e-04 4.739100016879977989e-04 -2.036966815921261462e-04 -5.340034819189421605e-04 8.505154116584822972e-04 -3.995375841855246550e-04 0.000000000000000000e+00
