0.000000000000000000e+00 3.245612754534848488e-04 4.941849266557075135e-04 2.134608972916749142e-04 -2.492393931642901904e-04 -1.203440352116939241e-04 -5.371593342722256201e-04 5.383868638750198771e-04 -5.025758278502667504e-04 -1.260885170101846454e-03 -5.025481532223893258e-04 -3.491134277761873735e-04
3.245612754534848488e-04 0.000000000000000000e+00 -1.418501437579412772e-03 -1.077089213025793173e-04 4.534151042888134061e-04 -9.324041186757830264e-04 2.068353873211778373e-04 4.401961715020921077e-04 -3.987904498899894136e-06 -1.613706294636660463e-03 -1.339727542339730717e-04 1.685137365730323485e-04
4.941849266557075135e-04 -1.418501437579412772e-03 0.000000000000000000e+00 8.430760604796110145e-04 -7.474103728602224080e-04 -4.081005235510404652e-04 -6.877001360148586291e-04 -1.503541931908879874e-03 -1.272171976207939030e-03 2.463022699079716032e-03 6.775893886496452969e-05 1.488838316758287058e-03
2.134608972916749142e-04 -1.077089213025793173e-04 8.430760604796110145e-04 0.000000000000000000e+00 5.828543592520681440e-04 3.355813942481320768e-04 -3.956403416286692013e-04 -1.112444329021255177e-04 -1.112251979843432547e-04 -7.540435958134296575e-04 -6.051706789008497438e-04 -2.537650088633160400e-04
-2.492393931642901904e-04 4.534151042888134061e-04 -7.474103728602224080e-04 5.828543592520681440e-04 0.000000000000000000e+00 -1.153309306920220940e-03 5.851283519031352928e-04 1.619476838375206128e-04 -2.833454448162652070e-04 8.972252072636141247e-04 4.818436026724324953e-04 2.216039136322120798e-04
-1.203440352116939241e-04 -9.324041186757830264e-04 -4.081005235510404652e-04 3.355813942481320768e-04 -1.153309306920220940e-03 0.000000000000000000e+00 4.713583233388407372e-04 -2.179564212534945689e-04 7.826822853112085088e-04 8.836683551404845086e-04 -4.552751643224814512e-04 -9.907909166955515719e-04
-5.371593342722256201e-04 2.068353873211778373e-04 -6.877001360148586291e-04 -3.956403416286692013e-04 5.851283519031352928e-04 4.713583233388407372e-04 0.000000000000000000e+00 -6.979969365105182129e-04 7.172509484826074559e-04 -1.970542534436676811e-03 5.980300524414634762e-05 2.553458097504338899e-04
5.383868638750198771e-04 4.401961715020921077e-04 -1.503541931908879874e-03 -1.112444329021255177e-04 1.619476838375206128e-04 -2.179564212534945689e-04 -6.979969365105182129e-04 0.000000000000000000e+00 -3.300516595374596821e-04 -2.103087385677739323e-03 1.033496000538734923e-03 -9.870937660172043968e-04
-5.025758278502667504e-04 -3.987904498899894136e-06 -1.272171976207939030e-03 -1.112251979843432547e-04 -2.833454448162652070e-04 7.826822853112085088e-04 7.172509484826074559e-04 -3.300516595374596821e-04 0.000000000000000000e+00 -1.669890174313708262e-03 1.385646253198587565e-04 1.164264178463167643e-04
-1.260885170101846454e-03 -1.613706294636660463e-03 2.463022699079716032e-03 -7.540435958134296575e-04 8.972252072636141247e-04 8.836683551404845086e-04 -1.970542534436676811e-03 -2.103087385677739323e-03 -1.669890174313708262e-03 0.000000000000000000e+00 -2.051004422742185376e-03 4.374309215246441817e-04
-5.025481532223893258e-04 -1.339727542339730717e-04 6.775893886496452969e-05 -6.051706789008497438e-04 4.818436026724324953e-04 -4.552751643224814512e-04 5.980300524414634762e-05 1.033496000538734923e-03 1.385646253198587565e-04 -2.051004422742185376e-03 0.000000000000000000e+00 -3.003219592695774410e-04
-3.491134277761873735e-04 1.685137365730323485e-04 1.488838316758287058e-03 -2.537650088633160400e-04 2.216039136322120798e-04 -9.907909166955515719e-04 2.553458097504338899e-04 -9.870937660172043968e-04 1.164264178463167643e-04 4.374309215246441817e-04 -3.003219592695774410e-04 0.000000000000000000e+00
