0.000000000000000000e+00 4.481356715303052717e-04 -8.880681961683184553e-04 5.765653336733270531e-04 7.578030417263051995e-05 -3.382343753487126699e-05 -3.655085571580539167e-04 6.662229142202964229e-04 -1.863003750440526734e-04 -6.946999937200122122e-04 -9.546285940326934864e-05 3.970688666803581096e-04
4.481356715303052717e-04 0.000000000000000000e+00 1.305063243699194691e-03 -3.120773032511744028e-05 1.947685404538950459e-04 3.097359440596928349e-04 -7.709444917149365056e-05 3.240081982939167467e-04 9.368018463410712456e-04 2.901893784695772360e-06 -3.944617623517569479e-04 -3.392763035570476714e-04
-8.880681961683184553e-04 1.305063243699194691e-03 0.000000000000000000e+00 -5.626315276695484239e-04 -9.733889584279377611e-04 -2.907695352153220067e-04 -1.695503291271136448e-03 1.065513723164299631e-03 6.188897459977298066e-04 5.232769852059774261e-03 -1.791340324165078017e-03 -9.854493905447053032e-04
5.765653336733270531e-04 -3.120773032511744028e-05 -5.626315276695484239e-04 0.000000000000000000e+00 5.268210379389992896e-04 -1.094176550005009942e-03 3.949458775861294248e-04 -1.259279407892824310e-04 -4.129287835539840264e-04 1.765336932976606724e-03 -1.330202324144468700e-04 9.456568616360962805e-05
7.578030417263051995e-05 1.947685404538950459e-04 -9.733889584279377611e-04 5.268210379389992896e-04 0.000000000000000000e+00 -6.823700688846509816e-04 7.789233758760279441e-04 4.606078774358750592e-05 6.862334914082258660e-05 1.389508615547061041e-03 1.987205099014940153e-04 8.237539880908062093e-04
-3.382343753487126699e-05 3.097359440596928349e-04 -2.907695352153220067e-04 -1.094176550005009942e-03 -6.823700688846509816e-04 0.000000000000000000e+00 8.014600761482104999e-04 5.635855262603452166e-04 1.576096931272382914e-04 -6.932966496570581137e-04 -1.311350760573998069e-03 2.019107828797779829e-04
-3.655085571580539167e-04 -7.709444917149365056e-05 -1.695503291271136448e-03 3.949458775861294248e-04 7.789233758760279441e-04 8.014600761482104999e-04 0.000000000000000000e+00 -1.963988398599654267e-04 -6.718859328267561557e-04 1.754727514238885611e-03 -4.073970020469101566e-04 -3.733336040639658924e-04
6.662229142202964229e-04 3.240081982939167467e-04 1.065513723164299631e-03 -1.259279407892824310e-04 4.606078774358750592e-05 5.635855262603452166e-04 -1.963988398599654267e-04 0.000000000000000000e+00 6.913001709975325111e-05 1.011046365562390942e-03 -7.319472415994452471e-04 9.906994949839503621e-04
-1.863003750440526734e-04 9.368018463410712456e-04 6.188897459977298066e-04 -4.129287835539840264e-04 6.862334914082258660e-05 1.576096931272382914e-04 -6.718859328267561557e-04 6.913001709975325111e-05 0.000000000000000000e+00 -1.157565257749686768e-03 8.644274640159014091e-04 4.008426847776480465e-04
-6.946999937200122122e-04 2.901893784695772360e-06 5.232769852059774261e-03 1.765336932976606724e-03 1.389508615547061041e-03 -6.932966496570581137e-04 1.754727514238885611e-03 1.011046365562390942e-03 -1.157565257749686768e-03 0.000000000000000000e+00 -3.919595014994699277e-04 1.084432924008246410e-03
-9.546285940326934864e-05 -3.944617623517569479e-04 -1.791340324165078017e-03 -1.330202324144468700e-04 1.987205099014940153e-04 -1.311350760573998069e-03 -4.073970020469101566e-04 -7.319472415994452471e-04 8.644274640159014091e-04 -3.919595014994699277e-04 0.000000000000000000e+00 3.497696987469825752e-04
3.970688666803581096e-04 -3.392763035570476714e-04 -9.854493905447053032e-04 9.456568616360962805e-05 8.237539880908062093e-04 2.019107828797779829e-04 -3.733336040639658924e-04 9.906994949839503621e-04 4.008426847776480465e-04 1.084432924008246410e-03 3.497696987469825752e-04 0.000000000000000000e+00
