0.000000000000000000e+00 7.076960291704431963e-05 4.223106443653096590e-04 4.957682580486982008e-05 -3.636456649816887515e-04 1.130846098247755466e-04 -4.231440111720684612e-06 -1.715784878443638126e-04 5.895734955348745556e-04 8.226065312627303455e-04 -6.762319621705346635e-04 -3.616693020520033732e-04
7.076960291704431963e-05 0.000000000000000000e+00 3.649431302872889926e-04 -2.667923240938660729e-04 -1.663400938318482800e-04 -6.419710806165167954e-04 3.190718269207670174e-05 2.482579063337131495e-04 1.999889613577710153e-04 -6.026761963638653952e-04 -1.290932917966624541e-04 -1.288659358909900114e-04
4.223106443653096590e-04 3.649431302872889926e-04 0.000000000000000000e+00 1.481200975246821079e-04 -4.736455575605418673e-04 -1.272005159368694120e-03 -1.909834277452453493e-04 -1.366027226019259858e-03 3.297980662291986279e-03 7.434900878377149374e-04 1.036787545199667482e-03 -1.641217855791859406e-04
4.957682580486982008e-05 -2.667923240938660729e-04 1.481200975246821079e-04 0.000000000000000000e+00 -7.870887791011827892e-04 -7.331182372049678498e-04 -2.778343943513853919e-04 2.965775303093115631e-04 -7.447994126493013211e-04 1.262382820504054717e-03 1.019406381780351870e-04 -1.037956893086672928e-04
-3.636456649816887515e-04 -1.663400938318482800e-04 -4.736455575605418673e-04 -7.870887791011827892e-04 0.000000000000000000e+00 -4.022498789164272994e-04 3.197363769178393364e-05 1.128495655508127409e-04 -4.723121147253766194e-04 1.771829800858275468e-03 -5.673538646834813925e-05 -3.899985375258725154e-04
1.130846098247755466e-04 -6.419710806165167954e-04 -1.272005159368694120e-03 -7.331182372049678498e-04 -4.022498789164272994e-04 0.000000000000000000e+00 -8.221838240676155631e-04 -5.677395426391487233e-04 -7.878933736595486285e-04 -8.808919182151378957e-04 3.373836526424952957e-04 3.074526265881474124e-04
-4.231440111720684612e-06 3.190718269207670174e-05 -1.909834277452453493e-04 -2.778343943513853919e-04 3.197363769178393364e-05 -8.221838240676155631e-04 0.000000000000000000e+00 -1.999533579241294639e-04 6.056014062305474554e-04 -6.559502158236434413e-04 -2.845605948359623870e-04 -1.664169417744343577e-04
-1.715784878443638126e-04 2.482579063337131495e-04 -1.366027226019259858e-03 2.965775303093115631e-04 1.128495655508127409e-04 -5.677395426391487233e-04 -1.999533579241294639e-04 0.000000000000000000e+00 -3.249908320934422079e-04 1.600263282761838456e-03 -5.119532995814656418e-04 7.176945862881508979e-04
5.895734955348745556e-04 1.999889613577710153e-04 3.297980662291986279e-03 -7.447994126493013211e-04 -4.723121147253766194e-04 -7.878933736595486285e-04 6.056014062305474554e-04 -3.249908320934422079e-04 0.000000000000000000e+00 -2.160018029119120404e-03 -9.080323364706101861e-04 7.054746000477746942e-04
8.226065312627303455e-04 -6.026761963638653952e-04 7.434900878377149374e-04 1.262382820504054717e-03 1.771829800858275468e-03 -8.808919182151378957e-04 -6.559502158236434413e-04 1.600263282761838456e-03 -2.160018029119120404e-03 0.000000000000000000e+00 1.806364418526415754e-04 8.937425614992337689e-05
-6.762319621705346635e-04 -1.290932917966624541e-04 1.036787545199667482e-03 1.019406381780351870e-04 -5.673538646834813925e-05 3.373836526424952957e-04 -2.845605948359623870e-04 -5.119532995814656418e-04 -9.080323364706101861e-04 1.806364418526415754e-04 0.000000000000000000e+00 2.197576657849856045e-05
-3.616693020520033732e-04 -1.288659358909900114e-04 -1.641217855791859406e-04 -1.037956893086672928e-04 -3.899985375258725154e-04 3.074526265881474124e-04 -1.664169417744343577e-04 7.176945862881508979e-04 7.054746000477746942e-04 8.937425614992337689e-05 2.197576657849856045e-05 0.000000000000000000e+00
