0.000000000000000000e+00 3.778010127189280532e-04 -2.574870176395285468e-05 1.297718781010184807e-04 -3.420124340071675978e-04 -7.339143585357816918e-04 -1.635411583332511715e-04 -9.593443306279094318e-05 1.246509541440047936e-04 -4.689476640486628400e-04 -1.301061693601976130e-05 3.916694947283077253e-04
3.778010127189280532e-04 0.000000000000000000e+00 -8.146887970895200833e-04 6.053604447642065749e-04 -8.116197572402440025e-04 -6.487606783418366566e-04 -4.753303613418367597e-04 6.748112062069682631e-04 -7.939695646399304611e-05 -5.752189318544979240e-04 9.570820083782069238e-04 6.732834363051879128e-05
-2.574870176395285468e-05 -8.146887970895200833e-04 0.000000000000000000e+00 6.525822706225739046e-04 -1.985590267770299608e-03 3.452217360621104639e-03 6.030702229710907395e-04 8.749708270494804211e-04 1.104101693860537730e-03 -1.833047119205904671e-03 -1.112585834860919031e-03 -2.286056229127175418e-03
1.297718781010184807e-04 6.053604447642065749e-04 6.525822706225739046e-04 0.000000000000000000e+00 -3.016982036268021439e-04 4.759174023640371258e-04 -3.741959495299404244e-04 2.200053043139942835e-04 3.369662323709360363e-04 3.179640244910374061e-04 -4.425921232056232281e-04 -8.530024821629301904e-04
-3.420124340071675978e-04 -8.116197572402440025e-04 -1.985590267770299608e-03 -3.016982036268021439e-04 0.000000000000000000e+00 6.517784492524733228e-04 -7.002650069730487030e-04 1.040452304134952552e-03 4.619131007135069181e-04 9.614655517209007339e-04 -8.864954510220859462e-05 1.622141335976702960e-03
-7.339143585357816918e-04 -6.487606783418366566e-04 3.452217360621104639e-03 4.759174023640371258e-04 6.517784492524733228e-04 0.000000000000000000e+00 -3.406028467347216337e-04 2.002466216151647851e-04 1.273797907551333308e-04 -6.603729696032850302e-04 6.578587148403098727e-04 -1.995178420848001209e-03
-1.635411583332511715e-04 -4.753303613418367597e-04 6.030702229710907395e-04 -3.741959495299404244e-04 -7.002650069730487030e-04 -3.406028467347216337e-04 0.000000000000000000e+00 -1.552893037556939073e-04 -2.084652215105783435e-04 5.594939867327564749e-04 -6.354550767461472453e-04 1.035533016105659931e-03
-9.593443306279094318e-05 6.748112062069682631e-04 8.749708270494804211e-04 2.200053043139942835e-04 1.040452304134952552e-03 2.002466216151647851e-04 -1.552893037556939073e-04 0.000000000000000000e+00 1.321669601764176988e-04 3.973030417245647762e-04 -9.662938517254868100e-05 -4.144273020034124392e-04
1.246509541440047936e-04 -7.939695646399304611e-05 1.104101693860537730e-03 3.369662323709360363e-04 4.619131007135069181e-04 1.273797907551333308e-04 -2.084652215105783435e-04 1.321669601764176988e-04 0.000000000000000000e+00 -1.083112661415448893e-03 -1.574292866126836732e-04 -7.137916394908544460e-04
-4.689476640486628400e-04 -5.752189318544979240e-04 -1.833047119205904671e-03 3.179640244910374061e-04 9.614655517209007339e-04 -6.603729696032850302e-04 5.594939867327564749e-04 3.973030417245647762e-04 -1.083112661415448893e-03 0.000000000000000000e+00 -6.126070976985273668e-04 -1.614943054842803887e-03
-1.301061693601976130e-05 9.570820083782069238e-04 -1.112585834860919031e-03 -4.425921232056232281e-04 -8.864954510220859462e-05 6.578587148403098727e-04 -6.354550767461472453e-04 -9.662938517254868100e-05 -1.574292866126836732e-04 -6.126070976985273668e-04 0.000000000000000000e+00 -3.571790211670472850e-04
3.916694947283077253e-04 6.732834363051879128e-05 -2.286056229127175418e-03 -8.530024821629301904e-04 1.622141335976702960e-03 -1.995178420848001209e-03 1.035533016105659931e-03 -4.144273020034124392e-04 -7.137916394908544460e-04 -1.614943054842803887e-03 -3.571790211670472850e-04 0.000000000000000000e+00
