0.000000000000000000e+00 2.520436964905338386e-04 5.266665771310883237e-04 2.330716047564828795e-04 1.948522518132030448e-04 2.998718848302100808e-04 -5.609635605801852878e-04 -4.399746482275638973e-04 2.870963850498533068e-04 4.090711078983012426e-04 3.726934281459138004e-04 -6.155069289196541272e-04
2.520436964905338386e-04 0.000000000000000000e+00 -2.078640056540292502e-03 5.402540169046325278e-04 1.714800693479677214e-04 5.108612582424782914e-05 9.102240834574830625e-04 -8.427637121164009845e-05 4.912581287350151118e-04 9.725958169310650395e-04 -6.025129569041353641e-05 -1.171555215602154958e-03
5.266665771310883237e-04 -2.078640056540292502e-03 0.000000000000000000e+00 9.283693499792623283e-04 2.950518883836650849e-04 -4.496442194849211571e-05 -1.062404804675615285e-03 2.078200030116316658e-03 -1.775293018364991005e-03 2.961016466054731608e-03 4.706027416538573378e-05 3.439085300712853960e-04
2.330716047564828795e-04 5.402540169046325278e-04 9.283693499792623283e-04 0.000000000000000000e+00 -2.383052076731512615e-04 -3.858828708453458569e-04 -7.596986755297270219e-05 1.226954287993318202e-04 2.141313129911327675e-04 1.854596709810110830e-04 -6.944076049420322796e-05 -3.568910418144913586e-05
1.948522518132030448e-04 1.714800693479677214e-04 2.950518883836650849e-04 -2.383052076731512615e-04 0.000000000000000000e+00 1.193536323159742922e-03 -2.865770191540758854e-04 9.981288773580157016e-04 8.181456632279543754e-04 -8.985711646174375468e-04 -4.372973177264673125e-05 -4.889709139742095232e-05
2.998718848302100808e-04 5.108612582424782914e-05 -4.496442194849211571e-05 -3.858828708453458569e-04 1.193536323159742922e-03 0.000000000000000000e+00 1.221763714095253854e-04 -9.915361328769094554e-04 -1.159451000387102604e-03 -1.590678891336409729e-03 2.803615709381448193e-04 -1.218753192252503134e-03
-5.609635605801852878e-04 9.102240834574830625e-04 -1.062404804675615285e-03 -7.596986755297270219e-05 -2.865770191540758854e-04 1.221763714095253854e-04 0.000000000000000000e+00 2.726466997845947236e-04 -4.758086566026516260e-04 3.446892945480737225e-04 1.148978452478785061e-04 -1.012426715479967773e-05
-4.399746482275638973e-04 -8.427637121164009845e-05 2.078200030116316658e-03 1.226954287993318202e-04 9.981288773580157016e-04 -9.915361328769094554e-04 2.726466997845947236e-04 0.000000000000000000e+00 2.668711628171847156e-04 1.847812623208931889e-04 -1.608313036330559324e-04 -4.327663327823884614e-04
2.870963850498533068e-04 4.912581287350151118e-04 -1.775293018364991005e-03 2.141313129911327675e-04 8.181456632279543754e-04 -1.159451000387102604e-03 -4.758086566026516260e-04 2.668711628171847156e-04 0.000000000000000000e+00 -5.321704126281416114e-04 -1.419615675726963256e-04 4.821268477183050425e-04
4.090711078983012426e-04 9.725958169310650395e-04 2.961016466054731608e-03 1.854596709810110830e-04 -8.985711646174375468e-04 -1.590678891336409729e-03 3.446892945480737225e-04 1.847812623208931889e-04 -5.321704126281416114e-04 0.000000000000000000e+00 3.355777383762566647e-04 5.880090900443607623e-04
3.726934281459138004e-04 -6.025129569041353641e-05 4.706027416538573378e-05 -6.944076049420322796e-05 -4.372973177264673125e-05 2.803615709381448193e-04 1.148978452478785061e-04 -1.608313036330559324e-04 -1.419615675726963256e-04 3.355777383762566647e-04 0.000000000000000000e+00 1.004583530641139211e-04
-6.155069289196541272e-04 -1.171555215602154958e-03 3.439085300712853960e-04 -3.568910418144913586e-05 -4.889709139742095232e-05 -1.218753192252503134e-03 -1.012426715479967773e-05 -4.327663327823884614e-04 4.821268477183050425e-04 5.880090900443607623e-04 1.004583530641139211e-04 0.000000000000000000e+00
