0.000000000000000000e+00 -6.377533753218600889e-04 1.611096424225381182e-03 -1.953957284734303770e-04 2.413456674750300685e-04 7.978777861477355645e-04 -1.961629524746692007e-04 4.281620982653644848e-04 -4.887176291463171326e-04 -1.075247903251105814e-04 2.507906525081310531e-04 3.714193377079052626e-04
-6.377533753218600889e-04 0.000000000000000000e+00 -6.944782509436336036e-04 -3.958385970169985419e-05 -2.465837103862396676e-04 -9.757764450632304409e-04 -1.668816428709430743e-04 4.408408010528869062e-04 7.306121259743674975e-04 -1.662573997989024409e-03 -5.422884282186242249e-04 7.085612351059293211e-04
1.611096424225381182e-03 -6.944782509436336036e-04 0.000000000000000000e+00 2.127086269294034009e-05 -2.384012525229840980e-03 8.662321705629016759e-04 3.465980904042421343e-04 -1.359646175153621152e-03 1.141968853859977231e-03 1.382873453302195218e-03 1.324898318701575031e-03 1.616087437133604263e-03
-1.953957284734303770e-04 -3.958385970169985419e-05 2.127086269294034009e-05 0.000000000000000000e+00 -1.117483079456569044e-04 -1.002765138648271546e-03 3.154555092141813136e-04 -3.254106276994506749e-04 -4.340859651028426019e-04 -8.275582842936623357e-05 2.648207416650673893e-04 4.289507451202988404e-04
2.413456674750300685e-04 -2.465837103862396676e-04 -2.384012525229840980e-03 -1.117483079456569044e-04 0.000000000000000000e+00 2.886431549137283780e-04 3.357827374483532694e-04 5.235659732109255093e-04 -1.240894103107467858e-03 -2.423633541036757674e-04 -2.676027663357152938e-04 7.150902195234512147e-04
7.978777861477355645e-04 -9.757764450632304409e-04 8.662321705629016759e-04 -1.002765138648271546e-03 2.886431549137283780e-04 0.000000000000000000e+00 -3.083428029038259681e-04 7.043528600873225380e-05 -3.193860094680841481e-04 -2.786469435494512599e-03 4.901469200751264448e-04 7.765122818005288025e-04
-1.961629524746692007e-04 -1.668816428709430743e-04 3.465980904042421343e-04 3.154555092141813136e-04 3.357827374483532694e-04 -3.083428029038259681e-04 0.000000000000000000e+00 4.054649583507089909e-05 6.508658513323383417e-06 6.661946562633016752e-04 1.688235244367081102e-04 -3.446295495098147636e-04
4.281620982653644848e-04 4.408408010528869062e-04 -1.359646175153621152e-03 -3.254106276994506749e-04 5.235659732109255093e-04 7.043528600873225380e-05 4.054649583507089909e-05 0.000000000000000000e+00 -1.981949848758036124e-04 1.085987387665614300e-03 4.082093980172650689e-04 -1.447719799168453291e-03
-4.887176291463171326e-04 7.306121259743674975e-04 1.141968853859977231e-03 -4.340859651028426019e-04 -1.240894103107467858e-03 -3.193860094680841481e-04 6.508658513323383417e-06 -1.981949848758036124e-04 0.000000000000000000e+00 2.120736873207112105e-04 -5.143365947438625603e-04 2.348017452824874480e-04
-1.075247903251105814e-04 -1.662573997989024409e-03 1.382873453302195218e-03 -8.275582842936623357e-05 -2.423633541036757674e-04 -2.786469435494512599e-03 6.661946562633016752e-04 1.085987387665614300e-03 2.120736873207112105e-04 0.000000000000000000e+00 6.513065536559769012e-04 -1.006072079205408074e-03
2.507906525081310531e-04 -5.422884282186242249e-04 1.324898318701575031e-03 2.648207416650673893e-04 -2.676027663357152938e-04 4.901469200751264448e-04 1.688235244367081102e-04 4.082093980172650689e-04 -5.143365947438625603e-04 6.513065536559769012e-04 0.000000000000000000e+00 3.531264977512176776e-04
3.714193377079052626e-04 7.085612351059293211e-04 1.616087437133604263e-03 4.289507451202988404e-04 7.150902195234512147e-04 7.765122818005288025e-04 -3.446295495098147636e-04 -1.447719799168453291e-03 2.348017452824874480e-04 -1.006072079205408074e-03 3.531264977512176776e-04 0.000000000000000000e+00
