0.000000000000000000e+00 -4.689373634972926496e-04 -8.570192729678071460e-05 -1.125450158986059053e-04 1.698635364569694734e-04 3.319988994228812134e-05 1.254027027355355238e-04 6.780709920675909641e-04 5.304281787009951883e-04 -2.014952475495280983e-04 7.160658249934088158e-05 7.086255785373339513e-05
-4.689373634972926496e-04 0.000000000000000000e+00 -3.434172050325410164e-03 4.717454206950667589e-04 1.125400917833442420e-03 2.573281905713973184e-03 -2.616040479133101716e-04 -4.563331178381681746e-05 9.917082687714662368e-04 -1.944527563163184853e-03 6.255908542968843789e-05 -1.898376214940462360e-03
-8.570192729678071460e-05 -3.434172050325410164e-03 0.000000000000000000e+00 1.150249677920006045e-03 -2.461026896621884650e-03 2.236525734260306261e-03 1.227029070503884338e-03 1.434428243523739601e-04 -3.628231778607757686e-04 -1.298786557527086471e-03 -2.044896339460559420e-04 -5.033418778351518227e-04
-1.125450158986059053e-04 4.717454206950667589e-04 1.150249677920006045e-03 0.000000000000000000e+00 -5.981168102011416273e-04 -8.821810289855629757e-04 8.719836620386199459e-05 1.335756380140149999e-04 5.213585801324424965e-04 -9.680993463539712624e-04 5.522372084332380273e-05 -3.702291464779632448e-04
1.698635364569694734e-04 1.125400917833442420e-03 -2.461026896621884650e-03 -5.981168102011416273e-04 0.000000000000000000e+00 6.692531479312002459e-04 3.516330550871088782e-04 2.257999256900802167e-05 -7.128563067691827491e-04 -1.179189119154728594e-03 -2.230784770992445321e-04 1.226137503818430959e-03
3.319988994228812134e-05 2.573281905713973184e-03 2.236525734260306261e-03 -8.821810289855629757e-04 6.692531479312002459e-04 0.000000000000000000e+00 -7.424632498338655734e-04 -7.713668609494746904e-04 -7.877774132628737134e-04 -1.141561124992891392e-03 1.297947177420535599e-04 -1.268659831829352901e-03
1.254027027355355238e-04 -2.616040479133101716e-04 1.227029070503884338e-03 8.719836620386199459e-05 3.516330550871088782e-04 -7.424632498338655734e-04 0.000000000000000000e+00 -3.902370649839863835e-04 -1.199742419249213125e-04 -9.096266381972917476e-04 -2.398145782859173664e-04 -2.757676283038111640e-04
6.780709920675909641e-04 -4.563331178381681746e-05 1.434428243523739601e-04 1.335756380140149999e-04 2.257999256900802167e-05 -7.713668609494746904e-04 -3.902370649839863835e-04 0.000000000000000000e+00 4.529827668763751133e-04 -1.520067307184740698e-03 5.181372266575841974e-04 7.439916375837138515e-04
5.304281787009951883e-04 9.917082687714662368e-04 -3.628231778607757686e-04 5.213585801324424965e-04 -7.128563067691827491e-04 -7.877774132628737134e-04 -1.199742419249213125e-04 4.529827668763751133e-04 0.000000000000000000e+00 -7.648885503386844810e-04 -3.831940580386057182e-04 9.539323741299617120e-04
-2.014952475495280983e-04 -1.944527563163184853e-03 -1.298786557527086471e-03 -9.680993463539712624e-04 -1.179189119154728594e-03 -1.141561124992891392e-03 -9.096266381972917476e-04 -1.520067307184740698e-03 -7.648885503386844810e-04 0.000000000000000000e+00 2.363015048013849780e-04 8.564163029774996775e-04
7.160658249934088158e-05 6.255908542968843789e-05 -2.044896339460559420e-04 5.522372084332380273e-05 -2.230784770992445321e-04 1.297947177420535599e-04 -2.398145782859173664e-04 5.181372266575841974e-04 -3.831940580386057182e-04 2.363015048013849780e-04 0.000000000000000000e+00 -1.153977526261142425e-04
7.086255785373339513e-05 -1.898376214940462360e-03 -5.033418778351518227e-04 -3.702291464779632448e-04 1.226137503818430959e-03 -1.268659831829352901e-03 -2.757676283038111640e-04 7.439916375837138515e-04 9.539323741299617120e-04 8.564163029774996775e-04 -1.153977526261142425e-04 0.000000000000000000e+00
