0.000000000000000000e+00 -1.191789286773355019e-03 3.220695243250681406e-04 3.670797763638036868e-03 -1.002857629410928091e-04 -1.940577253882057925e-03 -1.710072854369379858e-04 4.470939678195210549e-04 -6.590264009900572957e-04 6.486633272729793939e-04 -8.083252572599828852e-04 7.035729116969182285e-04
-1.191789286773355019e-03 0.000000000000000000e+00 -7.962133217118633546e-04 -2.601358917688033215e-04 5.239376362826233050e-04 1.116671875586746054e-04 -1.335850166175296493e-06 2.161433881967055417e-04 1.608969333800543708e-04 6.725026705604536872e-04 -3.867027697924949915e-04 2.064401874278656629e-04
3.220695243250681406e-04 -7.962133217118633546e-04 0.000000000000000000e+00 1.447816157586581415e-04 1.565357346354286257e-03 6.396453517316292746e-04 -2.635918852926380572e-04 2.248704769495549511e-05 -6.170362529616121123e-04 -9.255379975461862916e-05 -7.762754431466279987e-04 -4.793103748841465021e-04
3.670797763638036868e-03 -2.601358917688033215e-04 1.447816157586581415e-04 0.000000000000000000e+00 6.804517715713461964e-04 -2.784298088955648991e-03 -3.421116445149805885e-04 4.198718504127884666e-04 -1.052024178007183140e-03 -7.400007423305710258e-04 2.056144519896910446e-03 -2.291094853596844008e-04
-1.002857629410928091e-04 5.239376362826233050e-04 1.565357346354286257e-03 6.804517715713461964e-04 0.000000000000000000e+00 1.779221367549125351e-03 4.843707688221853035e-04 -6.857488181559494777e-05 3.148969130853482724e-04 -4.683565158223600990e-04 1.002273205441758580e-03 2.972830191558763408e-04
-1.940577253882057925e-03 1.116671875586746054e-04 6.396453517316292746e-04 -2.784298088955648991e-03 1.779221367549125351e-03 0.000000000000000000e+00 -1.790227212132446241e-04 -3.663090569832507383e-04 -4.992713557878548231e-04 4.945432897539091239e-05 1.070547827101485643e-03 4.177501202936447183e-04
-1.710072854369379858e-04 -1.335850166175296493e-06 -2.635918852926380572e-04 -3.421116445149805885e-04 4.843707688221853035e-04 -1.790227212132446241e-04 0.000000000000000000e+00 -6.162309842619887530e-05 -3.755830890894818705e-05 -4.123839064179165258e-04 8.209556354145650700e-05 1.543508512937204235e-04
4.470939678195210549e-04 2.161433881967055417e-04 2.248704769495549511e-05 4.198718504127884666e-04 -6.857488181559494777e-05 -3.663090569832507383e-04 -6.162309842619887530e-05 0.000000000000000000e+00 5.850253080584922932e-05 2.405058051107948614e-04 4.210389390677383276e-04 2.622457910219749529e-04
-6.590264009900572957e-04 1.608969333800543708e-04 -6.170362529616121123e-04 -1.052024178007183140e-03 3.148969130853482724e-04 -4.992713557878548231e-04 -3.755830890894818705e-05 5.850253080584922932e-05 0.000000000000000000e+00 -4.863763402424547142e-04 -1.043652100283413899e-03 7.976046723169446725e-04
6.486633272729793939e-04 6.725026705604536872e-04 -9.255379975461862916e-05 -7.400007423305710258e-04 -4.683565158223600990e-04 4.945432897539091239e-05 -4.123839064179165258e-04 2.405058051107948614e-04 -4.863763402424547142e-04 0.000000000000000000e+00 8.305853052170497988e-05 -5.429599854901338103e-04
-8.083252572599828852e-04 -3.867027697924949915e-04 -7.762754431466279987e-04 2.056144519896910446e-03 1.002273205441758580e-03 1.070547827101485643e-03 8.209556354145650700e-05 4.210389390677383276e-04 -1.043652100283413899e-03 8.305853052170497988e-05 0.000000000000000000e+00 -4.080917648333529752e-04
7.035729116969182285e-04 2.064401874278656629e-04 -4.793103748841465021e-04 -2.291094853596844008e-04 2.972830191558763408e-04 4.177501202936447183e-04 1.543508512937204235e-04 2.622457910219749529e-04 7.976046723169446725e-04 -5.429599854901338103e-04 -4.080917648333529752e-04 0.000000000000000000e+00
