0.000000000000000000e+00 1.084797211112526740e-03 -8.147460255849547093e-04 -2.157864072088679433e-03 -5.209627996389401636e-04 2.492308032246581210e-03 -2.006696608331189925e-04 5.168941633888267211e-04 7.192746301748558998e-05 -8.144606721912627531e-04 2.269009870201559899e-03 -1.157501496366902024e-03
1.084797211112526740e-03 0.000000000000000000e+00 -5.107443701699479043e-04 1.426037793073554102e-03 7.360240612226666380e-04 8.234139318971816536e-04 -2.817655603233905608e-04 1.012583603706423155e-04 -6.963078013841129997e-04 3.460021427155817418e-04 -8.908117832611317684e-04 -1.906637843912049705e-04
-8.147460255849547093e-04 -5.107443701699479043e-04 0.000000000000000000e+00 3.359953875007276971e-04 -1.064260476664698196e-03 1.327509125810701204e-03 2.268655774656753623e-06 -3.675319023063225698e-05 -2.218466382527902088e-04 6.795016796135162592e-05 -2.960819756879659809e-04 2.674996449304782521e-04
-2.157864072088679433e-03 1.426037793073554102e-03 3.359953875007276971e-04 0.000000000000000000e+00 -7.855968091773025876e-04 -9.735665451978765730e-04 -1.602446761059133674e-04 -1.885965872372788725e-04 1.169654930117733897e-04 4.798689153615218715e-04 -2.922255190593952458e-05 8.321067682389039072e-04
-5.209627996389401636e-04 7.360240612226666380e-04 -1.064260476664698196e-03 -7.855968091773025876e-04 0.000000000000000000e+00 -4.415634409997054089e-04 1.776538171035364180e-04 -4.367711224403117106e-04 -1.141654125164667479e-04 5.428784558471188432e-04 1.088511498133120162e-03 3.660455816483895101e-04
2.492308032246581210e-03 8.234139318971816536e-04 1.327509125810701204e-03 -9.735665451978765730e-04 -4.415634409997054089e-04 0.000000000000000000e+00 4.003559929159000242e-04 2.408711105582748339e-04 -9.623624055623178049e-04 2.560411550861720848e-05 1.442357784857510811e-03 5.190533968358339474e-04
-2.006696608331189925e-04 -2.817655603233905608e-04 2.268655774656753623e-06 -1.602446761059133674e-04 1.776538171035364180e-04 4.003559929159000242e-04 0.000000000000000000e+00 -1.495832070261268265e-04 7.520499051298783548e-06 1.531623526469263444e-04 1.874368888592350209e-04 1.707142085336936892e-05
5.168941633888267211e-04 1.012583603706423155e-04 -3.675319023063225698e-05 -1.885965872372788725e-04 -4.367711224403117106e-04 2.408711105582748339e-04 -1.495832070261268265e-04 0.000000000000000000e+00 2.250140813202019803e-04 1.918772524256343970e-04 -3.983311426781898246e-04 4.801168242848337034e-06
7.192746301748558998e-05 -6.963078013841129997e-04 -2.218466382527902088e-04 1.169654930117733897e-04 -1.141654125164667479e-04 -9.623624055623178049e-04 7.520499051298783548e-06 2.250140813202019803e-04 0.000000000000000000e+00 4.959783928297063728e-04 9.493394835320095697e-04 -4.841387710720500737e-04
-8.144606721912627531e-04 3.460021427155817418e-04 6.795016796135162592e-05 4.798689153615218715e-04 5.428784558471188432e-04 2.560411550861720848e-05 1.531623526469263444e-04 1.918772524256343970e-04 4.959783928297063728e-04 0.000000000000000000e+00 3.981842335770455037e-04 2.087923169662121096e-04
2.269009870201559899e-03 -8.908117832611317684e-04 -2.960819756879659809e-04 -2.922255190593952458e-05 1.088511498133120162e-03 1.442357784857510811e-03 1.874368888592350209e-04 -3.983311426781898246e-04 9.493394835320095697e-04 3.981842335770455037e-04 0.000000000000000000e+00 7.707678496739325596e-04
-1.157501496366902024e-03 -1.906637843912049705e-04 2.674996449304782521e-04 8.321067682389039072e-04 3.660455816483895101e-04 5.190533968358339474e-04 1.707142085336936892e-05 4.801168242848337034e-06 -4.841387710720500737e-04 2.087923169662121096e-04 7.707678496739325596e-04 0.000000000000000000e+00
