0.000000000000000000e+00 1.660607647135162168e-04 -9.788480884011796501e-04 -1.545415234393695061e-03 1.174193850421636565e-03 -5.656552981997699757e-04 1.355984722786215806e-05 1.533398889986804466e-04 2.027631175843326141e-05 1.232150714008417710e-03 1.751381576313636992e-03 1.030063603919051602e-03
1.660607647135162168e-04 0.000000000000000000e+00 2.394459095158125872e-05 -3.530569538164122210e-04 4.180258392548451816e-04 6.041112952629143279e-04 3.346508138654142196e-04 1.799241137620331127e-04 2.779202334918362939e-04 -2.049610769334966605e-04 -4.719209267479508628e-04 -1.608691421484672126e-04
-9.788480884011796501e-04 2.394459095158125872e-05 0.000000000000000000e+00 -1.011287619115990065e-03 -1.008303989549110295e-03 -6.485986954818811915e-04 -1.494531884293587424e-05 -1.293209343263056839e-04 3.814857845119713200e-04 -1.591506518598426807e-05 -9.515223189086532843e-04 -5.081973772464530429e-05
-1.545415234393695061e-03 -3.530569538164122210e-04 -1.011287619115990065e-03 0.000000000000000000e+00 1.208569194840807383e-03 -1.303442173735977353e-03 1.104983686461264271e-03 -4.007659490129714271e-04 -8.681964436981397595e-04 -9.167289355138570368e-04 -1.745525339571765396e-03 6.752935979781845340e-04
1.174193850421636565e-03 4.180258392548451816e-04 -1.008303989549110295e-03 1.208569194840807383e-03 0.000000000000000000e+00 8.005562062271439879e-04 -4.962984560865042272e-04 3.284059389684135038e-05 -4.544978530572026717e-04 7.011715959331361707e-04 -1.918924299080872935e-03 1.378750327403523114e-03
-5.656552981997699757e-04 6.041112952629143279e-04 -6.485986954818811915e-04 -1.303442173735977353e-03 8.005562062271439879e-04 0.000000000000000000e+00 -5.982467351863231470e-04 5.965810232680761587e-04 -8.702956696662355381e-04 -1.960693210950816446e-04 2.162636632071196496e-03 3.315561981510652665e-04
1.355984722786215806e-05 3.346508138654142196e-04 -1.494531884293587424e-05 1.104983686461264271e-03 -4.962984560865042272e-04 -5.982467351863231470e-04 0.000000000000000000e+00 2.534772075747835870e-04 6.200281550333879357e-04 2.924772612111133660e-04 -8.577835659482102625e-04 1.148797486334133642e-05
1.533398889986804466e-04 1.799241137620331127e-04 -1.293209343263056839e-04 -4.007659490129714271e-04 3.284059389684135038e-05 5.965810232680761587e-04 2.534772075747835870e-04 0.000000000000000000e+00 8.437381535350709600e-05 4.091943918836290215e-05 2.680241029157648933e-04 2.057530950043508016e-04
2.027631175843326141e-05 2.779202334918362939e-04 3.814857845119713200e-04 -8.681964436981397595e-04 -4.544978530572026717e-04 -8.702956696662355381e-04 6.200281550333879357e-04 8.437381535350709600e-05 0.000000000000000000e+00 7.638352783857571895e-04 2.297040926413117040e-04 2.813670003597205861e-04
1.232150714008417710e-03 -2.049610769334966605e-04 -1.591506518598426807e-05 -9.167289355138570368e-04 7.011715959331361707e-04 -1.960693210950816446e-04 2.924772612111133660e-04 4.091943918836290215e-05 7.638352783857571895e-04 0.000000000000000000e+00 -4.246876128135773708e-04 -1.744810878722167851e-04
1.751381576313636992e-03 -4.719209267479508628e-04 -9.515223189086532843e-04 -1.745525339571765396e-03 -1.918924299080872935e-03 2.162636632071196496e-03 -8.577835659482102625e-04 2.680241029157648933e-04 2.297040926413117040e-04 -4.246876128135773708e-04 0.000000000000000000e+00 -3.033601619620548474e-04
1.030063603919051602e-03 -1.608691421484672126e-04 -5.081973772464530429e-05 6.752935979781845340e-04 1.378750327403523114e-03 3.315561981510652665e-04 1.148797486334133642e-05 2.057530950043508016e-04 2.813670003597205861e-04 -1.744810878722167851e-04 -3.033601619620548474e-04 0.000000000000000000e+00
