0.000000000000000000e+00 1.110008388151178166e-04 1.899969251034369340e-03 -1.255295252228412562e-05 2.497974430214162933e-03 -2.874012126480507932e-03 3.436151543886466382e-04 3.412245017640732681e-04 1.147650341139084054e-03 1.678053884080023478e-03 -1.556828716222567917e-03 -7.534493828963157846e-04
1.110008388151178166e-04 0.000000000000000000e+00 -4.891878779457234762e-04 5.961800889776406589e-04 6.763630824656495727e-04 -4.091936573388285214e-04 -4.571625334861078270e-04 -2.909818778141690619e-05 3.845433161398501866e-04 -2.348821600222476282e-04 -5.770901797771679168e-04 -4.634228252198269431e-05
1.899969251034369340e-03 -4.891878779457234762e-04 0.000000000000000000e+00 -6.039701401076560196e-05 1.573934165667044408e-06 -4.155046642289259560e-04 3.564806510803107610e-04 1.379646684308486718e-04 -6.708835470025878043e-04 4.614769361344704359e-05 -6.448346962650219286e-04 4.102349747837297439e-04
-1.255295252228412562e-05 5.961800889776406589e-04 -6.039701401076560196e-05 0.000000000000000000e+00 -1.601609183082394880e-03 2.593802843163568348e-04 1.266100436457676462e-04 -2.242879482148716545e-04 1.574426522481638113e-03 -1.100244035515523253e-03 -1.005704741523320454e-03 -1.320017033196621656e-04
2.497974430214162933e-03 6.763630824656495727e-04 1.573934165667044408e-06 -1.601609183082394880e-03 0.000000000000000000e+00 -5.259550874068195632e-04 7.049571318773182899e-04 1.019486983801858829e-04 6.549093149825473560e-05 -3.535763559274845654e-04 1.338867592822253188e-03 -7.909868331159364870e-05
-2.874012126480507932e-03 -4.091936573388285214e-04 -4.155046642289259560e-04 2.593802843163568348e-04 -5.259550874068195632e-04 0.000000000000000000e+00 1.996571694871631850e-04 -5.843773456162633297e-04 -1.324966033071728637e-03 2.022195459247484172e-05 -1.452856049637468814e-03 3.380402129565708439e-04
3.436151543886466382e-04 -4.571625334861078270e-04 3.564806510803107610e-04 1.266100436457676462e-04 7.049571318773182899e-04 1.996571694871631850e-04 0.000000000000000000e+00 -4.169945723939796221e-06 6.444418634805224814e-04 6.742017535477775941e-04 5.877461533754836393e-04 -2.357377599354399300e-04
3.412245017640732681e-04 -2.909818778141690619e-05 1.379646684308486718e-04 -2.242879482148716545e-04 1.019486983801858829e-04 -5.843773456162633297e-04 -4.169945723939796221e-06 0.000000000000000000e+00 -5.265321995447714328e-05 -6.706886967147407906e-05 -2.808737998171856320e-04 1.571273655799941625e-04
1.147650341139084054e-03 3.845433161398501866e-04 -6.708835470025878043e-04 1.574426522481638113e-03 6.549093149825473560e-05 -1.324966033071728637e-03 6.444418634805224814e-04 -5.265321995447714328e-05 0.000000000000000000e+00 1.671833734615981283e-04 7.868999720201488076e-04 1.618244363971888130e-04
1.678053884080023478e-03 -2.348821600222476282e-04 4.614769361344704359e-05 -1.100244035515523253e-03 -3.535763559274845654e-04 2.022195459247484172e-05 6.742017535477775941e-04 -6.706886967147407906e-05 1.671833734615981283e-04 0.000000000000000000e+00 4.266506516521376222e-04 4.859989854026667091e-04
-1.556828716222567917e-03 -5.770901797771679168e-04 -6.448346962650219286e-04 -1.005704741523320454e-03 1.338867592822253188e-03 -1.452856049637468814e-03 5.877461533754836393e-04 -2.808737998171856320e-04 7.868999720201488076e-04 4.266506516521376222e-04 0.000000000000000000e+00 -7.601962476981234706e-05
-7.534493828963157846e-04 -4.634228252198269431e-05 4.102349747837297439e-04 -1.320017033196621656e-04 -7.909868331159364870e-05 3.380402129565708439e-04 -2.357377599354399300e-04 1.571273655799941625e-04 1.618244363971888130e-04 4.859989854026667091e-04 -7.601962476981234706e-05 0.000000000000000000e+00
