0.000000000000000000e+00 -1.064525977312291618e-03 6.129012581007728562e-04 7.348201990627550645e-04 -2.801496537387940678e-03 2.325587503367248544e-03 1.633454625532225956e-03 3.001074323078547481e-04 -7.348698813620270628e-04 1.160847168609105594e-05 -3.580434368565163890e-05 -1.403551143329211407e-03
-1.064525977312291618e-03 0.000000000000000000e+00 2.969124246759124162e-04 -7.662358059758446428e-04 6.306472176731075336e-04 1.175271767765979458e-04 -1.549302024478453079e-04 5.778057277069586177e-05 -8.344819184713615562e-04 -9.602442996583230748e-05 -1.666533666376666565e-04 -3.446259585625248076e-04
6.129012581007728562e-04 2.969124246759124162e-04 0.000000000000000000e+00 1.529103521086414225e-04 -5.541550264198751539e-04 -1.380834915247000855e-03 -4.962046913990853176e-04 1.820729455419671798e-04 -6.552916499007630999e-04 -3.017215198821357339e-04 -1.048928967848486221e-03 3.027192367810222656e-04
7.348201990627550645e-04 -7.662358059758446428e-04 1.529103521086414225e-04 0.000000000000000000e+00 3.003849171917988801e-03 2.597051590004362601e-03 5.350933451516190313e-04 -5.215818891190478288e-04 -1.118568405606787429e-03 1.147578611931190191e-03 -2.145247277534608442e-03 -7.085029629868250071e-04
-2.801496537387940678e-03 6.306472176731075336e-04 -5.541550264198751539e-04 3.003849171917988801e-03 0.000000000000000000e+00 -1.469526963243472260e-03 -8.332883297915730193e-05 4.785469931651766679e-04 -9.507501965063742044e-04 -5.224164950429536857e-05 -6.295961949619031288e-04 -1.163994625466420636e-03
2.325587503367248544e-03 1.175271767765979458e-04 -1.380834915247000855e-03 2.597051590004362601e-03 -1.469526963243472260e-03 0.000000000000000000e+00 4.119812628016372887e-04 7.459693238178009963e-04 2.574167874570744662e-07 -1.262383810395252700e-04 -2.733680203261966337e-03 -5.888208102525731421e-04
1.633454625532225956e-03 -1.549302024478453079e-04 -4.962046913990853176e-04 5.350933451516190313e-04 -8.332883297915730193e-05 4.119812628016372887e-04 0.000000000000000000e+00 5.457697941782527142e-05 -1.502641217344422389e-04 -3.687071438231853682e-04 7.380788210031012002e-04 2.294833111037946336e-04
3.001074323078547481e-04 5.778057277069586177e-05 1.820729455419671798e-04 -5.215818891190478288e-04 4.785469931651766679e-04 7.459693238178009963e-04 5.457697941782527142e-05 0.000000000000000000e+00 -3.047296207014647839e-04 -4.682478786127728732e-05 -5.765877735949024793e-04 -1.300995002126191578e-04
-7.348698813620270628e-04 -8.344819184713615562e-04 -6.552916499007630999e-04 -1.118568405606787429e-03 -9.507501965063742044e-04 2.574167874570744662e-07 -1.502641217344422389e-04 -3.047296207014647839e-04 0.000000000000000000e+00 2.747184987591736317e-04 6.032896008961061108e-04 -5.418833691272083482e-04
1.160847168609105594e-05 -9.602442996583230748e-05 -3.017215198821357339e-04 1.147578611931190191e-03 -5.224164950429536857e-05 -1.262383810395252700e-04 -3.687071438231853682e-04 -4.682478786127728732e-05 2.747184987591736317e-04 0.000000000000000000e+00 -4.302495034173383129e-04 7.806107325512624297e-04
-3.580434368565163890e-05 -1.666533666376666565e-04 -1.048928967848486221e-03 -2.145247277534608442e-03 -6.295961949619031288e-04 -2.733680203261966337e-03 7.380788210031012002e-04 -5.765877735949024793e-04 6.032896008961061108e-04 -4.302495034173383129e-04 0.000000000000000000e+00 -3.763334599074095901e-04
-1.403551143329211407e-03 -3.446259585625248076e-04 3.027192367810222656e-04 -7.085029629868250071e-04 -1.163994625466420636e-03 -5.888208102525731421e-04 2.294833111037946336e-04 -1.300995002126191578e-04 -5.418833691272083482e-04 7.806107325512624297e-04 -3.763334599074095901e-04 0.000000000000000000e+00
