0.000000000000000000e+00 -1.866061353661492474e-03 -1.562137758584490100e-04 -7.316718270904910750e-04 2.631683783908109111e-04 -1.475694443331051770e-04 1.132407641562855130e-03 4.163520440877590384e-04 1.074027187529025479e-03 -1.655787224480427338e-04 -1.370868704471610950e-04 -5.642022050657365031e-04
-1.866061353661492474e-03 0.000000000000000000e+00 5.211677047906684325e-04 -6.950209312740838596e-04 4.264274845652720781e-04 -5.439727958648975193e-04 1.798038310803256245e-03 -6.151631700110939127e-04 3.234254931651448037e-03 1.141133419033090683e-03 4.648652299638141743e-04 1.648801337887647201e-03
-1.562137758584490100e-04 5.211677047906684325e-04 0.000000000000000000e+00 -4.421375981851639447e-04 2.238196556728336468e-04 6.865876767612796167e-04 -4.858377549355177762e-04 7.588596272965498482e-05 -9.601104123622479936e-04 -5.868150711168361325e-04 -3.269104419360985823e-04 9.670643583017590403e-04
-7.316718270904910750e-04 -6.950209312740838596e-04 -4.421375981851639447e-04 0.000000000000000000e+00 1.120340643920156505e-04 3.517838860225293144e-04 2.282686805704665770e-04 3.068255125800471912e-04 -4.624189105686047057e-04 -5.439060758136971506e-04 -1.094527028126792919e-04 7.555555389567289492e-04
2.631683783908109111e-04 4.264274845652720781e-04 2.238196556728336468e-04 1.120340643920156505e-04 0.000000000000000000e+00 -4.138317045862970511e-04 -5.347669623799335527e-04 -3.547123936269951225e-04 -5.531928861055595724e-04 -7.507955177303472652e-04 7.683158983140001366e-05 9.042017830814837566e-05
-1.475694443331051770e-04 -5.439727958648975193e-04 6.865876767612796167e-04 3.517838860225293144e-04 -4.138317045862970511e-04 0.000000000000000000e+00 -1.669945206094728025e-03 1.158579219638460192e-04 1.565975747934244535e-03 -1.192333449919761885e-03 1.790620061626855023e-04 -1.369405613685908052e-03
1.132407641562855130e-03 1.798038310803256245e-03 -4.858377549355177762e-04 2.282686805704665770e-04 -5.347669623799335527e-04 -1.669945206094728025e-03 0.000000000000000000e+00 -6.647934655414185418e-05 1.512441707434474068e-03 3.170511214507378646e-04 2.262861435769176024e-04 -1.574606278054091132e-03
4.163520440877590384e-04 -6.151631700110939127e-04 7.588596272965498482e-05 3.068255125800471912e-04 -3.547123936269951225e-04 1.158579219638460192e-04 -6.647934655414185418e-05 0.000000000000000000e+00 -1.762462306624697217e-04 5.586130692349364820e-04 1.163518537122428101e-04 2.121350660498276498e-05
1.074027187529025479e-03 3.234254931651448037e-03 -9.601104123622479936e-04 -4.624189105686047057e-04 -5.531928861055595724e-04 1.565975747934244535e-03 1.512441707434474068e-03 -1.762462306624697217e-04 0.000000000000000000e+00 1.029662981471320213e-03 5.800356895849308365e-04 -1.343607448623869959e-03
-1.655787224480427338e-04 1.141133419033090683e-03 -5.868150711168361325e-04 -5.439060758136971506e-04 -7.507955177303472652e-04 -1.192333449919761885e-03 3.170511214507378646e-04 5.586130692349364820e-04 1.029662981471320213e-03 0.000000000000000000e+00 -5.524267622032519700e-04 -7.265276926353304160e-04
-1.370868704471610950e-04 4.648652299638141743e-04 -3.269104419360985823e-04 -1.094527028126792919e-04 7.683158983140001366e-05 1.790620061626855023e-04 2.262861435769176024e-04 1.163518537122428101e-04 5.800356895849308365e-04 -5.524267622032519700e-04 0.000000000000000000e+00 -2.224106744806306148e-04
-5.642022050657365031e-04 1.648801337887647201e-03 9.670643583017590403e-04 7.555555389567289492e-04 9.042017830814837566e-05 -1.369405613685908052e-03 -1.574606278054091132e-03 2.121350660498276498e-05 -1.343607448623869959e-03 -7.265276926353304160e-04 -2.224106744806306148e-04 0.000000000000000000e+00
