0.000000000000000000e+00 1.224827326859447658e-03 -5.928478659974439728e-04 -5.257066546747442639e-05 4.703073525323878796e-04 3.164088652258996177e-04 -1.007471760411536056e-03 3.734827614559899089e-04 -1.975994461464145122e-03 -5.902527661282727873e-04 7.151877196713929494e-04 6.311434056030030323e-04
1.224827326859447658e-03 0.000000000000000000e+00 7.620966236568528073e-04 -7.820916021227829521e-05 1.714018264465220110e-04 1.117213758976903391e-03 -6.439932141170210279e-04 -5.111977334784766503e-04 -2.794144423945056285e-03 -3.950035860377719118e-05 4.185550843790089679e-04 -7.917944915950122717e-04
-5.928478659974439728e-04 7.620966236568528073e-04 0.000000000000000000e+00 -2.417955005758781913e-04 1.136518050969137782e-04 2.847833857903489947e-05 4.905392700130294190e-04 -1.492886113259466493e-04 1.889973992290945191e-04 7.207049941165655053e-04 -4.334583730758001887e-04 3.385914718632764909e-04
-5.257066546747442639e-05 -7.820916021227829521e-05 -2.417955005758781913e-04 0.000000000000000000e+00 -9.744742876551307480e-05 -3.975078263532091412e-05 -4.782666254474110166e-04 3.020023969478599982e-04 8.778421117317798227e-05 3.311972011611209439e-04 2.826281244526501085e-04 7.440890353670342496e-04
4.703073525323878796e-04 1.714018264465220110e-04 1.136518050969137782e-04 -9.744742876551307480e-05 0.000000000000000000e+00 5.606639412988408296e-04 8.638603474091766619e-04 -7.536835018339003936e-06 -1.137732378355594274e-03 -1.577705154193808973e-04 4.502939560082362723e-04 1.006145601508399903e-03
3.164088652258996177e-04 1.117213758976903391e-03 2.847833857903489947e-05 -3.975078263532091412e-05 5.606639412988408296e-04 0.000000000000000000e+00 -1.032719547491082991e-04 -2.541028200904136831e-04 8.844488250287877188e-04 1.567089420759636847e-04 2.500049407389597273e-04 -8.818156704249584818e-04
-1.007471760411536056e-03 -6.439932141170210279e-04 4.905392700130294190e-04 -4.782666254474110166e-04 8.638603474091766619e-04 -1.032719547491082991e-04 0.000000000000000000e+00 -3.215535149057729427e-04 -2.004430133332405634e-03 1.411296969451870161e-03 9.837991981873582797e-04 -1.108498263617760512e-03
3.734827614559899089e-04 -5.111977334784766503e-04 -1.492886113259466493e-04 3.020023969478599982e-04 -7.536835018339003936e-06 -2.541028200904136831e-04 -3.215535149057729427e-04 0.000000000000000000e+00 -7.061384369329338790e-04 -2.745132575225054826e-04 2.860622021777107300e-04 6.907842579593711542e-04
-1.975994461464145122e-03 -2.794144423945056285e-03 1.889973992290945191e-04 8.778421117317798227e-05 -1.137732378355594274e-03 8.844488250287877188e-04 -2.004430133332405634e-03 -7.061384369329338790e-04 0.000000000000000000e+00 6.301833843256210042e-04 6.939908429292308248e-05 -3.298220756298099812e-03
-5.902527661282727873e-04 -3.950035860377719118e-05 7.207049941165655053e-04 3.311972011611209439e-04 -1.577705154193808973e-04 1.567089420759636847e-04 1.411296969451870161e-03 -2.745132575225054826e-04 6.301833843256210042e-04 0.000000000000000000e+00 -5.461874861333214847e-04 1.484952259693933995e-03
7.151877196713929494e-04 4.185550843790089679e-04 -4.334583730758001887e-04 2.826281244526501085e-04 4.502939560082362723e-04 2.500049407389597273e-04 9.837991981873582797e-04 2.860622021777107300e-04 6.939908429292308248e-05 -5.461874861333214847e-04 0.000000000000000000e+00 -5.890941076063783109e-04
6.311434056030030323e-04 -7.917944915950122717e-04 3.385914718632764909e-04 7.440890353670342496e-04 1.006145601508399903e-03 -8.818156704249584818e-04 -1.108498263617760512e-03 6.907842579593711542e-04 -3.298220756298099812e-03 1.484952259693933995e-03 -5.890941076063783109e-04 0.000000000000000000e+00
