0.000000000000000000e+00 -1.575698586622986674e-03 2.401735825785101110e-04 3.180674680413838641e-04 -2.234346308996685833e-05 6.772875288447568814e-04 5.187415333428173651e-04 1.808301468322329381e-04 1.170433306647769697e-03 -6.225780750715711803e-04 -6.239293298751925464e-05 -3.922716337871787434e-04
-1.575698586622986674e-03 0.000000000000000000e+00 -4.423112914724266261e-04 5.292256066942885870e-04 7.709636766244405562e-04 -5.362230271881924040e-04 -1.230698860821168592e-03 5.768815271172145773e-04 -6.625950424106028967e-04 -1.556812133630413892e-03 -5.693148120494098295e-04 -1.153718659744811057e-03
2.401735825785101110e-04 -4.423112914724266261e-04 0.000000000000000000e+00 -1.627265531023828506e-04 -1.651632876352582670e-04 3.599439571509593949e-04 -3.132536814338592545e-04 5.714617090414706742e-05 1.104088057595352997e-03 2.894676704289861563e-04 -4.132993671432400328e-05 -1.952925538677164610e-04
3.180674680413838641e-04 5.292256066942885870e-04 -1.627265531023828506e-04 0.000000000000000000e+00 -3.726935053198191959e-04 -1.320583622757953832e-04 6.427598636851341706e-04 1.472955519019574356e-04 -5.204776124136947183e-04 -4.072106771511030659e-04 -6.471538628990820244e-05 4.141358275281986807e-04
-2.234346308996685833e-05 7.709636766244405562e-04 -1.651632876352582670e-04 -3.726935053198191959e-04 0.000000000000000000e+00 9.495139546608756347e-05 2.131491606262285335e-04 9.693767648635814911e-06 5.188590702308259160e-04 -6.544470186243120033e-04 3.769664393767893553e-04 -2.198002705745980218e-04
6.772875288447568814e-04 -5.362230271881924040e-04 3.599439571509593949e-04 -1.320583622757953832e-04 9.495139546608756347e-05 0.000000000000000000e+00 -1.035023823166352939e-03 -1.520490046974882689e-04 -1.222961638584316993e-03 -4.304146797818494117e-04 4.197057892412185296e-04 1.632791011952850575e-03
5.187415333428173651e-04 -1.230698860821168592e-03 -3.132536814338592545e-04 6.427598636851341706e-04 2.131491606262285335e-04 -1.035023823166352939e-03 0.000000000000000000e+00 -3.632390813897568688e-04 9.914569476681582907e-04 4.505631966895868885e-04 3.574434499436582725e-04 -9.257881157772447590e-04
1.808301468322329381e-04 5.768815271172145773e-04 5.714617090414706742e-05 1.472955519019574356e-04 9.693767648635814911e-06 -1.520490046974882689e-04 -3.632390813897568688e-04 0.000000000000000000e+00 5.819991257519619397e-04 7.408546829295347499e-06 1.833497079298975060e-04 -2.114354862102924839e-04
1.170433306647769697e-03 -6.625950424106028967e-04 1.104088057595352997e-03 -5.204776124136947183e-04 5.188590702308259160e-04 -1.222961638584316993e-03 9.914569476681582907e-04 5.819991257519619397e-04 0.000000000000000000e+00 -2.251942655082152418e-03 -8.697909377608074345e-04 -2.012274813990429408e-03
-6.225780750715711803e-04 -1.556812133630413892e-03 2.894676704289861563e-04 -4.072106771511030659e-04 -6.544470186243120033e-04 -4.304146797818494117e-04 4.505631966895868885e-04 7.408546829295347499e-06 -2.251942655082152418e-03 0.000000000000000000e+00 4.981558718606048878e-04 -6.159027695762617520e-04
-6.239293298751925464e-05 -5.693148120494098295e-04 -4.132993671432400328e-05 -6.471538628990820244e-05 3.769664393767893553e-04 4.197057892412185296e-04 3.574434499436582725e-04 1.833497079298975060e-04 -8.697909377608074345e-04 4.981558718606048878e-04 0.000000000000000000e+00 2.989744859684219987e-04
-3.922716337871787434e-04 -1.153718659744811057e-03 -1.952925538677164610e-04 4.141358275281986807e-04 -2.198002705745980218e-04 1.632791011952850575e-03 -9.257881157772447590e-04 -2.114354862102924839e-04 -2.012274813990429408e-03 -6.159027695762617520e-04 2.989744859684219987e-04 0.000000000000000000e+00
