0.000000000000000000e+00 -9.245078767086563863e-04 -8.003020857989016435e-04 -1.050343150055624416e-03 6.918952272875528078e-04 7.837716647915609399e-04 -1.350955054579662334e-04 4.255279512206259010e-04 -1.647731280445316211e-03 -4.888380912968222727e-05 -2.763482727899565757e-04 -8.568922854501536887e-04
-9.245078767086563863e-04 0.000000000000000000e+00 -3.729065900488840444e-04 1.431096275385537427e-04 -1.330272588879946073e-03 1.434610518762300269e-03 3.775630526647700907e-05 4.642048544660286021e-04 4.207243598312664193e-05 1.567478197170704213e-03 9.897387520990217225e-04 3.098366520894498943e-04
-8.003020857989016435e-04 -3.729065900488840444e-04 0.000000000000000000e+00 3.310985491592785372e-04 -5.870695536830047856e-04 -1.068017740897180755e-04 4.263961964238638293e-04 -4.216895120056459367e-04 -1.267245163884212422e-04 1.874471229250127349e-04 4.138479027855256000e-04 7.827928332382817127e-05
-1.050343150055624416e-03 1.431096275385537427e-04 3.310985491592785372e-04 0.000000000000000000e+00 -1.228408911118129300e-04 -1.629380690249274339e-03 2.609023258294799097e-04 5.351746140849342930e-04 1.973916408044642384e-03 2.204641513908465068e-03 -2.122018252935387733e-04 8.827242641674987623e-05
6.918952272875528078e-04 -1.330272588879946073e-03 -5.870695536830047856e-04 -1.228408911118129300e-04 0.000000000000000000e+00 4.766966018081474554e-04 6.446762809832064884e-04 -6.188535094642798643e-05 -4.931553246137406225e-04 -4.557620575727967002e-04 5.632573429993557564e-04 -4.772158666626203759e-04
7.837716647915609399e-04 1.434610518762300269e-03 -1.068017740897180755e-04 -1.629380690249274339e-03 4.766966018081474554e-04 0.000000000000000000e+00 2.070847437833279894e-04 -7.701971424625631479e-04 -5.720065777472496844e-04 1.257697558205775118e-03 -5.095987698332927031e-04 1.091682088597978849e-03
-1.350955054579662334e-04 3.775630526647700907e-05 4.263961964238638293e-04 2.609023258294799097e-04 6.446762809832064884e-04 2.070847437833279894e-04 0.000000000000000000e+00 2.871422566615169057e-04 -7.033667275547364831e-04 -2.878659754527651072e-04 -1.365116008010775297e-04 3.135777641255653903e-04
4.255279512206259010e-04 4.642048544660286021e-04 -4.216895120056459367e-04 5.351746140849342930e-04 -6.188535094642798643e-05 -7.701971424625631479e-04 2.871422566615169057e-04 0.000000000000000000e+00 2.233339398344431914e-04 -4.998496472651846106e-04 1.388740325153002249e-04 -3.450954839318977167e-04
-1.647731280445316211e-03 4.207243598312664193e-05 -1.267245163884212422e-04 1.973916408044642384e-03 -4.931553246137406225e-04 -5.720065777472496844e-04 -7.033667275547364831e-04 2.233339398344431914e-04 0.000000000000000000e+00 9.455419430420933550e-04 2.679915449033040947e-04 4.718290172948234494e-04
-4.888380912968222727e-05 1.567478197170704213e-03 1.874471229250127349e-04 2.204641513908465068e-03 -4.557620575727967002e-04 1.257697558205775118e-03 -2.878659754527651072e-04 -4.998496472651846106e-04 9.455419430420933550e-04 0.000000000000000000e+00 -7.111635738480061222e-04 7.873989542290305346e-05
-2.763482727899565757e-04 9.897387520990217225e-04 4.138479027855256000e-04 -2.122018252935387733e-04 5.632573429993557564e-04 -5.095987698332927031e-04 -1.365116008010775297e-04 1.388740325153002249e-04 2.679915449033040947e-04 -7.111635738480061222e-04 0.000000000000000000e+00 -2.202480431164195425e-04
-8.568922854501536887e-04 3.098366520894498943e-04 7.827928332382817127e-05 8.827242641674987623e-05 -4.772158666626203759e-04 1.091682088597978849e-03 3.135777641255653903e-04 -3.450954839318977167e-04 4.718290172948234494e-04 7.873989542290305346e-05 -2.202480431164195425e-04 0.000000000000000000e+00
