0.000000000000000000e+00 1.393751795388553346e-03 5.287491184460183088e-04 7.867019961392417333e-04 -2.515238420460983457e-04 1.014095315219647056e-03 -5.102941800992093126e-04 -1.882997338104108536e-04 5.523864930938908934e-04 4.800868675339883969e-04 -2.318335795502824673e-04 2.814471719524236988e-04
1.393751795388553346e-03 0.000000000000000000e+00 -1.010168489839805493e-05 -6.658275373652500825e-04 -9.277395510600336664e-04 -1.030320743503426728e-03 5.640509651078851787e-04 5.027918929153092013e-05 -1.371533393992222611e-04 -1.513369232290387261e-04 -1.399638156450365933e-04 8.457216651362296116e-05
5.287491184460183088e-04 -1.010168489839805493e-05 0.000000000000000000e+00 4.019075959866013920e-04 3.913762020204840830e-04 -4.952989763919729972e-05 7.274972562762808406e-05 1.007038836554941154e-04 6.297573590715589394e-04 4.873539985916913730e-04 1.916985912047695407e-05 -2.357274939700086972e-04
7.867019961392417333e-04 -6.658275373652500825e-04 4.019075959866013920e-04 0.000000000000000000e+00 7.733886875782850683e-04 -8.834637299927943161e-04 -4.063385203424961533e-04 2.452667505635397656e-04 -1.408260110623413795e-03 6.044075338348792441e-04 -6.262216583204073496e-04 -5.102718164593631717e-06
-2.515238420460983457e-04 -9.277395510600336664e-04 3.913762020204840830e-04 7.733886875782850683e-04 0.000000000000000000e+00 -4.664975577587589543e-04 5.789595661438971954e-05 1.689101066175130569e-04 1.432261614165514230e-03 -1.151103822857210430e-03 -1.629483354252404250e-04 -2.801079127419381083e-04
1.014095315219647056e-03 -1.030320743503426728e-03 -4.952989763919729972e-05 -8.834637299927943161e-04 -4.664975577587589543e-04 0.000000000000000000e+00 -3.917126924197528886e-04 -4.155467221835597346e-04 9.224485070150982829e-04 1.246187648003662827e-03 1.207614295701537890e-05 2.416946225126851111e-05
-5.102941800992093126e-04 5.640509651078851787e-04 7.274972562762808406e-05 -4.063385203424961533e-04 5.789595661438971954e-05 -3.917126924197528886e-04 0.000000000000000000e+00 -1.261973195985977068e-05 4.758986815943420999e-04 4.367564188222754218e-04 4.413381190583553056e-05 -2.826759901446650159e-04
-1.882997338104108536e-04 5.027918929153092013e-05 1.007038836554941154e-04 2.452667505635397656e-04 1.689101066175130569e-04 -4.155467221835597346e-04 -1.261973195985977068e-05 0.000000000000000000e+00 -6.256579475456901891e-04 -1.036578640349371857e-03 2.555885132056615679e-04 -3.631250236550165886e-04
5.523864930938908934e-04 -1.371533393992222611e-04 6.297573590715589394e-04 -1.408260110623413795e-03 1.432261614165514230e-03 9.224485070150982829e-04 4.758986815943420999e-04 -6.256579475456901891e-04 0.000000000000000000e+00 -5.706726385492813091e-04 -4.426991225100599964e-04 4.475709256788685175e-04
4.800868675339883969e-04 -1.513369232290387261e-04 4.873539985916913730e-04 6.044075338348792441e-04 -1.151103822857210430e-03 1.246187648003662827e-03 4.367564188222754218e-04 -1.036578640349371857e-03 -5.706726385492813091e-04 0.000000000000000000e+00 4.362368917163766849e-04 -1.176225062632923948e-03
-2.318335795502824673e-04 -1.399638156450365933e-04 1.916985912047695407e-05 -6.262216583204073496e-04 -1.629483354252404250e-04 1.207614295701537890e-05 4.413381190583553056e-05 2.555885132056615679e-04 -4.426991225100599964e-04 4.362368917163766849e-04 0.000000000000000000e+00 1.549213846661811266e-04
2.814471719524236988e-04 8.457216651362296116e-05 -2.357274939700086972e-04 -5.102718164593631717e-06 -2.801079127419381083e-04 2.416946225126851111e-05 -2.826759901446650159e-04 -3.631250236550165886e-04 4.475709256788685175e-04 -1.176225062632923948e-03 1.549213846661811266e-04 0.000000000000000000e+00
