0.000000000000000000e+00 4.029394095303084271e-04 1.040931535294009136e-03 -9.667498442764235495e-04 -4.797191981359392207e-04 1.482743273790482165e-03 -6.669454708110556743e-04 9.164707239261690773e-04 -3.940486395643285592e-04 -7.415952315722365963e-04 5.691503940568694211e-04 4.972483619527462515e-04
4.029394095303084271e-04 0.000000000000000000e+00 -1.031944443602437523e-04 1.015228488939061728e-03 1.375042777455218841e-03 1.704612174160666889e-03 3.963525638229018757e-04 3.858861570709692934e-04 -1.769433053869472628e-03 2.464968189645957465e-03 7.401822708968465762e-05 7.847345176346790831e-04
1.040931535294009136e-03 -1.031944443602437523e-04 0.000000000000000000e+00 -1.234766022697466020e-04 5.286998495351408981e-04 2.609820747621745761e-04 1.636325084884182973e-05 -1.409894832813723064e-04 -6.281558302402747828e-04 -1.692807212428464958e-03 4.199177914481381038e-04 8.530238874515769145e-05
-9.667498442764235495e-04 1.015228488939061728e-03 -1.234766022697466020e-04 0.000000000000000000e+00 -5.160712210199602541e-04 8.078386287495122661e-04 -3.078304637834698384e-04 -3.010427117676333394e-04 1.109888945029722726e-03 2.468723661693392711e-03 1.083418737465239158e-04 -4.825074466053144370e-04
-4.797191981359392207e-04 1.375042777455218841e-03 5.286998495351408981e-04 -5.160712210199602541e-04 0.000000000000000000e+00 -2.617111272104303155e-04 2.140621447059231047e-04 -5.921078397294368386e-04 -7.481822332794467716e-04 1.405676421171521504e-03 6.893388099339302051e-04 -2.617139657078500648e-04
1.482743273790482165e-03 1.704612174160666889e-03 2.609820747621745761e-04 8.078386287495122661e-04 -2.617111272104303155e-04 0.000000000000000000e+00 2.607879213204115725e-04 -5.166943704038063715e-06 7.811507955798253130e-04 -9.775814439571942939e-04 1.516299466065880311e-04 -7.142749783024170346e-04
-6.669454708110556743e-04 3.963525638229018757e-04 1.636325084884182973e-05 -3.078304637834698384e-04 2.140621447059231047e-04 2.607879213204115725e-04 0.000000000000000000e+00 -8.593735762559614327e-05 7.160253294552085463e-05 -8.658195671854075669e-04 -7.131743709471484178e-05 5.753728291509926495e-04
9.164707239261690773e-04 3.858861570709692934e-04 -1.409894832813723064e-04 -3.010427117676333394e-04 -5.921078397294368386e-04 -5.166943704038063715e-06 -8.593735762559614327e-05 0.000000000000000000e+00 -2.244845606848265844e-04 1.003059578419228116e-04 1.667896272159302606e-05 2.246506630821803487e-04
-3.940486395643285592e-04 -1.769433053869472628e-03 -6.281558302402747828e-04 1.109888945029722726e-03 -7.481822332794467716e-04 7.811507955798253130e-04 7.160253294552085463e-05 -2.244845606848265844e-04 0.000000000000000000e+00 -1.123572295207363961e-03 7.787903541572011945e-04 -1.657561167666378715e-03
-7.415952315722365963e-04 2.464968189645957465e-03 -1.692807212428464958e-03 2.468723661693392711e-03 1.405676421171521504e-03 -9.775814439571942939e-04 -8.658195671854075669e-04 1.003059578419228116e-04 -1.123572295207363961e-03 0.000000000000000000e+00 1.977488873976075766e-04 -1.159161306367376262e-03
5.691503940568694211e-04 7.401822708968465762e-05 4.199177914481381038e-04 1.083418737465239158e-04 6.893388099339302051e-04 1.516299466065880311e-04 -7.131743709471484178e-05 1.667896272159302606e-05 7.787903541572011945e-04 1.977488873976075766e-04 0.000000000000000000e+00 -3.116418288292282113e-04
4.972483619527462515e-04 7.847345176346790831e-04 8.530238874515769145e-05 -4.825074466053144370e-04 -2.617139657078500648e-04 -7.142749783024170346e-04 5.753728291509926495e-04 2.246506630821803487e-04 -1.657561167666378715e-03 -1.159161306367376262e-03 -3.116418288292282113e-04 0.000000000000000000e+00
