0.000000000000000000e+00 -1.930296507819140870e-03 1.412323610927106697e-03 1.891134434755514511e-04 1.928778581127290573e-04 -1.167551996636850701e-03 2.603605152170004183e-04 -2.167048766089191248e-04 3.042140008497722092e-04 2.913321742598470529e-03 -1.946853612524937306e-07 1.073501099523026031e-03
-1.930296507819140870e-03 0.000000000000000000e+00 5.123175091117112114e-04 -1.759230319460768251e-03 3.195221542576443452e-04 -7.275345340631633262e-04 3.757143130425255780e-04 -1.831507248380056770e-04 2.158725686997472158e-03 -2.655385540102530098e-03 -1.732990675768433949e-04 -4.057604366301233514e-04
1.412323610927106697e-03 5.123175091117112114e-04 0.000000000000000000e+00 -4.198649866613599177e-04 4.334769282730952943e-04 -4.002994945960019146e-04 -7.344222076771950039e-05 -8.842602011074200718e-05 -4.148194142131847212e-04 4.622753570054243563e-04 -1.797843450962144883e-04 -1.869459719151786209e-04
1.891134434755514511e-04 -1.759230319460768251e-03 -4.198649866613599177e-04 0.000000000000000000e+00 -4.446954268377383284e-04 -3.489552321841245426e-05 -9.237494383379882702e-04 7.139584586302486846e-04 4.067401242852855124e-04 1.888703178141646439e-03 8.328145924642509166e-04 -5.468943348185250361e-04
1.928778581127290573e-04 3.195221542576443452e-04 4.334769282730952943e-04 -4.446954268377383284e-04 0.000000000000000000e+00 6.649844291417747163e-04 -6.625198320548759305e-05 -1.909302845946577799e-04 6.281773241333605054e-04 -1.109553083399349811e-03 3.904730093438799044e-04 -3.054939885499683620e-05
-1.167551996636850701e-03 -7.275345340631633262e-04 -4.002994945960019146e-04 -3.489552321841245426e-05 6.649844291417747163e-04 0.000000000000000000e+00 -2.414822978736050438e-04 9.195410687906323808e-05 1.458054393508679712e-03 8.492891062123295736e-05 -5.276876834998758294e-04 -4.311078238298619858e-04
2.603605152170004183e-04 3.757143130425255780e-04 -7.344222076771950039e-05 -9.237494383379882702e-04 -6.625198320548759305e-05 -2.414822978736050438e-04 0.000000000000000000e+00 -2.347424074722349050e-04 2.662395216389300051e-04 -7.292167998259555537e-04 -1.645409322755614844e-04 1.141903209055390831e-05
-2.167048766089191248e-04 -1.831507248380056770e-04 -8.842602011074200718e-05 7.139584586302486846e-04 -1.909302845946577799e-04 9.195410687906323808e-05 -2.347424074722349050e-04 0.000000000000000000e+00 1.109175002553129371e-03 7.011291755551310760e-04 2.483461394238087446e-04 5.140730695258407959e-04
3.042140008497722092e-04 2.158725686997472158e-03 -4.148194142131847212e-04 4.067401242852855124e-04 6.281773241333605054e-04 1.458054393508679712e-03 2.662395216389300051e-04 1.109175002553129371e-03 0.000000000000000000e+00 -3.741273996416435727e-03 7.203887284823900540e-04 1.059948790681065553e-03
2.913321742598470529e-03 -2.655385540102530098e-03 4.622753570054243563e-04 1.888703178141646439e-03 -1.109553083399349811e-03 8.492891062123295736e-05 -7.292167998259555537e-04 7.011291755551310760e-04 -3.741273996416435727e-03 0.000000000000000000e+00 -1.269631050845005521e-03 1.763416129426184902e-03
-1.946853612524937306e-07 -1.732990675768433949e-04 -1.797843450962144883e-04 8.328145924642509166e-04 3.904730093438799044e-04 -5.276876834998758294e-04 -1.645409322755614844e-04 2.483461394238087446e-04 7.203887284823900540e-04 -1.269631050845005521e-03 0.000000000000000000e+00 -2.317266919481837792e-04
1.073501099523026031e-03 -4.057604366301233514e-04 -1.869459719151786209e-04 -5.468943348185250361e-04 -3.054939885499683620e-05 -4.311078238298619858e-04 1.141903209055390831e-05 5.140730695258407959e-04 1.059948790681065553e-03 1.763416129426184902e-03 -2.317266919481837792e-04 0.000000000000000000e+00
