0.000000000000000000e+00 6.295363540977186876e-05 -3.079590929587582688e-04 1.659922974404457168e-03 1.302460730119804535e-04 3.056345315007627213e-04 2.439945266465570208e-04 8.741495887745118199e-05 -2.821182307520829317e-03 3.289002597457608632e-03 -4.737958641776649740e-04 6.643148704813524959e-05
6.295363540977186876e-05 0.000000000000000000e+00 -3.211608307244659638e-04 9.306200226602166434e-04 -9.881130248495975221e-04 6.967180859812402817e-04 5.259973108289686282e-04 7.344740064110410116e-04 1.433378156857041208e-04 -6.158686785236144575e-04 -3.566074407113221413e-04 3.344810102548647452e-05
-3.079590929587582688e-04 -3.211608307244659638e-04 0.000000000000000000e+00 -4.486097293943996293e-04 2.568038826909697426e-04 3.340666571842538439e-04 -1.087620653739337375e-04 -2.619101157309428052e-04 4.210326714879012561e-04 3.069150591752103571e-04 -2.446607142088686333e-05 -8.308114956285804248e-05
1.659922974404457168e-03 9.306200226602166434e-04 -4.486097293943996293e-04 0.000000000000000000e+00 -9.204727878075185266e-04 -5.846213675720903988e-04 -2.400529190930361461e-04 -3.715457541986780460e-04 2.710253908822118397e-03 1.809872366254349678e-03 -1.627073184201649090e-04 6.788786178311098955e-04
1.302460730119804535e-04 -9.881130248495975221e-04 2.568038826909697426e-04 -9.204727878075185266e-04 0.000000000000000000e+00 8.484586826688618293e-04 -4.592329003019779985e-04 -1.447228831052558748e-04 5.146786563119072405e-04 1.375194076838019393e-03 -2.704466192225880600e-04 -3.771491328704643228e-04
3.056345315007627213e-04 6.967180859812402817e-04 3.340666571842538439e-04 -5.846213675720903988e-04 8.484586826688618293e-04 0.000000000000000000e+00 -5.103670840402563767e-04 6.631220286819819042e-05 -1.341295724942355222e-03 3.388945980807768314e-03 6.541412044993365291e-04 2.088894700105900574e-05
2.439945266465570208e-04 5.259973108289686282e-04 -1.087620653739337375e-04 -2.400529190930361461e-04 -4.592329003019779985e-04 -5.103670840402563767e-04 0.000000000000000000e+00 -9.024577209731965996e-05 2.540058856583119525e-04 3.108369742160196946e-04 -1.599359177001067624e-04 -3.856135181031949857e-04
8.741495887745118199e-05 7.344740064110410116e-04 -2.619101157309428052e-04 -3.715457541986780460e-04 -1.447228831052558748e-04 6.631220286819819042e-05 -9.024577209731965996e-05 0.000000000000000000e+00 3.574872451088765559e-05 -1.265326150195501267e-04 2.349470346870225469e-05 -7.779868913590462943e-04
-2.821182307520829317e-03 1.433378156857041208e-04 4.210326714879012561e-04 2.710253908822118397e-03 5.146786563119072405e-04 -1.341295724942355222e-03 2.540058856583119525e-04 3.574872451088765559e-05 0.000000000000000000e+00 2.688656990801374311e-03 6.467925261399112445e-04 -1.136967359200860474e-03
3.289002597457608632e-03 -6.158686785236144575e-04 3.069150591752103571e-04 1.809872366254349678e-03 1.375194076838019393e-03 3.388945980807768314e-03 3.108369742160196946e-04 -1.265326150195501267e-04 2.688656990801374311e-03 0.000000000000000000e+00 -3.225915194463615230e-04 -2.446571076290093415e-04
-4.737958641776649740e-04 -3.566074407113221413e-04 -2.446607142088686333e-05 -1.627073184201649090e-04 -2.704466192225880600e-04 6.541412044993365291e-04 -1.599359177001067624e-04 2.349470346870225469e-05 6.467925261399112445e-04 -3.225915194463615230e-04 0.000000000000000000e+00 1.653107999775924985e-04
6.643148704813524959e-05 3.344810102548647452e-05 -8.308114956285804248e-05 6.788786178311098955e-04 -3.771491328704643228e-04 2.088894700105900574e-05 -3.856135181031949857e-04 -7.779868913590462943e-04 -1.136967359200860474e-03 -2.446571076290093415e-04 1.653107999775924985e-04 0.000000000000000000e+00
