0.000000000000000000e+00 2.289352155725188093e-03 2.808637219351051731e-05 3.522238311775488040e-04 4.607960689137862147e-04 8.274260439358841488e-04 -5.486803777514189700e-04 5.339809079689231174e-04 -1.165168242616538468e-03 -4.539200462778966803e-04 4.490877293361966662e-04 7.636326431633339885e-04
2.289352155725188093e-03 0.000000000000000000e+00 2.299448109489161997e-05 2.465585535155088385e-03 -1.053383817700556105e-03 1.235338733764348648e-03 1.069332582406712579e-03 7.049152093037208081e-04 2.447976723314508260e-03 -2.404820760252368659e-03 1.371559433141492351e-03 -8.272861828005412992e-04
2.808637219351051731e-05 2.299448109489161997e-05 0.000000000000000000e+00 3.609573503312819625e-04 -5.121746229328142785e-04 5.339006424019715507e-05 2.694985981203021071e-04 3.802527251320218560e-05 -7.871788012071279095e-04 -2.097785812183829753e-04 -5.887305037304945820e-04 -8.136865439875484631e-04
3.522238311775488040e-04 2.465585535155088385e-03 3.609573503312819625e-04 0.000000000000000000e+00 1.000455181065290503e-03 4.978139170137098118e-04 7.111957846348232297e-05 -1.236362589445979892e-04 1.415490801945188358e-03 1.554928408742559619e-04 -6.695040436363889009e-04 -6.526758860341639202e-04
4.607960689137862147e-04 -1.053383817700556105e-03 -5.121746229328142785e-04 1.000455181065290503e-03 0.000000000000000000e+00 -6.378471471808013805e-04 -6.364936154059141007e-06 1.011222208128900659e-04 1.150250964121883905e-03 -8.829816299591936642e-04 -1.453932859198280784e-04 -5.899089497988577180e-04
8.274260439358841488e-04 1.235338733764348648e-03 5.339006424019715507e-05 4.978139170137098118e-04 -6.378471471808013805e-04 0.000000000000000000e+00 3.605191576653650389e-04 -4.929989731093735970e-04 -1.642911411495306733e-03 7.638715099282330535e-04 5.477941645382193060e-04 1.408187868917498914e-03
-5.486803777514189700e-04 1.069332582406712579e-03 2.694985981203021071e-04 7.111957846348232297e-05 -6.364936154059141007e-06 3.605191576653650389e-04 0.000000000000000000e+00 -6.499458167949206047e-06 3.304442509717296140e-04 2.245078346039365092e-04 2.845158972660960539e-04 -2.056841101145380436e-04
5.339809079689231174e-04 7.049152093037208081e-04 3.802527251320218560e-05 -1.236362589445979892e-04 1.011222208128900659e-04 -4.929989731093735970e-04 -6.499458167949206047e-06 0.000000000000000000e+00 -1.779380580155125494e-04 -1.032509071530205645e-04 3.856709923647437229e-04 6.296196507054509922e-04
-1.165168242616538468e-03 2.447976723314508260e-03 -7.871788012071279095e-04 1.415490801945188358e-03 1.150250964121883905e-03 -1.642911411495306733e-03 3.304442509717296140e-04 -1.779380580155125494e-04 0.000000000000000000e+00 -1.185875124768660327e-03 -1.576640451249555709e-04 9.088862120630478115e-04
-4.539200462778966803e-04 -2.404820760252368659e-03 -2.097785812183829753e-04 1.554928408742559619e-04 -8.829816299591936642e-04 7.638715099282330535e-04 2.245078346039365092e-04 -1.032509071530205645e-04 -1.185875124768660327e-03 0.000000000000000000e+00 6.917651532311015555e-05 2.557724092506780816e-04
4.490877293361966662e-04 1.371559433141492351e-03 -5.887305037304945820e-04 -6.695040436363889009e-04 -1.453932859198280784e-04 5.477941645382193060e-04 2.845158972660960539e-04 3.856709923647437229e-04 -1.576640451249555709e-04 6.917651532311015555e-05 0.000000000000000000e+00 5.085813424428185965e-04
7.636326431633339885e-04 -8.272861828005412992e-04 -8.136865439875484631e-04 -6.526758860341639202e-04 -5.899089497988577180e-04 1.408187868917498914e-03 -2.056841101145380436e-04 6.296196507054509922e-04 9.088862120630478115e-04 2.557724092506780816e-04 5.085813424428185965e-04 0.000000000000000000e+00
