0.000000000000000000e+00 -8.688497076016468614e-04 1.604633367301775261e-04 -4.636521893547910144e-05 4.608415186883719583e-04 1.658523739723119094e-04 2.321463003492233801e-04 3.571257184013253735e-04 1.465016865467358019e-04 4.086381428999878631e-04 9.207512930042982134e-05 8.727128473346620592e-04
-8.688497076016468614e-04 0.000000000000000000e+00 -1.430345081089569705e-03 1.460042754553224310e-03 -1.573651900587857456e-03 -3.696384649214041508e-03 4.298063538061425571e-04 1.105916034013927499e-03 1.592567091233104866e-03 2.004916063384034382e-03 1.931197308772942493e-03 -6.143155228091511577e-04
1.604633367301775261e-04 -1.430345081089569705e-03 0.000000000000000000e+00 4.981891787649965633e-05 8.282392768681120241e-04 3.176705395864829026e-04 -5.607218444629253007e-05 8.524693281201522913e-05 6.543922502750548092e-05 -1.004208585458191832e-03 -2.887028324651653250e-04 2.466135880621453847e-04
-4.636521893547910144e-05 1.460042754553224310e-03 4.981891787649965633e-05 0.000000000000000000e+00 -3.622013335495056531e-04 -5.045027829781106128e-04 -2.220910400336223033e-04 4.533307496972708954e-04 -9.580767579301732468e-04 -8.301638446060261500e-04 4.470140225550308950e-04 2.611890535055663471e-04
4.608415186883719583e-04 -1.573651900587857456e-03 8.282392768681120241e-04 -3.622013335495056531e-04 0.000000000000000000e+00 4.701189443215676115e-04 6.684281307085453508e-05 2.458062508650883031e-04 -1.084085406950302055e-03 8.301060754705954278e-04 1.151203608825755818e-03 -1.482511887932931116e-03
1.658523739723119094e-04 -3.696384649214041508e-03 3.176705395864829026e-04 -5.045027829781106128e-04 4.701189443215676115e-04 0.000000000000000000e+00 6.229834598810879854e-04 7.561309713366392812e-05 -1.694067876337431496e-03 7.573945697559887597e-06 2.013027344161128222e-04 -1.076360684026128004e-03
2.321463003492233801e-04 4.298063538061425571e-04 -5.607218444629253007e-05 -2.220910400336223033e-04 6.684281307085453508e-05 6.229834598810879854e-04 0.000000000000000000e+00 -8.038341348888869002e-06 -4.221330136496099172e-04 3.181511968510047591e-04 -4.394151811964512692e-05 3.816895984596242075e-05
3.571257184013253735e-04 1.105916034013927499e-03 8.524693281201522913e-05 4.533307496972708954e-04 2.458062508650883031e-04 7.561309713366392812e-05 -8.038341348888869002e-06 0.000000000000000000e+00 5.242630193005956996e-04 2.494141127940178808e-04 1.227077904672192710e-04 -3.471176871833251396e-04
1.465016865467358019e-04 1.592567091233104866e-03 6.543922502750548092e-05 -9.580767579301732468e-04 -1.084085406950302055e-03 -1.694067876337431496e-03 -4.221330136496099172e-04 5.242630193005956996e-04 0.000000000000000000e+00 -1.757455100718496258e-03 2.682985415405131011e-04 4.270596025699572337e-05
4.086381428999878631e-04 2.004916063384034382e-03 -1.004208585458191832e-03 -8.301638446060261500e-04 8.301060754705954278e-04 7.573945697559887597e-06 3.181511968510047591e-04 2.494141127940178808e-04 -1.757455100718496258e-03 0.000000000000000000e+00 5.332496837807377231e-04 8.490248047825500440e-04
9.207512930042982134e-05 1.931197308772942493e-03 -2.887028324651653250e-04 4.470140225550308950e-04 1.151203608825755818e-03 2.013027344161128222e-04 -4.394151811964512692e-05 1.227077904672192710e-04 2.682985415405131011e-04 5.332496837807377231e-04 0.000000000000000000e+00 -1.133074366287508192e-04
8.727128473346620592e-04 -6.143155228091511577e-04 2.466135880621453847e-04 2.611890535055663471e-04 -1.482511887932931116e-03 -1.076360684026128004e-03 3.816895984596242075e-05 -3.471176871833251396e-04 4.270596025699572337e-05 8.490248047825500440e-04 -1.133074366287508192e-04 0.000000000000000000e+00
