0.000000000000000000e+00 -1.363418175643044518e-03 -2.180689122685380279e-04 -8.201113305792963543e-04 4.752976884128662762e-04 8.951796694589830026e-04 -2.388406776421770622e-05 -7.657099119831648187e-04 -1.232668355232517578e-03 -2.263278400320129879e-04 1.190541238674176951e-04 -5.311050561184196356e-05
-1.363418175643044518e-03 0.000000000000000000e+00 -1.457757897547795048e-03 -2.242960781441752892e-03 -8.673250507752513615e-04 1.014979969041964131e-03 3.370345734478865057e-04 -4.201945809212446299e-04 3.940027123965796421e-03 3.690432547202048051e-05 -8.817172120671357312e-04 -2.995429028470280686e-04
-2.180689122685380279e-04 -1.457757897547795048e-03 0.000000000000000000e+00 -4.907301766393159256e-05 -1.336205606487478875e-05 -1.555045916095776186e-04 -3.420816386424505484e-04 -1.622215931343376158e-04 -2.848076200159727392e-04 -2.228531244668993953e-04 2.329587322883012199e-04 1.298731737985070749e-04
-8.201113305792963543e-04 -2.242960781441752892e-03 -4.907301766393159256e-05 0.000000000000000000e+00 4.843781157482191587e-04 2.844051468730917579e-04 1.698476247491935290e-04 5.573506743431682958e-04 -9.768689012249881769e-04 3.764095540862130897e-05 -1.645150071446773257e-04 -2.128590115615094404e-03
4.752976884128662762e-04 -8.673250507752513615e-04 -1.336205606487478875e-05 4.843781157482191587e-04 0.000000000000000000e+00 1.010526797716008356e-03 2.935026240454742682e-04 7.137922183689986502e-04 -2.825160325200353362e-03 4.834265200010013540e-05 9.026350454321082641e-05 1.257011940634761423e-03
8.951796694589830026e-04 1.014979969041964131e-03 -1.555045916095776186e-04 2.844051468730917579e-04 1.010526797716008356e-03 0.000000000000000000e+00 1.666760588629214693e-04 1.118015651978861722e-03 4.822806803219009436e-04 5.850723607873213085e-04 -7.631439904839135103e-04 -1.040839101699984372e-03
-2.388406776421770622e-05 3.370345734478865057e-04 -3.420816386424505484e-04 1.698476247491935290e-04 2.935026240454742682e-04 1.666760588629214693e-04 0.000000000000000000e+00 1.863649760802134879e-04 1.976431955805177420e-04 3.249412001477598342e-04 2.752002921912784640e-04 2.542861717641610518e-04
-7.657099119831648187e-04 -4.201945809212446299e-04 -1.622215931343376158e-04 5.573506743431682958e-04 7.137922183689986502e-04 1.118015651978861722e-03 1.863649760802134879e-04 0.000000000000000000e+00 -3.159507411709008124e-04 -1.721840746544327856e-04 -2.464157515104662072e-04 6.367120521470624912e-04
-1.232668355232517578e-03 3.940027123965796421e-03 -2.848076200159727392e-04 -9.768689012249881769e-04 -2.825160325200353362e-03 4.822806803219009436e-04 1.976431955805177420e-04 -3.159507411709008124e-04 0.000000000000000000e+00 3.011467172549434470e-04 -5.126015914446419670e-04 9.672440295590498940e-04
-2.263278400320129879e-04 3.690432547202048051e-05 -2.228531244668993953e-04 3.764095540862130897e-05 4.834265200010013540e-05 5.850723607873213085e-04 3.249412001477598342e-04 -1.721840746544327856e-04 3.011467172549434470e-04 0.000000000000000000e+00 -8.907782290368144182e-04 -4.301152681955481920e-04
1.190541238674176951e-04 -8.817172120671357312e-04 2.329587322883012199e-04 -1.645150071446773257e-04 9.026350454321082641e-05 -7.631439904839135103e-04 2.752002921912784640e-04 -2.464157515104662072e-04 -5.126015914446419670e-04 -8.907782290368144182e-04 0.000000000000000000e+00 8.166137262553014448e-04
-5.311050561184196356e-05 -2.995429028470280686e-04 1.298731737985070749e-04 -2.128590115615094404e-03 1.257011940634761423e-03 -1.040839101699984372e-03 2.542861717641610518e-04 6.367120521470624912e-04 9.672440295590498940e-04 -4.301152681955481920e-04 8.166137262553014448e-04 0.000000000000000000e+00
