0.000000000000000000e+00 1.125642124394648277e-03 -1.977783817566247226e-03 1.352023199747517945e-03 -1.022739258233298183e-03 2.627192141585836353e-03 -4.719225882990395280e-04 -2.456295510913500575e-03 -8.589682622504922569e-04 1.447159958305400040e-03 -5.278445483935698904e-04 8.173997891053988270e-06
1.125642124394648277e-03 0.000000000000000000e+00 -2.588165551641116594e-04 4.573919880690948845e-04 -3.312546640405323694e-04 -8.250773243229326745e-04 -2.812345958047748179e-04 -2.705583430046115917e-04 -1.403331450280457789e-04 -1.194766227869568042e-04 -3.815313519766094287e-04 4.352973029466509092e-04
-1.977783817566247226e-03 -2.588165551641116594e-04 0.000000000000000000e+00 -8.573249603725215454e-04 6.096659377056918335e-05 -1.422587041581449118e-03 8.132192460831953870e-04 -5.629725188917697378e-04 -1.661648064490076201e-04 1.326554909691520217e-03 1.673572799296963159e-04 1.087110530758385448e-03
1.352023199747517945e-03 4.573919880690948845e-04 -8.573249603725215454e-04 0.000000000000000000e+00 3.980041056670992903e-04 -8.933057105933990636e-04 -7.385610870407519849e-04 -1.219883642557061760e-03 -5.297048656518072709e-04 1.487865741099738542e-03 7.302337124870372877e-07 5.482147041248836093e-04
-1.022739258233298183e-03 -3.312546640405323694e-04 6.096659377056918335e-05 3.980041056670992903e-04 0.000000000000000000e+00 6.818283401806931763e-04 7.449835476869373120e-04 1.109968767480469824e-03 2.730804173780587989e-04 8.286311314747279435e-04 -4.641442319250817803e-04 2.621250739625589389e-04
2.627192141585836353e-03 -8.250773243229326745e-04 -1.422587041581449118e-03 -8.933057105933990636e-04 6.818283401806931763e-04 0.000000000000000000e+00 4.976364536382713467e-05 4.292663382816223655e-04 8.552445569672868656e-04 3.705926389726817236e-04 5.138289068245441944e-04 -7.036534930745913226e-05
-4.719225882990395280e-04 -2.812345958047748179e-04 8.132192460831953870e-04 -7.385610870407519849e-04 7.449835476869373120e-04 4.976364536382713467e-05 0.000000000000000000e+00 6.608574892180947916e-04 -1.316983183265091394e-04 -3.067315965004010223e-04 -2.029144684509100909e-04 6.897088007507436570e-05
-2.456295510913500575e-03 -2.705583430046115917e-04 -5.629725188917697378e-04 -1.219883642557061760e-03 1.109968767480469824e-03 4.292663382816223655e-04 6.608574892180947916e-04 0.000000000000000000e+00 5.626737116123817304e-05 -1.405745838658195102e-03 -4.755336545826431235e-04 1.031284667027319597e-03
-8.589682622504922569e-04 -1.403331450280457789e-04 -1.661648064490076201e-04 -5.297048656518072709e-04 2.730804173780587989e-04 8.552445569672868656e-04 -1.316983183265091394e-04 5.626737116123817304e-05 0.000000000000000000e+00 1.419536362991784956e-03 -3.481590097040768687e-05 -5.243458511503964288e-04
1.447159958305400040e-03 -1.194766227869568042e-04 1.326554909691520217e-03 1.487865741099738542e-03 8.286311314747279435e-04 3.705926389726817236e-04 -3.067315965004010223e-04 -1.405745838658195102e-03 1.419536362991784956e-03 0.000000000000000000e+00 -5.614011319714228314e-04 5.515353243271591205e-04
-5.278445483935698904e-04 -3.815313519766094287e-04 1.673572799296963159e-04 7.302337124870372877e-07 -4.641442319250817803e-04 5.138289068245441944e-04 -2.029144684509100909e-04 -4.755336545826431235e-04 -3.481590097040768687e-05 -5.614011319714228314e-04 0.000000000000000000e+00 3.103785219821524229e-04
8.173997891053988270e-06 4.352973029466509092e-04 1.087110530758385448e-03 5.482147041248836093e-04 2.621250739625589389e-04 -7.036534930745913226e-05 6.897088007507436570e-05 1.031284667027319597e-03 -5.243458511503964288e-04 5.515353243271591205e-04 3.103785219821524229e-04 0.000000000000000000e+00
