0.000000000000000000e+00 1.042247110582438874e-03 -2.086700006691706577e-03 1.387493533187486409e-03 9.518127931484047155e-04 -1.824551863181124282e-04 1.401646767554119103e-03 -6.796364695189860373e-04 -5.482206230618146860e-04 -2.117089316900454179e-03 -1.980265189622815050e-04 3.175004998710166150e-04
1.042247110582438874e-03 0.000000000000000000e+00 7.967352204949172407e-05 2.605455333969215683e-04 7.866593092331855986e-04 2.709834560103555924e-04 -1.751358007942977715e-04 2.402914216790254178e-04 3.641099381980927212e-04 5.781327923892001265e-04 -1.906999291315147394e-04 1.502306157549262988e-04
-2.086700006691706577e-03 7.967352204949172407e-05 0.000000000000000000e+00 1.268387795692664261e-03 -2.837064581073709909e-04 -1.398287499833834489e-03 1.151731765660785745e-04 -1.803544708253330953e-04 8.023058149375230730e-04 6.208447755588289711e-05 3.162684961897907271e-04 1.170696555071390341e-04
1.387493533187486409e-03 2.605455333969215683e-04 1.268387795692664261e-03 0.000000000000000000e+00 2.201590866249899408e-04 8.514286688318559951e-04 3.536236454861239279e-04 -2.201291370665226562e-03 4.699844606383851340e-04 -3.270159328600798720e-04 5.127091066300205413e-04 -1.625701432128644024e-04
9.518127931484047155e-04 7.866593092331855986e-04 -2.837064581073709909e-04 2.201590866249899408e-04 0.000000000000000000e+00 -8.578776550662570426e-04 5.815821016584569103e-04 -5.388293103121279907e-04 -3.982155518068535688e-04 1.955674229321765372e-04 -3.209281795456634398e-04 2.700926800839082310e-04
-1.824551863181124282e-04 2.709834560103555924e-04 -1.398287499833834489e-03 8.514286688318559951e-04 -8.578776550662570426e-04 0.000000000000000000e+00 -1.091938959468476003e-03 -1.646269746008128599e-04 2.052538986225590633e-04 -7.682299775538608232e-04 -4.682671176395841305e-04 -5.729146755886259466e-04
1.401646767554119103e-03 -1.751358007942977715e-04 1.151731765660785745e-04 3.536236454861239279e-04 5.815821016584569103e-04 -1.091938959468476003e-03 0.000000000000000000e+00 8.920406863133230173e-05 -3.100305441080733059e-04 3.500070959278824435e-04 3.069307887608239255e-04 -1.505468633968979947e-04
-6.796364695189860373e-04 2.402914216790254178e-04 -1.803544708253330953e-04 -2.201291370665226562e-03 -5.388293103121279907e-04 -1.646269746008128599e-04 8.920406863133230173e-05 0.000000000000000000e+00 -5.624032543858632337e-04 -5.876823622519872659e-04 1.565062466673060424e-04 -6.003704715234326307e-04
-5.482206230618146860e-04 3.641099381980927212e-04 8.023058149375230730e-04 4.699844606383851340e-04 -3.982155518068535688e-04 2.052538986225590633e-04 -3.100305441080733059e-04 -5.624032543858632337e-04 0.000000000000000000e+00 8.268121347786393238e-04 -1.798883781004605100e-04 -5.373379499839678287e-04
-2.117089316900454179e-03 5.781327923892001265e-04 6.208447755588289711e-05 -3.270159328600798720e-04 1.955674229321765372e-04 -7.682299775538608232e-04 3.500070959278824435e-04 -5.876823622519872659e-04 8.268121347786393238e-04 0.000000000000000000e+00 -4.422869947326691872e-04 -4.390739157958150523e-04
-1.980265189622815050e-04 -1.906999291315147394e-04 3.162684961897907271e-04 5.127091066300205413e-04 -3.209281795456634398e-04 -4.682671176395841305e-04 3.069307887608239255e-04 1.565062466673060424e-04 -1.798883781004605100e-04 -4.422869947326691872e-04 0.000000000000000000e+00 -1.281904296107822558e-04
3.175004998710166150e-04 1.502306157549262988e-04 1.170696555071390341e-04 -1.625701432128644024e-04 2.700926800839082310e-04 -5.729146755886259466e-04 -1.505468633968979947e-04 -6.003704715234326307e-04 -5.373379499839678287e-04 -4.390739157958150523e-04 -1.281904296107822558e-04 0.000000000000000000e+00
