0.000000000000000000e+00 6.902022847491921104e-04 5.641791368497022993e-04 -2.523074166677310125e-03 1.033500554826163496e-04 3.411150771588495299e-04 1.756029236102908805e-03 -5.080705278244613578e-03 -4.797806196476065723e-04 -1.006069902218462977e-03 4.271734855790350273e-04 -1.116671766226608273e-03
6.902022847491921104e-04 0.000000000000000000e+00 -2.359747159910802682e-04 8.553728690551431384e-04 4.237245885755811198e-04 -6.622401745656838503e-05 1.876264674036152514e-04 -4.162858877493049651e-04 -1.829822432775560226e-04 -1.754890899383709595e-04 5.253475579831211437e-05 -1.213022902854962818e-04
5.641791368497022993e-04 -2.359747159910802682e-04 0.000000000000000000e+00 -6.562340919883998674e-04 -5.504914346313544106e-04 8.651015521118616105e-04 7.219556140044500756e-05 1.241784082408734250e-03 -8.294862543582900115e-04 -1.820325883168520112e-03 -3.385745787580364107e-04 -1.747829470615686889e-04
-2.523074166677310125e-03 8.553728690551431384e-04 -6.562340919883998674e-04 0.000000000000000000e+00 1.735275298560567698e-04 3.351566823314970503e-04 -9.611875329135636582e-05 -3.990429308799609020e-04 5.454019121195895388e-04 -1.722120333288797113e-03 -7.311754077488051302e-04 -7.082898319300201745e-04
1.033500554826163496e-04 4.237245885755811198e-04 -5.504914346313544106e-04 1.735275298560567698e-04 0.000000000000000000e+00 6.763749898988143799e-04 5.050191132301905207e-04 1.670216388196177001e-03 1.745989054958710715e-05 -5.493302175748049614e-04 1.751279338973039642e-04 9.401821161512899936e-04
3.411150771588495299e-04 -6.622401745656838503e-05 8.651015521118616105e-04 3.351566823314970503e-04 6.763749898988143799e-04 0.000000000000000000e+00 -9.083880003904820167e-04 -9.181000354946810150e-04 -5.394524292719888843e-04 -8.036972036940643552e-04 3.777398985052659946e-04 4.510616713650893324e-04
1.756029236102908805e-03 1.876264674036152514e-04 7.219556140044500756e-05 -9.611875329135636582e-05 5.050191132301905207e-04 -9.083880003904820167e-04 0.000000000000000000e+00 -7.975129667669333304e-04 3.915233034158888885e-04 -1.796887698927640071e-05 -1.132543033704256114e-06 8.096058861924610188e-05
-5.080705278244613578e-03 -4.162858877493049651e-04 1.241784082408734250e-03 -3.990429308799609020e-04 1.670216388196177001e-03 -9.181000354946810150e-04 -7.975129667669333304e-04 0.000000000000000000e+00 -1.055028080909844101e-03 -8.435902357917235677e-04 5.076602583803338129e-05 -9.054972224009699353e-04
-4.797806196476065723e-04 -1.829822432775560226e-04 -8.294862543582900115e-04 5.454019121195895388e-04 1.745989054958710715e-05 -5.394524292719888843e-04 3.915233034158888885e-04 -1.055028080909844101e-03 0.000000000000000000e+00 1.323951671122729353e-04 -1.037227373132107103e-04 2.621291438968106425e-05
-1.006069902218462977e-03 -1.754890899383709595e-04 -1.820325883168520112e-03 -1.722120333288797113e-03 -5.493302175748049614e-04 -8.036972036940643552e-04 -1.796887698927640071e-05 -8.435902357917235677e-04 1.323951671122729353e-04 0.000000000000000000e+00 4.475505291392355297e-04 -8.549278677794185360e-04
4.271734855790350273e-04 5.253475579831211437e-05 -3.385745787580364107e-04 -7.311754077488051302e-04 1.751279338973039642e-04 3.777398985052659946e-04 -1.132543033704256114e-06 5.076602583803338129e-05 -1.037227373132107103e-04 4.475505291392355297e-04 0.000000000000000000e+00 1.005648772895342932e-04
-1.116671766226608273e-03 -1.213022902854962818e-04 -1.747829470615686889e-04 -7.082898319300201745e-04 9.401821161512899936e-04 4.510616713650893324e-04 8.096058861924610188e-05 -9.054972224009699353e-04 2.621291438968106425e-05 -8.549278677794185360e-04 1.005648772895342932e-04 0.000000000000000000e+00
