0.000000000000000000e+00 1.209892269357447896e-04 1.716012285331076090e-03 -2.638825224308501052e-03 -2.000114749882926960e-04 -3.161806257613450181e-03 -8.315659487487793390e-04 -4.663408783959081317e-04 9.401939292633015909e-04 -2.185079194057820522e-03 1.672938023082095325e-04 1.281974934989055378e-04
1.209892269357447896e-04 0.000000000000000000e+00 -3.944477889812367613e-04 -4.762168031064806326e-05 5.128617672761797471e-04 3.626614648627661357e-04 -2.107470370132579439e-04 -1.056609068808452880e-03 -2.222684552469524337e-04 -1.416193942424603741e-04 -1.755298801119083667e-05 -1.703172733500181739e-04
1.716012285331076090e-03 -3.944477889812367613e-04 0.000000000000000000e+00 -3.578335542056460569e-04 -2.901904636100875604e-04 3.517164113205983682e-04 -1.025459681932988507e-04 -8.686669689021011631e-04 6.956959103288777894e-04 1.931048522390205787e-04 8.610144672291020402e-05 7.766414304850864951e-04
-2.638825224308501052e-03 -4.762168031064806326e-05 -3.578335542056460569e-04 0.000000000000000000e+00 8.093057271439522190e-04 8.698592975226229198e-04 5.537811188866816840e-04 1.924706663124396309e-03 3.467329798022582483e-04 3.789069709731791185e-04 4.881025869365066905e-04 -3.784288362001746306e-04
-2.000114749882926960e-04 5.128617672761797471e-04 -2.901904636100875604e-04 8.093057271439522190e-04 0.000000000000000000e+00 4.256770398051616189e-04 1.200742949381399671e-04 6.129728562674595371e-04 2.990350886744207512e-05 -1.205399546176868716e-03 6.733925231887813944e-05 -8.878608639258968316e-05
-3.161806257613450181e-03 3.626614648627661357e-04 3.517164113205983682e-04 8.698592975226229198e-04 4.256770398051616189e-04 0.000000000000000000e+00 2.134724118132129032e-04 -1.453109302122997581e-03 3.349598280870929993e-04 -1.277267709835687741e-03 -3.507038002354063749e-04 -2.967472738152687273e-04
-8.315659487487793390e-04 -2.107470370132579439e-04 -1.025459681932988507e-04 5.537811188866816840e-04 1.200742949381399671e-04 2.134724118132129032e-04 0.000000000000000000e+00 9.250179526820621282e-04 5.200590294873625461e-04 -4.348127121202253201e-05 2.863638308186347375e-04 -4.484018426410982467e-04
-4.663408783959081317e-04 -1.056609068808452880e-03 -8.686669689021011631e-04 1.924706663124396309e-03 6.129728562674595371e-04 -1.453109302122997581e-03 9.250179526820621282e-04 0.000000000000000000e+00 -1.493749547632294058e-03 6.049830560261862042e-04 -1.868157141992737565e-04 -8.313500441641437377e-05
9.401939292633015909e-04 -2.222684552469524337e-04 6.956959103288777894e-04 3.467329798022582483e-04 2.990350886744207512e-05 3.349598280870929993e-04 5.200590294873625461e-04 -1.493749547632294058e-03 0.000000000000000000e+00 8.646689874017525609e-04 -2.229407673562353200e-05 -2.544499988104166610e-04
-2.185079194057820522e-03 -1.416193942424603741e-04 1.931048522390205787e-04 3.789069709731791185e-04 -1.205399546176868716e-03 -1.277267709835687741e-03 -4.348127121202253201e-05 6.049830560261862042e-04 8.646689874017525609e-04 0.000000000000000000e+00 2.083336172733247929e-04 3.964852567424790252e-04
1.672938023082095325e-04 -1.755298801119083667e-05 8.610144672291020402e-05 4.881025869365066905e-04 6.733925231887813944e-05 -3.507038002354063749e-04 2.863638308186347375e-04 -1.868157141992737565e-04 -2.229407673562353200e-05 2.083336172733247929e-04 0.000000000000000000e+00 5.706803191327022704e-05
1.281974934989055378e-04 -1.703172733500181739e-04 7.766414304850864951e-04 -3.784288362001746306e-04 -8.878608639258968316e-05 -2.967472738152687273e-04 -4.484018426410982467e-04 -8.313500441641437377e-05 -2.544499988104166610e-04 3.964852567424790252e-04 5.706803191327022704e-05 0.000000000000000000e+00
