0.000000000000000000e+00 -2.761720017156448089e-04 1.048616384089144215e-03 1.344403959287510846e-03 2.916732132363381979e-03 4.144690810863484566e-04 -1.771532247035992932e-03 7.822105340486630197e-04 -1.629875551857412879e-03 -2.232312320800097609e-03 4.859140975750842937e-04 -4.138447306480460977e-04
-2.761720017156448089e-04 0.000000000000000000e+00 -4.580285568131493802e-04 -1.083967786611935851e-05 5.560400462270397156e-04 1.029798823540653460e-04 5.669010562452218442e-05 -9.276000484530591604e-04 2.238869557382796070e-06 2.274339753055690564e-04 1.148751437501288933e-04 1.523093030639621043e-04
1.048616384089144215e-03 -4.580285568131493802e-04 0.000000000000000000e+00 1.111525515417415136e-04 8.172614460904034477e-04 9.392401834511546980e-04 -2.066438827590695170e-04 6.720874358053070211e-04 5.352460006266589534e-04 8.945300957799337234e-04 -1.904912774018279245e-04 3.293425130619639316e-05
1.344403959287510846e-03 -1.083967786611935851e-05 1.111525515417415136e-04 0.000000000000000000e+00 -9.129815155672479574e-04 -1.029995901490209217e-03 -8.818928049938320156e-04 -1.113252377482008013e-03 -4.336519464329717603e-05 -2.196603287528828209e-04 -3.008873707790823038e-04 4.599992381479754591e-05
2.916732132363381979e-03 5.560400462270397156e-04 8.172614460904034477e-04 -9.129815155672479574e-04 0.000000000000000000e+00 4.620661037138408100e-04 5.158518265765335694e-04 -1.190553169448051521e-03 1.320841999758607824e-05 -4.475955400689546858e-04 -2.276489413137100027e-04 3.710565193932439422e-04
4.144690810863484566e-04 1.029798823540653460e-04 9.392401834511546980e-04 -1.029995901490209217e-03 4.620661037138408100e-04 0.000000000000000000e+00 -1.857777083425418284e-04 1.674057035695280127e-03 -2.510169841686429675e-04 1.678260429238010581e-03 8.682387400972714627e-05 3.168024145599954698e-04
-1.771532247035992932e-03 5.669010562452218442e-05 -2.066438827590695170e-04 -8.818928049938320156e-04 5.158518265765335694e-04 -1.857777083425418284e-04 0.000000000000000000e+00 4.270122301516784198e-04 -4.972243648594841460e-05 -9.424480400812072604e-04 -2.397717159816765671e-04 3.512313433045109300e-04
7.822105340486630197e-04 -9.276000484530591604e-04 6.720874358053070211e-04 -1.113252377482008013e-03 -1.190553169448051521e-03 1.674057035695280127e-03 4.270122301516784198e-04 0.000000000000000000e+00 -9.926305101680200406e-05 -2.152202689546509496e-03 -5.183168345074138712e-05 -5.337573183226424888e-04
-1.629875551857412879e-03 2.238869557382796070e-06 5.352460006266589534e-04 -4.336519464329717603e-05 1.320841999758607824e-05 -2.510169841686429675e-04 -4.972243648594841460e-05 -9.926305101680200406e-05 0.000000000000000000e+00 7.231000966626478961e-04 -2.168573628750039312e-04 -4.363567152685245251e-04
-2.232312320800097609e-03 2.274339753055690564e-04 8.945300957799337234e-04 -2.196603287528828209e-04 -4.475955400689546858e-04 1.678260429238010581e-03 -9.424480400812072604e-04 -2.152202689546509496e-03 7.231000966626478961e-04 0.000000000000000000e+00 2.726220854953867912e-05 4.106325280232354545e-04
4.859140975750842937e-04 1.148751437501288933e-04 -1.904912774018279245e-04 -3.008873707790823038e-04 -2.276489413137100027e-04 8.682387400972714627e-05 -2.397717159816765671e-04 -5.183168345074138712e-05 -2.168573628750039312e-04 2.726220854953867912e-05 0.000000000000000000e+00 -3.773428161968681960e-04
-4.138447306480460977e-04 1.523093030639621043e-04 3.293425130619639316e-05 4.599992381479754591e-05 3.710565193932439422e-04 3.168024145599954698e-04 3.512313433045109300e-04 -5.337573183226424888e-04 -4.363567152685245251e-04 4.106325280232354545e-04 -3.773428161968681960e-04 0.000000000000000000e+00
