0.000000000000000000e+00 4.261247281335111826e-05 -8.655742653056220119e-04 -1.972414573675078170e-04 -3.394097108920609727e-04 4.423098704982441086e-05 5.639572590764826195e-04 -2.135659046118833183e-04 -2.714294498075353547e-04 -4.482429940837913667e-04 -3.568394830581272069e-04 -2.902193421115690348e-04
4.261247281335111826e-05 0.000000000000000000e+00 1.008454937372486263e-03 3.925892725741772504e-04 -3.016893629137672389e-04 -1.221277323289609597e-04 2.975793945802555321e-04 -1.314700623443446526e-04 9.621542349246815730e-05 2.459174934852236157e-04 -1.499232290892118960e-04 -8.386701037962673898e-04
-8.655742653056220119e-04 1.008454937372486263e-03 0.000000000000000000e+00 8.869371765280047474e-04 1.156905269393035396e-03 -2.171507398200799629e-03 1.255475580530740270e-03 5.442659351112017364e-04 -1.472621039626582744e-03 2.054545758585493535e-03 -2.380429298245073156e-04 -1.329053293270165709e-03
-1.972414573675078170e-04 3.925892725741772504e-04 8.869371765280047474e-04 0.000000000000000000e+00 1.792691368308926879e-03 9.999408390173464278e-04 1.597415919044685439e-03 -2.343232406397190203e-04 -5.312822710097997252e-05 1.093629378065328218e-03 1.520563887364054581e-03 8.658257239145431905e-04
-3.394097108920609727e-04 -3.016893629137672389e-04 1.156905269393035396e-03 1.792691368308926879e-03 0.000000000000000000e+00 8.547177188608169650e-04 -3.537071966695196930e-05 3.833729079206187745e-04 -6.044623521363999552e-04 -7.682346100715186027e-04 1.709498643591114318e-04 5.788119360463468769e-05
4.423098704982441086e-05 -1.221277323289609597e-04 -2.171507398200799629e-03 9.999408390173464278e-04 8.547177188608169650e-04 0.000000000000000000e+00 8.586408328999942325e-04 7.425514357895553067e-04 1.589207474783957408e-03 5.087640123443490500e-04 5.530468307655473552e-04 -8.831330126837460106e-04
5.639572590764826195e-04 2.975793945802555321e-04 1.255475580530740270e-03 1.597415919044685439e-03 -3.537071966695196930e-05 8.586408328999942325e-04 0.000000000000000000e+00 -8.519165757869789208e-05 1.707176607985184144e-04 6.741005901370069296e-04 -5.749850512658049402e-04 8.258652284322599325e-04
-2.135659046118833183e-04 -1.314700623443446526e-04 5.442659351112017364e-04 -2.343232406397190203e-04 3.833729079206187745e-04 7.425514357895553067e-04 -8.519165757869789208e-05 0.000000000000000000e+00 -9.080654606280010477e-05 7.770217523177885778e-05 -5.722486904491077457e-04 -1.651230969427837272e-04
-2.714294498075353547e-04 9.621542349246815730e-05 -1.472621039626582744e-03 -5.312822710097997252e-05 -6.044623521363999552e-04 1.589207474783957408e-03 1.707176607985184144e-04 -9.080654606280010477e-05 0.000000000000000000e+00 -8.259760946171022062e-04 5.127938847373121611e-04 -2.726722399748983047e-04
-4.482429940837913667e-04 2.459174934852236157e-04 2.054545758585493535e-03 1.093629378065328218e-03 -7.682346100715186027e-04 5.087640123443490500e-04 6.741005901370069296e-04 7.770217523177885778e-05 -8.259760946171022062e-04 0.000000000000000000e+00 2.168990718748749192e-04 5.762547569005255482e-04
-3.568394830581272069e-04 -1.499232290892118960e-04 -2.380429298245073156e-04 1.520563887364054581e-03 1.709498643591114318e-04 5.530468307655473552e-04 -5.749850512658049402e-04 -5.722486904491077457e-04 5.127938847373121611e-04 2.168990718748749192e-04 0.000000000000000000e+00 -3.592611991118555177e-04
-2.902193421115690348e-04 -8.386701037962673898e-04 -1.329053293270165709e-03 8.658257239145431905e-04 5.788119360463468769e-05 -8.831330126837460106e-04 8.258652284322599325e-04 -1.651230969427837272e-04 -2.726722399748983047e-04 5.762547569005255482e-04 -3.592611991118555177e-04 0.000000000000000000e+00
