0.000000000000000000e+00 1.418347473620500923e-04 -7.082095206470605210e-04 1.638986065885410562e-04 -3.236339599085823453e-04 -4.957485573050277126e-04 6.961005843637847442e-04 -5.994726148116040753e-05 5.719056955103413165e-04 -3.695596928713170597e-04 8.542758113304056797e-05 1.668586687488935361e-04
1.418347473620500923e-04 0.000000000000000000e+00 -4.974663772687449686e-05 -1.160923643951627818e-03 -5.453980365733268306e-04 4.057017870454267261e-04 6.241258421842119141e-04 -2.298787991341313833e-04 4.599783137999377417e-04 2.722528025978801459e-04 -2.591355141030700837e-04 -9.153030815454291157e-05
-7.082095206470605210e-04 -4.974663772687449686e-05 0.000000000000000000e+00 3.891972051681458211e-03 8.565505263743586816e-04 1.306309999842026953e-03 -6.334818074630370549e-04 -9.351943532674036430e-05 9.618834075346262367e-04 -9.373347470892325539e-04 -4.478260039783796016e-04 -3.230864089040530983e-03
1.638986065885410562e-04 -1.160923643951627818e-03 3.891972051681458211e-03 0.000000000000000000e+00 4.922378760676694416e-04 1.237626699191039185e-03 1.790029798260392088e-03 -6.843735879412334066e-04 -1.220515696844652652e-03 4.325345981560450837e-04 -1.148665857916757486e-03 1.123601259442149301e-03
-3.236339599085823453e-04 -5.453980365733268306e-04 8.565505263743586816e-04 4.922378760676694416e-04 0.000000000000000000e+00 1.129114776238480250e-03 -3.515130883678218156e-04 -4.624802445935594130e-04 -5.744871661510623541e-04 -3.426752366694557021e-04 -5.754413719476084502e-05 -1.450337967595894794e-03
-4.957485573050277126e-04 4.057017870454267261e-04 1.306309999842026953e-03 1.237626699191039185e-03 1.129114776238480250e-03 0.000000000000000000e+00 4.599617736117366787e-04 -2.786992013141419882e-04 7.373113693217544281e-04 -2.680948738593239575e-04 -5.258132734367994363e-04 1.306765643502451509e-03
6.961005843637847442e-04 6.241258421842119141e-04 -6.334818074630370549e-04 1.790029798260392088e-03 -3.515130883678218156e-04 4.599617736117366787e-04 0.000000000000000000e+00 3.895281555046117117e-05 -6.469674127287925770e-04 8.138452004739201232e-04 -3.023778810946531250e-04 -6.631287159664633326e-04
-5.994726148116040753e-05 -2.298787991341313833e-04 -9.351943532674036430e-05 -6.843735879412334066e-04 -4.624802445935594130e-04 -2.786992013141419882e-04 3.895281555046117117e-05 0.000000000000000000e+00 -1.549146288315808088e-05 7.855324135158831022e-05 -2.148878411154135702e-04 2.746774871039402177e-04
5.719056955103413165e-04 4.599783137999377417e-04 9.618834075346262367e-04 -1.220515696844652652e-03 -5.744871661510623541e-04 7.373113693217544281e-04 -6.469674127287925770e-04 -1.549146288315808088e-05 0.000000000000000000e+00 -5.381484596242873180e-04 3.239548978338310944e-04 5.581833426478607875e-04
-3.695596928713170597e-04 2.722528025978801459e-04 -9.373347470892325539e-04 4.325345981560450837e-04 -3.426752366694557021e-04 -2.680948738593239575e-04 8.138452004739201232e-04 7.855324135158831022e-05 -5.381484596242873180e-04 0.000000000000000000e+00 -3.162123655089576417e-04 2.855451815107399281e-04
8.542758113304056797e-05 -2.591355141030700837e-04 -4.478260039783796016e-04 -1.148665857916757486e-03 -5.754413719476084502e-05 -5.258132734367994363e-04 -3.023778810946531250e-04 -2.148878411154135702e-04 3.239548978338310944e-04 -3.162123655089576417e-04 0.000000000000000000e+00 2.564486876551264126e-04
1.668586687488935361e-04 -9.153030815454291157e-05 -3.230864089040530983e-03 1.123601259442149301e-03 -1.450337967595894794e-03 1.306765643502451509e-03 -6.631287159664633326e-04 2.746774871039402177e-04 5.581833426478607875e-04 2.855451815107399281e-04 2.564486876551264126e-04 0.000000000000000000e+00
