0.000000000000000000e+00 4.646600240327531501e-04 9.323723198597791764e-04 -4.950506722004255561e-04 -1.624637469122322650e-04 -6.952113820597369785e-05 -4.610428259153690768e-04 3.308387485341636003e-04 4.787856915947595604e-04 -2.551253375679750726e-04 1.323535323486197876e-04 1.965932508006070683e-04
4.646600240327531501e-04 0.000000000000000000e+00 8.079450890350326191e-04 -6.728399232171841790e-04 7.117457868661528593e-06 -2.766034847875274445e-04 3.277160510475826964e-04 -6.655046610607600905e-05 5.293920039849455686e-04 -9.930864106889800418e-05 -4.317469326264526783e-04 -2.488645717703687980e-04
9.323723198597791764e-04 8.079450890350326191e-04 0.000000000000000000e+00 -2.828586474021643673e-03 -9.534844551115170428e-04 2.906423671792277615e-03 6.208403500787920172e-05 -5.442560280381009358e-04 1.706077591666717210e-03 1.336064949115407666e-03 -8.429962462908921310e-04 -1.765531900456080014e-03
-4.950506722004255561e-04 -6.728399232171841790e-04 -2.828586474021643673e-03 0.000000000000000000e+00 -1.142928555450713288e-03 5.753633528687900284e-04 -1.102626766557717256e-03 -2.985414575686350406e-04 -1.401036575302805212e-03 1.711387242504635274e-03 -8.948903152515767616e-04 2.541053655260203017e-03
-1.624637469122322650e-04 7.117457868661528593e-06 -9.534844551115170428e-04 -1.142928555450713288e-03 0.000000000000000000e+00 -9.107403660945605347e-04 -2.663477314569475860e-04 1.311175953949360567e-04 -3.490680729883693760e-04 -5.411898307730719435e-04 5.437145349648030932e-05 -1.760309843525445722e-03
-6.952113820597369785e-05 -2.766034847875274445e-04 2.906423671792277615e-03 5.753633528687900284e-04 -9.107403660945605347e-04 0.000000000000000000e+00 7.588005203115461396e-04 1.984028311657693507e-04 5.313653240597730537e-04 -1.548832854536790274e-03 -9.092261224298404205e-04 -2.068472711376502822e-05
-4.610428259153690768e-04 3.277160510475826964e-04 6.208403500787920172e-05 -1.102626766557717256e-03 -2.663477314569475860e-04 7.588005203115461396e-04 0.000000000000000000e+00 -4.517154959442350008e-04 2.064528474694054237e-04 -1.509520946674864429e-05 2.364256696758210499e-04 1.192898207114179068e-03
3.308387485341636003e-04 -6.655046610607600905e-05 -5.442560280381009358e-04 -2.985414575686350406e-04 1.311175953949360567e-04 1.984028311657693507e-04 -4.517154959442350008e-04 0.000000000000000000e+00 -2.611638735472434110e-05 3.184781889535633900e-05 -5.253403699965366724e-04 3.825613267068413885e-04
4.787856915947595604e-04 5.293920039849455686e-04 1.706077591666717210e-03 -1.401036575302805212e-03 -3.490680729883693760e-04 5.313653240597730537e-04 2.064528474694054237e-04 -2.611638735472434110e-05 0.000000000000000000e+00 -1.734343773074923582e-04 5.483219256272785442e-04 3.770185738908031665e-04
-2.551253375679750726e-04 -9.930864106889800418e-05 1.336064949115407666e-03 1.711387242504635274e-03 -5.411898307730719435e-04 -1.548832854536790274e-03 -1.509520946674864429e-05 3.184781889535633900e-05 -1.734343773074923582e-04 0.000000000000000000e+00 2.210203336868541573e-04 -1.038571443895662484e-03
1.323535323486197876e-04 -4.317469326264526783e-04 -8.429962462908921310e-04 -8.948903152515767616e-04 5.437145349648030932e-05 -9.092261224298404205e-04 2.364256696758210499e-04 -5.253403699965366724e-04 5.483219256272785442e-04 2.210203336868541573e-04 0.000000000000000000e+00 9.262876764624704609e-05
1.965932508006070683e-04 -2.488645717703687980e-04 -1.765531900456080014e-03 2.541053655260203017e-03 -1.760309843525445722e-03 -2.068472711376502822e-05 1.192898207114179068e-03 3.825613267068413885e-04 3.770185738908031665e-04 -1.038571443895662484e-03 9.262876764624704609e-05 0.000000000000000000e+00
