0.000000000000000000e+00 1.527565539541207598e-04 -9.265777226695171530e-04 -7.835459780680312626e-05 -3.995873996590895900e-04 6.494610711664373752e-04 4.633370030304253834e-04 -1.349851372524418975e-04 2.105516883473519750e-04 4.952330095909645040e-04 3.232721022610529692e-04 9.383365203905588876e-04
1.527565539541207598e-04 0.000000000000000000e+00 -1.817120917284483156e-03 -6.683947127370514505e-04 3.403101800399518321e-04 -9.731394931523551419e-04 -2.624861764525769766e-04 1.536694139366142828e-04 -1.321885424458375856e-04 5.087903529434503573e-04 -2.268640929659470219e-04 8.274738845703332249e-04
-9.265777226695171530e-04 -1.817120917284483156e-03 0.000000000000000000e+00 -6.996101050936150492e-04 1.775467758746609353e-03 1.141227325453095546e-03 8.805625581551979400e-04 7.739732023158334227e-04 4.036092937421347057e-04 1.394580256712994260e-03 2.602315055113910299e-04 5.151508096658077974e-06
-7.835459780680312626e-05 -6.683947127370514505e-04 -6.996101050936150492e-04 0.000000000000000000e+00 -9.298756770963608961e-04 -1.879082429300112187e-03 1.384473741731004955e-03 -5.920080754225943726e-04 1.217766847598036146e-03 -9.798568917790571528e-04 -9.175898706335559310e-04 3.591877844488908971e-04
-3.995873996590895900e-04 3.403101800399518321e-04 1.775467758746609353e-03 -9.298756770963608961e-04 0.000000000000000000e+00 -5.425313887649232079e-04 3.443481781110703435e-04 1.545065928597507137e-04 -3.298429380696290322e-04 3.911665496456264053e-04 -2.945063634088417991e-04 1.048921015441974490e-03
6.494610711664373752e-04 -9.731394931523551419e-04 1.141227325453095546e-03 -1.879082429300112187e-03 -5.425313887649232079e-04 0.000000000000000000e+00 -1.065440150205366554e-03 4.849511503456236587e-04 3.953252461033153530e-05 -5.277852457737971636e-04 4.004222781876785094e-04 1.378005070828514349e-03
4.633370030304253834e-04 -2.624861764525769766e-04 8.805625581551979400e-04 1.384473741731004955e-03 3.443481781110703435e-04 -1.065440150205366554e-03 0.000000000000000000e+00 -2.845932349200422178e-04 4.984535978232719445e-04 4.057831148845097297e-04 1.222965309429296596e-04 6.817571582410036999e-04
-1.349851372524418975e-04 1.536694139366142828e-04 7.739732023158334227e-04 -5.920080754225943726e-04 1.545065928597507137e-04 4.849511503456236587e-04 -2.845932349200422178e-04 0.000000000000000000e+00 5.431513929306985757e-04 1.100181873105128841e-05 -8.567404061850067583e-05 6.672604464284120646e-04
2.105516883473519750e-04 -1.321885424458375856e-04 4.036092937421347057e-04 1.217766847598036146e-03 -3.298429380696290322e-04 3.953252461033153530e-05 4.984535978232719445e-04 5.431513929306985757e-04 0.000000000000000000e+00 -2.041445921612697556e-05 5.360554865489438377e-04 2.624779966580554030e-04
4.952330095909645040e-04 5.087903529434503573e-04 1.394580256712994260e-03 -9.798568917790571528e-04 3.911665496456264053e-04 -5.277852457737971636e-04 4.057831148845097297e-04 1.100181873105128841e-05 -2.041445921612697556e-05 0.000000000000000000e+00 4.984941439748828392e-04 -5.970078257317116156e-04
3.232721022610529692e-04 -2.268640929659470219e-04 2.602315055113910299e-04 -9.175898706335559310e-04 -2.945063634088417991e-04 4.004222781876785094e-04 1.222965309429296596e-04 -8.567404061850067583e-05 5.360554865489438377e-04 4.984941439748828392e-04 0.000000000000000000e+00 -8.313688780841119045e-04
9.383365203905588876e-04 8.274738845703332249e-04 5.151508096658077974e-06 3.591877844488908971e-04 1.048921015441974490e-03 1.378005070828514349e-03 6.817571582410036999e-04 6.672604464284120646e-04 2.624779966580554030e-04 -5.970078257317116156e-04 -8.313688780841119045e-04 0.000000000000000000e+00
