0.000000000000000000e+00 -8.605884453058075762e-05 -7.236212498328937689e-04 -5.692436621616050454e-04 -4.229920361240479989e-04 -5.739523570200735894e-05 -3.185076909809657147e-05 -3.633469532845013728e-04 -5.580109541490341479e-04 2.490255810374668332e-04 -8.781951978225291811e-05 -5.408802134556533114e-04
-8.605884453058075762e-05 0.000000000000000000e+00 6.136277239545304910e-04 -6.501365638875657074e-04 -2.099223122690203479e-04 8.704696940186711085e-04 4.470762510830889177e-04 -2.812118862518291551e-04 7.135252027863343924e-04 3.599631546111587647e-04 -1.007493069265483118e-04 -1.032360044070159701e-04
-7.236212498328937689e-04 6.136277239545304910e-04 0.000000000000000000e+00 -3.154959658073217162e-03 1.575455538129929417e-03 -2.026152931409294991e-03 8.901754714115491136e-04 9.162346198556598929e-04 -8.530054969312009369e-04 2.255618983789658006e-04 -1.059483751763910082e-04 -2.585120242401443315e-03
-5.692436621616050454e-04 -6.501365638875657074e-04 -3.154959658073217162e-03 0.000000000000000000e+00 1.637267403067899779e-03 2.200863125291681495e-03 5.941589000630626135e-04 -1.052887670077609682e-03 -1.226694545044506777e-04 1.522833123596486907e-04 7.334881649799244920e-04 2.062056513573828909e-03
-4.229920361240479989e-04 -2.099223122690203479e-04 1.575455538129929417e-03 1.637267403067899779e-03 0.000000000000000000e+00 1.291173675874123872e-03 5.569076463050720007e-04 3.526630177608654996e-04 -4.882323252812855873e-04 -7.700477898483298021e-04 -6.476422257045948020e-04 -6.087103036613010108e-04
-5.739523570200735894e-05 8.704696940186711085e-04 -2.026152931409294991e-03 2.200863125291681495e-03 1.291173675874123872e-03 0.000000000000000000e+00 2.407221400831400376e-04 5.959649004412575146e-04 4.430520333527477954e-04 7.926022183099692758e-04 -7.748633325314435542e-04 -6.699701849353158515e-05
-3.185076909809657147e-05 4.470762510830889177e-04 8.901754714115491136e-04 5.941589000630626135e-04 5.569076463050720007e-04 2.407221400831400376e-04 0.000000000000000000e+00 2.623958943023303346e-04 1.869885655941525601e-04 2.656137796775267438e-04 2.376345071536887501e-04 -1.244888612565531812e-04
-3.633469532845013728e-04 -2.812118862518291551e-04 9.162346198556598929e-04 -1.052887670077609682e-03 3.526630177608654996e-04 5.959649004412575146e-04 2.623958943023303346e-04 0.000000000000000000e+00 -2.150675631069754834e-04 -6.176695851735332983e-06 -4.886037136120228780e-04 5.835547932074202282e-04
-5.580109541490341479e-04 7.135252027863343924e-04 -8.530054969312009369e-04 -1.226694545044506777e-04 -4.882323252812855873e-04 4.430520333527477954e-04 1.869885655941525601e-04 -2.150675631069754834e-04 0.000000000000000000e+00 -2.474208497379884551e-04 9.752562805643943912e-04 -7.269479567030800700e-04
2.490255810374668332e-04 3.599631546111587647e-04 2.255618983789658006e-04 1.522833123596486907e-04 -7.700477898483298021e-04 7.926022183099692758e-04 2.656137796775267438e-04 -6.176695851735332983e-06 -2.474208497379884551e-04 0.000000000000000000e+00 9.316491215159061940e-05 1.196419635284324276e-03
-8.781951978225291811e-05 -1.007493069265483118e-04 -1.059483751763910082e-04 7.334881649799244920e-04 -6.476422257045948020e-04 -7.748633325314435542e-04 2.376345071536887501e-04 -4.886037136120228780e-04 9.752562805643943912e-04 9.316491215159061940e-05 0.000000000000000000e+00 -4.726395148112175399e-04
-5.408802134556533114e-04 -1.032360044070159701e-04 -2.585120242401443315e-03 2.062056513573828909e-03 -6.087103036613010108e-04 -6.699701849353158515e-05 -1.244888612565531812e-04 5.835547932074202282e-04 -7.269479567030800700e-04 1.196419635284324276e-03 -4.726395148112175399e-04 0.000000000000000000e+00
