0.000000000000000000e+00 1.231538108053687049e-04 2.648117409186779623e-05 -1.019453063221695700e-03 1.980601984599639036e-03 7.701516503345115635e-04 -2.512499529542502798e-03 -5.671003255119811542e-04 1.683371522560926517e-03 -6.949367597008536054e-05 -6.242095074193340079e-04 7.981123916899024277e-04
1.231538108053687049e-04 0.000000000000000000e+00 7.209045007794593718e-05 -1.887408942544379817e-04 6.890542188648727650e-04 9.558784503204856113e-04 -5.189528731542450207e-04 -3.172475220001113152e-04 2.878978910029777907e-04 -6.980834340767904126e-04 3.788286568903186688e-04 4.575929403369018698e-04
2.648117409186779623e-05 7.209045007794593718e-05 0.000000000000000000e+00 -2.433438068012659368e-04 -6.229590265752413258e-04 -1.214623105820490285e-05 -2.427405851277092484e-04 -4.946008420969768405e-05 -8.432693436866031634e-04 -5.136971153746563599e-04 6.028256711105456513e-05 6.464385584337179619e-05
-1.019453063221695700e-03 -1.887408942544379817e-04 -2.433438068012659368e-04 0.000000000000000000e+00 -9.373373493418641397e-04 -1.265066778554038587e-04 1.761489612452627872e-03 -7.372735131400657985e-04 -2.695151828051047232e-04 -3.242859973920665098e-04 -6.958162672670289365e-05 2.182868593434534015e-04
1.980601984599639036e-03 6.890542188648727650e-04 -6.229590265752413258e-04 -9.373373493418641397e-04 0.000000000000000000e+00 5.273133423821442945e-04 1.396801513133467390e-03 5.636163278139752573e-04 -2.735313377213382992e-03 3.240499023691856268e-05 -5.332506084696819531e-04 9.159602504669045464e-04
7.701516503345115635e-04 9.558784503204856113e-04 -1.214623105820490285e-05 -1.265066778554038587e-04 5.273133423821442945e-04 0.000000000000000000e+00 -7.760257934727352817e-04 6.423596723483976671e-04 1.407485175445367205e-03 -4.800413730620261025e-04 3.278205879974358319e-04 -5.234912768015352851e-05
-2.512499529542502798e-03 -5.189528731542450207e-04 -2.427405851277092484e-04 1.761489612452627872e-03 1.396801513133467390e-03 -7.760257934727352817e-04 0.000000000000000000e+00 1.077536614394110056e-03 -6.362518276601573193e-04 -3.786120265397600404e-04 6.589926435659040817e-04 -1.089565030641204005e-03
-5.671003255119811542e-04 -3.172475220001113152e-04 -4.946008420969768405e-05 -7.372735131400657985e-04 5.636163278139752573e-04 6.423596723483976671e-04 1.077536614394110056e-03 0.000000000000000000e+00 6.721095888777877856e-05 -4.511146929277897637e-04 -2.841405671572509598e-04 -8.002438987315182040e-05
1.683371522560926517e-03 2.878978910029777907e-04 -8.432693436866031634e-04 -2.695151828051047232e-04 -2.735313377213382992e-03 1.407485175445367205e-03 -6.362518276601573193e-04 6.721095888777877856e-05 0.000000000000000000e+00 -9.119423577267178269e-04 2.871932392379594528e-04 -5.681668057925436327e-04
-6.949367597008536054e-05 -6.980834340767904126e-04 -5.136971153746563599e-04 -3.242859973920665098e-04 3.240499023691856268e-05 -4.800413730620261025e-04 -3.786120265397600404e-04 -4.511146929277897637e-04 -9.119423577267178269e-04 0.000000000000000000e+00 -6.513665445497750749e-04 1.202221269557417384e-04
-6.242095074193340079e-04 3.788286568903186688e-04 6.028256711105456513e-05 -6.958162672670289365e-05 -5.332506084696819531e-04 3.278205879974358319e-04 6.589926435659040817e-04 -2.841405671572509598e-04 2.871932392379594528e-04 -6.513665445497750749e-04 0.000000000000000000e+00 -5.175600668930874487e-04
7.981123916899024277e-04 4.575929403369018698e-04 6.464385584337179619e-05 2.182868593434534015e-04 9.159602504669045464e-04 -5.234912768015352851e-05 -1.089565030641204005e-03 -8.002438987315182040e-05 -5.681668057925436327e-04 1.202221269557417384e-04 -5.175600668930874487e-04 0.000000000000000000e+00
