0.000000000000000000e+00 -5.890043183572891668e-04 -6.340950429377675921e-04 1.429760715242494692e-05 3.998156299838497479e-06 -1.954859401844126480e-06 5.257687473948616285e-04 -2.945211501178741941e-04 1.327830376435990348e-03 1.932806150053976684e-05 -4.877440374579539183e-04 3.143590098821283222e-04
-5.890043183572891668e-04 0.000000000000000000e+00 2.208363229479567928e-05 -3.269706864792514770e-04 1.159047819949518728e-03 -9.960820832009280486e-04 -1.083308587456064320e-03 -2.636306160917204953e-04 1.413589227447569494e-03 -5.430050141998665932e-04 4.975413808698240679e-04 3.581736048531139254e-04
-6.340950429377675921e-04 2.208363229479567928e-05 0.000000000000000000e+00 2.692856171174860943e-04 1.793329790190444735e-04 5.127648572189526938e-04 -5.260185832191721661e-05 1.045311006980558568e-04 -7.474118621509796400e-04 3.068480030625221600e-04 -9.120684327941348227e-05 6.510000516768226463e-05
1.429760715242494692e-05 -3.269706864792514770e-04 2.692856171174860943e-04 0.000000000000000000e+00 1.476150082100192822e-03 1.014570223749730344e-03 -1.945312918483707316e-04 4.667439210356074146e-04 -1.146256450356844466e-04 -1.095921291250063047e-04 -5.825172554367737902e-05 1.320309099545267895e-04
3.998156299838497479e-06 1.159047819949518728e-03 1.793329790190444735e-04 1.476150082100192822e-03 0.000000000000000000e+00 -2.556117727293627994e-04 1.430308632699670793e-03 8.256035674518524912e-04 9.505038267711204275e-04 1.538829190476197878e-04 -8.266890669894396294e-04 5.321160047267548075e-04
-1.954859401844126480e-06 -9.960820832009280486e-04 5.127648572189526938e-04 1.014570223749730344e-03 -2.556117727293627994e-04 0.000000000000000000e+00 1.244284091330482688e-03 3.960668492582070381e-04 7.261050649300761824e-04 3.104824113377510918e-05 -4.357564073607870635e-04 4.483489221673136451e-04
5.257687473948616285e-04 -1.083308587456064320e-03 -5.260185832191721661e-05 -1.945312918483707316e-04 1.430308632699670793e-03 1.244284091330482688e-03 0.000000000000000000e+00 2.910317920627456586e-04 -3.265884763547680959e-03 4.272751144129343856e-04 -1.408137148180020832e-03 1.129116749413221687e-03
-2.945211501178741941e-04 -2.636306160917204953e-04 1.045311006980558568e-04 4.667439210356074146e-04 8.256035674518524912e-04 3.960668492582070381e-04 2.910317920627456586e-04 0.000000000000000000e+00 4.474303017841388202e-04 1.235877761195116296e-04 -7.831888182491273732e-05 -3.143088538870703313e-04
1.327830376435990348e-03 1.413589227447569494e-03 -7.474118621509796400e-04 -1.146256450356844466e-04 9.505038267711204275e-04 7.261050649300761824e-04 -3.265884763547680959e-03 4.474303017841388202e-04 0.000000000000000000e+00 1.209273882732545772e-03 8.629874200716130834e-04 6.537484187465788642e-04
1.932806150053976684e-05 -5.430050141998665932e-04 3.068480030625221600e-04 -1.095921291250063047e-04 1.538829190476197878e-04 3.104824113377510918e-05 4.272751144129343856e-04 1.235877761195116296e-04 1.209273882732545772e-03 0.000000000000000000e+00 4.466096848953622048e-04 4.481466650863658247e-04
-4.877440374579539183e-04 4.975413808698240679e-04 -9.120684327941348227e-05 -5.825172554367737902e-05 -8.266890669894396294e-04 -4.357564073607870635e-04 -1.408137148180020832e-03 -7.831888182491273732e-05 8.629874200716130834e-04 4.466096848953622048e-04 0.000000000000000000e+00 -1.148824736731998816e-04
3.143590098821283222e-04 3.581736048531139254e-04 6.510000516768226463e-05 1.320309099545267895e-04 5.321160047267548075e-04 4.483489221673136451e-04 1.129116749413221687e-03 -3.143088538870703313e-04 6.537484187465788642e-04 4.481466650863658247e-04 -1.148824736731998816e-04 0.000000000000000000e+00
