0.000000000000000000e+00 8.769534442806279164e-05 6.781482194225059348e-04 -4.779580578339599588e-04 -2.808513940206818979e-04 -2.120246046647627873e-04 1.590535054578951673e-04 -2.330640343488396397e-04 1.656170389263997332e-03 -1.381104079905278001e-04 6.737781703820183753e-04 -1.200787857477275417e-04
8.769534442806279164e-05 0.000000000000000000e+00 1.896058534936225089e-05 -4.956484224639751612e-04 1.369592537760849077e-03 3.966603208872679972e-04 -1.330316029272695386e-03 -1.703761078671021825e-04 1.832013529227880877e-03 -4.849736035293105460e-04 -8.195602059384338341e-04 -1.324528925309203446e-04
6.781482194225059348e-04 1.896058534936225089e-05 0.000000000000000000e+00 4.062934975471450393e-04 1.085417852387421476e-03 -2.468840087616834935e-04 -8.577191955738599550e-05 -1.229743477695329574e-04 7.170545128647700306e-04 1.863269222630699275e-04 2.489784124456763674e-04 1.846764677866778747e-04
-4.779580578339599588e-04 -4.956484224639751612e-04 4.062934975471450393e-04 0.000000000000000000e+00 9.727986484747600882e-04 -8.105348072156648778e-05 1.098648976390026802e-03 -9.546777301888672098e-05 8.901910985737933628e-04 4.644999206065993612e-04 -4.949574604418825090e-04 -2.835989544732410352e-04
-2.808513940206818979e-04 1.369592537760849077e-03 1.085417852387421476e-03 9.727986484747600882e-04 0.000000000000000000e+00 1.043240058527699363e-03 -3.272542702215281828e-03 2.300642779293975799e-04 -9.472582942063790699e-04 6.879524272281427582e-04 -8.273750933912115248e-04 6.449904291826643590e-04
-2.120246046647627873e-04 3.966603208872679972e-04 -2.468840087616834935e-04 -8.105348072156648778e-05 1.043240058527699363e-03 0.000000000000000000e+00 -1.035567330188966054e-03 5.784135188054137294e-04 1.119669399532522520e-03 5.579051607454123480e-04 -1.880237666310704463e-04 -5.109864223120447668e-04
1.590535054578951673e-04 -1.330316029272695386e-03 -8.577191955738599550e-05 1.098648976390026802e-03 -3.272542702215281828e-03 -1.035567330188966054e-03 0.000000000000000000e+00 6.660258578544941402e-04 3.517333042419565781e-03 2.013226921905482848e-03 -4.529698804789615021e-04 4.151505464380867631e-04
-2.330640343488396397e-04 -1.703761078671021825e-04 -1.229743477695329574e-04 -9.546777301888672098e-05 2.300642779293975799e-04 5.784135188054137294e-04 6.660258578544941402e-04 0.000000000000000000e+00 -2.192686353221047415e-04 2.912430943106551545e-04 4.764803489062142960e-04 -1.261642925766239323e-04
1.656170389263997332e-03 1.832013529227880877e-03 7.170545128647700306e-04 8.901910985737933628e-04 -9.472582942063790699e-04 1.119669399532522520e-03 3.517333042419565781e-03 -2.192686353221047415e-04 0.000000000000000000e+00 -5.118066663041237040e-04 -1.334212116298706544e-03 -1.097308320894942527e-03
-1.381104079905278001e-04 -4.849736035293105460e-04 1.863269222630699275e-04 4.644999206065993612e-04 6.879524272281427582e-04 5.579051607454123480e-04 2.013226921905482848e-03 2.912430943106551545e-04 -5.118066663041237040e-04 0.000000000000000000e+00 -5.731794259660360802e-05 6.257782688463542613e-04
6.737781703820183753e-04 -8.195602059384338341e-04 2.489784124456763674e-04 -4.949574604418825090e-04 -8.273750933912115248e-04 -1.880237666310704463e-04 -4.529698804789615021e-04 4.764803489062142960e-04 -1.334212116298706544e-03 -5.731794259660360802e-05 0.000000000000000000e+00 -2.296250581432404507e-04
-1.200787857477275417e-04 -1.324528925309203446e-04 1.846764677866778747e-04 -2.835989544732410352e-04 6.449904291826643590e-04 -5.109864223120447668e-04 4.151505464380867631e-04 -1.261642925766239323e-04 -1.097308320894942527e-03 6.257782688463542613e-04 -2.296250581432404507e-04 0.000000000000000000e+00
