0.000000000000000000e+00 7.410353802417005619e-04 1.109211160363287240e-03 1.228190404137437372e-03 1.086075161120930331e-03 1.043499375162975371e-03 7.653397942264543235e-04 4.034381998692191083e-06 8.739829444092170980e-04 -4.864753987281683146e-04 -1.671135369121786330e-03 -3.691856946109224472e-04
7.410353802417005619e-04 0.000000000000000000e+00 -3.470952556974963893e-04 -1.036977739414458172e-03 -9.356608631336948848e-05 4.905968524548357142e-04 -5.330581839138910519e-04 5.069902882754505173e-04 2.029226245189965142e-04 2.829075476881839695e-04 -9.759959006796122818e-04 5.869391437092671146e-04
1.109211160363287240e-03 -3.470952556974963893e-04 0.000000000000000000e+00 4.512680111738528619e-04 3.302005192204212724e-04 -5.378953819380629628e-05 -1.863851752888394993e-03 -1.499088283142855174e-04 -2.045382384715817954e-05 -2.173204229162946355e-04 8.553126322135257793e-04 -8.601840831904180446e-04
1.228190404137437372e-03 -1.036977739414458172e-03 4.512680111738528619e-04 0.000000000000000000e+00 6.659973767510675045e-04 9.940808452746335139e-05 4.530324585338547233e-03 4.662632625918191839e-04 6.578649574179043719e-04 -3.970799434486531831e-04 1.662908519012257268e-03 3.113646871044710397e-05
1.086075161120930331e-03 -9.356608631336948848e-05 3.302005192204212724e-04 6.659973767510675045e-04 0.000000000000000000e+00 4.530757122781324119e-04 1.900578603119143322e-04 -1.837174173348450569e-04 4.917688540070550945e-05 -2.612720630497071127e-04 2.532474328568726967e-04 3.547953685292139616e-04
1.043499375162975371e-03 4.905968524548357142e-04 -5.378953819380629628e-05 9.940808452746335139e-05 4.530757122781324119e-04 0.000000000000000000e+00 -9.508807882576106362e-04 -5.273192676904126398e-04 2.466677888570350348e-04 4.794099595108869535e-04 3.794742262833438210e-05 -1.911704024431283973e-05
7.653397942264543235e-04 -5.330581839138910519e-04 -1.863851752888394993e-03 4.530324585338547233e-03 1.900578603119143322e-04 -9.508807882576106362e-04 0.000000000000000000e+00 -1.288157613358058198e-03 1.454918181331428745e-03 -5.149282333640265623e-04 -3.455013155797560451e-03 -2.212326296564379961e-03
4.034381998692191083e-06 5.069902882754505173e-04 -1.499088283142855174e-04 4.662632625918191839e-04 -1.837174173348450569e-04 -5.273192676904126398e-04 -1.288157613358058198e-03 0.000000000000000000e+00 -2.982838251453395783e-04 -3.037594961349308442e-04 -2.457557768242992304e-04 -4.034900188340643547e-04
8.739829444092170980e-04 2.029226245189965142e-04 -2.045382384715817954e-05 6.578649574179043719e-04 4.917688540070550945e-05 2.466677888570350348e-04 1.454918181331428745e-03 -2.982838251453395783e-04 0.000000000000000000e+00 2.712579511643890134e-04 -1.629892008130546773e-03 -5.095450623014330296e-04
-4.864753987281683146e-04 2.829075476881839695e-04 -2.173204229162946355e-04 -3.970799434486531831e-04 -2.612720630497071127e-04 4.794099595108869535e-04 -5.149282333640265623e-04 -3.037594961349308442e-04 2.712579511643890134e-04 0.000000000000000000e+00 -8.217486356347485782e-04 8.308641257792150113e-04
-1.671135369121786330e-03 -9.759959006796122818e-04 8.553126322135257793e-04 1.662908519012257268e-03 2.532474328568726967e-04 3.794742262833438210e-05 -3.455013155797560451e-03 -2.457557768242992304e-04 -1.629892008130546773e-03 -8.217486356347485782e-04 0.000000000000000000e+00 -9.786201349755256889e-04
-3.691856946109224472e-04 5.869391437092671146e-04 -8.601840831904180446e-04 3.113646871044710397e-05 3.547953685292139616e-04 -1.911704024431283973e-05 -2.212326296564379961e-03 -4.034900188340643547e-04 -5.095450623014330296e-04 8.308641257792150113e-04 -9.786201349755256889e-04 0.000000000000000000e+00
