0.000000000000000000e+00 6.066407202052972883e-04 6.114497874531826772e-05 2.710394290543316053e-04 -1.026501955727021723e-04 -4.655205051163029259e-04 8.730724598633584580e-04 6.024039269061272090e-04 9.544643237727731605e-04 5.230534149420384060e-04 4.654032467763678164e-04 2.875783165395397276e-04
6.066407202052972883e-04 0.000000000000000000e+00 5.157047350564530636e-04 4.547235972902906082e-04 5.152009185354183672e-05 -1.029811096514030787e-04 5.367113720046735306e-04 2.162594969322771243e-04 -1.138997817683523204e-03 1.302851783774065247e-06 -6.711500178392903982e-04 -1.968615018691624097e-04
6.114497874531826772e-05 5.157047350564530636e-04 0.000000000000000000e+00 5.937542447856358199e-04 6.058969317211927936e-04 -3.099736540738339484e-04 -9.044575755026978015e-04 3.632648321853472408e-04 -1.434051022477291230e-04 -4.394478279251104637e-05 -6.411384719845402707e-06 -1.971450152859821397e-04
2.710394290543316053e-04 4.547235972902906082e-04 5.937542447856358199e-04 0.000000000000000000e+00 -4.651624783446687010e-04 7.127435892349792256e-04 -8.044738464261049805e-04 1.007173572963060339e-03 4.098346437810433196e-04 -6.419031635215820004e-04 4.878180964543174579e-04 -1.131295569730619713e-03
-1.026501955727021723e-04 5.152009185354183672e-05 6.058969317211927936e-04 -4.651624783446687010e-04 0.000000000000000000e+00 -3.513779070491674316e-04 -1.656019427167642515e-03 -3.021059112390597355e-04 4.537512550414543318e-04 -5.608375626085800551e-05 3.926127622884814975e-04 7.224132187095881836e-04
-4.655205051163029259e-04 -1.029811096514030787e-04 -3.099736540738339484e-04 7.127435892349792256e-04 -3.513779070491674316e-04 0.000000000000000000e+00 6.878853620564968213e-04 2.539201329066915675e-05 9.370699146167822631e-06 -1.014136267964248076e-04 2.231677261916376390e-04 1.813443163736668516e-04
8.730724598633584580e-04 5.367113720046735306e-04 -9.044575755026978015e-04 -8.044738464261049805e-04 -1.656019427167642515e-03 6.878853620564968213e-04 0.000000000000000000e+00 -1.033828270204934473e-03 -2.634299753726121874e-04 8.188987983971865578e-04 8.088769472654766014e-04 -1.927198242662470388e-03
6.024039269061272090e-04 2.162594969322771243e-04 3.632648321853472408e-04 1.007173572963060339e-03 -3.021059112390597355e-04 2.539201329066915675e-05 -1.033828270204934473e-03 0.000000000000000000e+00 4.803184078499698659e-04 2.139858979352794407e-04 5.267438217961947691e-04 4.862790786221553329e-04
9.544643237727731605e-04 -1.138997817683523204e-03 -1.434051022477291230e-04 4.098346437810433196e-04 4.537512550414543318e-04 9.370699146167822631e-06 -2.634299753726121874e-04 4.803184078499698659e-04 0.000000000000000000e+00 3.837373237322378914e-04 1.685723821890558081e-03 -3.438662742454759013e-04
5.230534149420384060e-04 1.302851783774065247e-06 -4.394478279251104637e-05 -6.419031635215820004e-04 -5.608375626085800551e-05 -1.014136267964248076e-04 8.188987983971865578e-04 2.139858979352794407e-04 3.837373237322378914e-04 0.000000000000000000e+00 -6.254844642659541758e-04 -3.414025815169504058e-04
4.654032467763678164e-04 -6.711500178392903982e-04 -6.411384719845402707e-06 4.878180964543174579e-04 3.926127622884814975e-04 2.231677261916376390e-04 8.088769472654766014e-04 5.267438217961947691e-04 1.685723821890558081e-03 -6.254844642659541758e-04 0.000000000000000000e+00 5.934076331138601716e-04
2.875783165395397276e-04 -1.968615018691624097e-04 -1.971450152859821397e-04 -1.131295569730619713e-03 7.224132187095881836e-04 1.813443163736668516e-04 -1.927198242662470388e-03 4.862790786221553329e-04 -3.438662742454759013e-04 -3.414025815169504058e-04 5.934076331138601716e-04 0.000000000000000000e+00
