0.000000000000000000e+00 1.010958224268588461e-03 -6.709898078331591811e-04 2.118829107391208364e-03 -3.692388738926303290e-04 -2.379809421737090545e-04 2.954701761665538048e-03 -6.142089854344361848e-04 -8.871718101384939081e-04 -7.881799549941328900e-04 5.290508168585740630e-06 1.509149464738134797e-04
1.010958224268588461e-03 0.000000000000000000e+00 -4.047910521036238185e-04 -7.712681183726136612e-04 -4.420019065649175081e-05 -5.776860330963930288e-04 3.206382564921107017e-05 -2.163895585339683343e-04 -8.291286369181399948e-05 -6.363551896149849700e-04 -1.776456446485171414e-04 -1.630399741094425519e-05
-6.709898078331591811e-04 -4.047910521036238185e-04 0.000000000000000000e+00 -1.284928675006593874e-03 5.324437297466751541e-04 -7.151261359865274418e-04 7.773257604886760902e-04 3.699349015011849399e-04 2.764673522611336412e-04 -4.631410776588088299e-04 1.658056748939731396e-03 1.463650349446093252e-04
2.118829107391208364e-03 -7.712681183726136612e-04 -1.284928675006593874e-03 0.000000000000000000e+00 -4.276107250989491255e-04 -9.841425263999281203e-04 -1.470315977543248205e-03 -3.954235185831349829e-04 6.946131921593503471e-04 7.232448841157174341e-04 4.346190643967869148e-04 -7.852819020097282811e-04
-3.692388738926303290e-04 -4.420019065649175081e-05 5.324437297466751541e-04 -4.276107250989491255e-04 0.000000000000000000e+00 -3.119160466059318145e-04 -1.196126805113157003e-05 -1.403512657564515522e-04 -2.514968980093680714e-04 8.590901702776098997e-04 1.064920548779112229e-03 4.594035934318364866e-04
-2.379809421737090545e-04 -5.776860330963930288e-04 -7.151261359865274418e-04 -9.841425263999281203e-04 -3.119160466059318145e-04 0.000000000000000000e+00 -7.951080614311555094e-04 -3.971540310508036241e-04 -4.493470546980800014e-04 1.343294041287806050e-04 -3.676760841822991469e-04 5.806417767637617368e-05
2.954701761665538048e-03 3.206382564921107017e-05 7.773257604886760902e-04 -1.470315977543248205e-03 -1.196126805113157003e-05 -7.951080614311555094e-04 0.000000000000000000e+00 1.067138167819353493e-03 -8.514248328241876907e-04 1.362975394081340471e-03 -1.681792354657596789e-03 -9.629917505262400703e-04
-6.142089854344361848e-04 -2.163895585339683343e-04 3.699349015011849399e-04 -3.954235185831349829e-04 -1.403512657564515522e-04 -3.971540310508036241e-04 1.067138167819353493e-03 0.000000000000000000e+00 1.337920075895723175e-04 -3.690209265085941709e-05 -1.668085395228220680e-04 3.397346772704865027e-04
-8.871718101384939081e-04 -8.291286369181399948e-05 2.764673522611336412e-04 6.946131921593503471e-04 -2.514968980093680714e-04 -4.493470546980800014e-04 -8.514248328241876907e-04 1.337920075895723175e-04 0.000000000000000000e+00 1.612324206543026004e-04 2.477491687785179315e-05 6.497184847992222535e-05
-7.881799549941328900e-04 -6.363551896149849700e-04 -4.631410776588088299e-04 7.232448841157174341e-04 8.590901702776098997e-04 1.343294041287806050e-04 1.362975394081340471e-03 -3.690209265085941709e-05 1.612324206543026004e-04 0.000000000000000000e+00 -7.268137151960217448e-04 -7.074241427739124928e-05
5.290508168585740630e-06 -1.776456446485171414e-04 1.658056748939731396e-03 4.346190643967869148e-04 1.064920548779112229e-03 -3.676760841822991469e-04 -1.681792354657596789e-03 -1.668085395228220680e-04 2.477491687785179315e-05 -7.268137151960217448e-04 0.000000000000000000e+00 8.271877143269791392e-04
1.509149464738134797e-04 -1.630399741094425519e-05 1.463650349446093252e-04 -7.852819020097282811e-04 4.594035934318364866e-04 5.806417767637617368e-05 -9.629917505262400703e-04 3.397346772704865027e-04 6.497184847992222535e-05 -7.074241427739124928e-05 8.271877143269791392e-04 0.000000000000000000e+00
