0.000000000000000000e+00 -4.780259792549410025e-04 -4.929716992373074126e-04 -4.748422814407450054e-06 -3.657975299672528569e-05 1.444921681475801948e-04 -9.390330257275213025e-05 -8.196994875422450874e-04 5.302760483818993878e-04 -3.481253548799175175e-04 6.999928837861528518e-04 7.934083593501148812e-04
-4.780259792549410025e-04 0.000000000000000000e+00 1.587519064747849352e-03 -7.497215288651641867e-04 4.140757512538184538e-04 -4.897296432609549730e-04 -5.927337734806047793e-04 -4.975329885915805248e-04 -2.078094844938024606e-04 1.847761907406189044e-05 -5.013446551251704103e-05 3.444268757965439549e-04
-4.929716992373074126e-04 1.587519064747849352e-03 0.000000000000000000e+00 8.776178358069384403e-04 9.718981832203693345e-04 1.191885595145175279e-03 6.444862451875163359e-04 -1.845631176245940289e-03 4.456428141052174406e-03 9.277675845032873738e-04 2.102404485991416373e-03 -1.470223749353923850e-03
-4.748422814407450054e-06 -7.497215288651641867e-04 8.776178358069384403e-04 0.000000000000000000e+00 7.063837632433294213e-04 -1.027920380745513525e-04 -4.482848877412816012e-04 -1.931769500380182611e-04 -1.610010808460919565e-03 3.170873991779277136e-04 1.893000090320395140e-04 1.097968334169941513e-06
-3.657975299672528569e-05 4.140757512538184538e-04 9.718981832203693345e-04 7.063837632433294213e-04 0.000000000000000000e+00 4.783528042632569891e-04 -6.983140491308416570e-04 -8.564902042803460101e-04 1.539974938904467138e-03 -3.969612182127550313e-04 -1.639108655628460608e-03 1.761439924265764624e-04
1.444921681475801948e-04 -4.897296432609549730e-04 1.191885595145175279e-03 -1.027920380745513525e-04 4.783528042632569891e-04 0.000000000000000000e+00 -9.689747925099257702e-06 -2.916799870249406584e-04 6.786985196016755281e-04 1.321514331257436336e-04 1.666085220699198483e-04 1.324159713609967767e-04
-9.390330257275213025e-05 -5.927337734806047793e-04 6.444862451875163359e-04 -4.482848877412816012e-04 -6.983140491308416570e-04 -9.689747925099257702e-06 0.000000000000000000e+00 -2.091426233378807669e-04 4.692500885369297356e-04 -3.578861065769016231e-05 2.844648058156347111e-04 2.788706881555942131e-04
-8.196994875422450874e-04 -4.975329885915805248e-04 -1.845631176245940289e-03 -1.931769500380182611e-04 -8.564902042803460101e-04 -2.916799870249406584e-04 -2.091426233378807669e-04 0.000000000000000000e+00 -2.874617645463197315e-04 -1.015090019646192564e-04 6.651948030810480336e-05 4.102391134414705594e-05
5.302760483818993878e-04 -2.078094844938024606e-04 4.456428141052174406e-03 -1.610010808460919565e-03 1.539974938904467138e-03 6.786985196016755281e-04 4.692500885369297356e-04 -2.874617645463197315e-04 0.000000000000000000e+00 -4.013757495525567803e-04 -4.610534826860923272e-04 5.169623507161473551e-04
-3.481253548799175175e-04 1.847761907406189044e-05 9.277675845032873738e-04 3.170873991779277136e-04 -3.969612182127550313e-04 1.321514331257436336e-04 -3.578861065769016231e-05 -1.015090019646192564e-04 -4.013757495525567803e-04 0.000000000000000000e+00 -3.158303248177133792e-04 5.412968538461826440e-05
6.999928837861528518e-04 -5.013446551251704103e-05 2.102404485991416373e-03 1.893000090320395140e-04 -1.639108655628460608e-03 1.666085220699198483e-04 2.844648058156347111e-04 6.651948030810480336e-05 -4.610534826860923272e-04 -3.158303248177133792e-04 0.000000000000000000e+00 4.123888163150809302e-04
7.934083593501148812e-04 3.444268757965439549e-04 -1.470223749353923850e-03 1.097968334169941513e-06 1.761439924265764624e-04 1.324159713609967767e-04 2.788706881555942131e-04 4.102391134414705594e-05 5.169623507161473551e-04 5.412968538461826440e-05 4.123888163150809302e-04 0.000000000000000000e+00
