0.000000000000000000e+00 -1.123973964555393653e-04 4.615399575553271448e-04 3.087393584812865252e-04 -3.376468879339053296e-05 1.161369675735663808e-04 4.879537358678554286e-04 -3.034410965679207577e-04 3.357515659423814235e-05 -6.950790034782743402e-04 3.268796252977300160e-04 -8.886678857656895225e-04
-1.123973964555393653e-04 0.000000000000000000e+00 2.020613368049893610e-03 3.047309108164021358e-04 9.100242217863388332e-05 -5.044927576476460583e-04 -2.463755906415340661e-04 -5.845482724492684964e-04 8.171399620412905275e-04 7.556327546768160531e-04 -3.522176566955782253e-04 3.609773598410468488e-05
4.615399575553271448e-04 2.020613368049893610e-03 0.000000000000000000e+00 -3.901930128565438962e-04 1.572693987863206608e-03 -2.740078813239268094e-04 -8.097622577394231235e-04 -2.172449780758367588e-03 -1.248581341526750997e-05 -5.813004200848165227e-04 -2.339681395345157792e-03 1.731480979827111025e-03
3.087393584812865252e-04 3.047309108164021358e-04 -3.901930128565438962e-04 0.000000000000000000e+00 8.411514264965104688e-04 -3.720211423507740665e-04 -6.964728883048446485e-05 3.297939569602504272e-05 -1.040881320783538198e-03 4.501494530075426676e-04 4.706293364313155554e-04 4.323875098751740021e-05
-3.376468879339053296e-05 9.100242217863388332e-05 1.572693987863206608e-03 8.411514264965104688e-04 0.000000000000000000e+00 -2.777922986504580550e-04 -6.627115892655054954e-04 -8.394969772418984469e-05 -7.621516063490985093e-04 2.957403799698970831e-04 2.952541505839901582e-04 -6.658214919710731807e-04
1.161369675735663808e-04 -5.044927576476460583e-04 -2.740078813239268094e-04 -3.720211423507740665e-04 -2.777922986504580550e-04 0.000000000000000000e+00 -1.400678961293841981e-04 -1.480161528591700108e-04 -5.966987775790474815e-04 -2.638989889900341681e-04 5.465740132075728140e-04 -6.858057676730664837e-07
4.879537358678554286e-04 -2.463755906415340661e-04 -8.097622577394231235e-04 -6.964728883048446485e-05 -6.627115892655054954e-04 -1.400678961293841981e-04 0.000000000000000000e+00 3.094238460698618166e-05 -1.183639754931587948e-03 7.610605941113293953e-04 -1.496998454676653242e-04 -7.483979268224906999e-05
-3.034410965679207577e-04 -5.845482724492684964e-04 -2.172449780758367588e-03 3.297939569602504272e-05 -8.394969772418984469e-05 -1.480161528591700108e-04 3.094238460698618166e-05 0.000000000000000000e+00 6.814887287852459691e-04 8.575182140603256021e-04 -1.613682939631106122e-04 5.781706590581693964e-04
3.357515659423814235e-05 8.171399620412905275e-04 -1.248581341526750997e-05 -1.040881320783538198e-03 -7.621516063490985093e-04 -5.966987775790474815e-04 -1.183639754931587948e-03 6.814887287852459691e-04 0.000000000000000000e+00 -2.176835586268867449e-03 -2.811582325029820303e-04 1.310166191365384238e-03
-6.950790034782743402e-04 7.556327546768160531e-04 -5.813004200848165227e-04 4.501494530075426676e-04 2.957403799698970831e-04 -2.638989889900341681e-04 7.610605941113293953e-04 8.575182140603256021e-04 -2.176835586268867449e-03 0.000000000000000000e+00 -3.347546120325253414e-04 2.001009463264401549e-04
3.268796252977300160e-04 -3.522176566955782253e-04 -2.339681395345157792e-03 4.706293364313155554e-04 2.952541505839901582e-04 5.465740132075728140e-04 -1.496998454676653242e-04 -1.613682939631106122e-04 -2.811582325029820303e-04 -3.347546120325253414e-04 0.000000000000000000e+00 -7.411625697123697988e-04
-8.886678857656895225e-04 3.609773598410468488e-05 1.731480979827111025e-03 4.323875098751740021e-05 -6.658214919710731807e-04 -6.858057676730664837e-07 -7.483979268224906999e-05 5.781706590581693964e-04 1.310166191365384238e-03 2.001009463264401549e-04 -7.411625697123697988e-04 0.000000000000000000e+00
