0.000000000000000000e+00 4.119110106620595536e-04 -9.255843180524360794e-04 -7.578336977735021388e-04 -8.345809783206742773e-04 7.177074974425092131e-05 6.278807902131397544e-04 -8.927521796179135535e-04 1.886431855327987220e-05 -7.242361264748763171e-04 3.658531539686526285e-04 3.819976048047556160e-04
4.119110106620595536e-04 0.000000000000000000e+00 1.123036022086284407e-03 -3.195341970928764776e-04 7.833939020345915107e-04 4.418910095224518660e-04 3.835792592988470913e-04 -1.888678803940097353e-04 -5.707648154122839986e-04 -1.685795070393051817e-04 -2.568294468370698716e-04 2.367715423609953484e-04
-9.255843180524360794e-04 1.123036022086284407e-03 0.000000000000000000e+00 -2.117948405119030476e-03 -1.395038963080457101e-03 1.093728642953737101e-03 -8.844066866838207154e-05 7.080679355255898796e-04 5.478285036247237255e-04 2.925906899671094821e-03 1.302163119441765351e-03 -4.035813151239259471e-04
-7.578336977735021388e-04 -3.195341970928764776e-04 -2.117948405119030476e-03 0.000000000000000000e+00 -6.969044666267834717e-04 -7.178686889049998917e-05 1.538387168567448900e-04 -2.752433595454557933e-04 -1.099863900850277698e-04 -1.491573970465475448e-04 -4.418200914014468986e-04 -1.489185413032165781e-04
-8.345809783206742773e-04 7.833939020345915107e-04 -1.395038963080457101e-03 -6.969044666267834717e-04 0.000000000000000000e+00 2.945488964556387790e-04 -4.360479615907050192e-04 7.142709902611177927e-05 -1.333796551000260332e-03 6.945065238901593435e-04 3.930810479715850778e-04 6.575587948843080420e-04
7.177074974425092131e-05 4.418910095224518660e-04 1.093728642953737101e-03 -7.178686889049998917e-05 2.945488964556387790e-04 0.000000000000000000e+00 -2.439342801381631678e-04 4.534282016137836341e-04 4.042073668461498262e-04 -5.530367734877879478e-04 6.280385514690636989e-04 5.441267751918140000e-06
6.278807902131397544e-04 3.835792592988470913e-04 -8.844066866838207154e-05 1.538387168567448900e-04 -4.360479615907050192e-04 -2.439342801381631678e-04 0.000000000000000000e+00 -3.273657022569329239e-04 -5.766767414637575043e-04 5.173849302627773377e-05 6.275368822975947291e-04 5.403333448459663900e-04
-8.927521796179135535e-04 -1.888678803940097353e-04 7.080679355255898796e-04 -2.752433595454557933e-04 7.142709902611177927e-05 4.534282016137836341e-04 -3.273657022569329239e-04 0.000000000000000000e+00 6.597775692428037818e-04 6.858738514047852536e-04 5.479290927980436413e-05 -3.492996594921542099e-04
1.886431855327987220e-05 -5.707648154122839986e-04 5.478285036247237255e-04 -1.099863900850277698e-04 -1.333796551000260332e-03 4.042073668461498262e-04 -5.766767414637575043e-04 6.597775692428037818e-04 0.000000000000000000e+00 1.580341155499987533e-03 4.981025192033853048e-04 -5.364751265185947705e-04
-7.242361264748763171e-04 -1.685795070393051817e-04 2.925906899671094821e-03 -1.491573970465475448e-04 6.945065238901593435e-04 -5.530367734877879478e-04 5.173849302627773377e-05 6.858738514047852536e-04 1.580341155499987533e-03 0.000000000000000000e+00 5.870357428089123270e-04 5.157233505548573273e-04
3.658531539686526285e-04 -2.568294468370698716e-04 1.302163119441765351e-03 -4.418200914014468986e-04 3.930810479715850778e-04 6.280385514690636989e-04 6.275368822975947291e-04 5.479290927980436413e-05 4.981025192033853048e-04 5.870357428089123270e-04 0.000000000000000000e+00 3.023162786040841494e-04
3.819976048047556160e-04 2.367715423609953484e-04 -4.035813151239259471e-04 -1.489185413032165781e-04 6.575587948843080420e-04 5.441267751918140000e-06 5.403333448459663900e-04 -3.492996594921542099e-04 -5.364751265185947705e-04 5.157233505548573273e-04 3.023162786040841494e-04 0.000000000000000000e+00
