0.000000000000000000e+00 4.251754671398100911e-04 1.425572987294072618e-03 1.319184721574711812e-03 -8.718794530302315928e-04 3.863742146049622571e-04 -3.169805066493465722e-04 2.591120956609309811e-04 1.814212363458267765e-04 -5.554572234129775488e-04 7.678971389995204681e-04 5.721389353990842834e-04
4.251754671398100911e-04 0.000000000000000000e+00 6.630023397877538071e-04 6.769773670111941611e-04 1.292859922609578081e-03 -6.740579013244816717e-04 2.777865471499357916e-04 -2.746896458588472508e-04 1.383069296328401766e-04 -6.024221517098905538e-04 -2.576019876746844860e-04 3.798388656603105418e-04
1.425572987294072618e-03 6.630023397877538071e-04 0.000000000000000000e+00 -8.880048520241192985e-04 -2.271977552883148554e-04 5.578352546896546893e-04 1.256410909162242954e-04 -2.609702478503112010e-04 2.224891534094956737e-03 -1.263568661867626747e-03 -1.789117715485230315e-03 6.864908951775156867e-05
1.319184721574711812e-03 6.769773670111941611e-04 -8.880048520241192985e-04 0.000000000000000000e+00 6.213989117754448611e-04 1.780978815027442518e-04 -1.867184484876502533e-04 -3.962385974310334469e-04 -7.611050273655177141e-04 -2.671456191888997765e-05 1.193478693496166079e-03 2.727067141515086553e-04
-8.718794530302315928e-04 1.292859922609578081e-03 -2.271977552883148554e-04 6.213989117754448611e-04 0.000000000000000000e+00 -5.307089643122223739e-04 -2.638812341745515387e-04 -1.245475149481523307e-03 7.460679881400730188e-04 2.544688191969965776e-04 2.961762454321793456e-03 -5.886239481540819730e-04
3.863742146049622571e-04 -6.740579013244816717e-04 5.578352546896546893e-04 1.780978815027442518e-04 -5.307089643122223739e-04 0.000000000000000000e+00 5.212528445919213939e-06 -4.810896235732204859e-04 5.296508963373675006e-04 3.064309831927904256e-04 2.450781428877214308e-04 -3.205996931730455585e-05
-3.169805066493465722e-04 2.777865471499357916e-04 1.256410909162242954e-04 -1.867184484876502533e-04 -2.638812341745515387e-04 5.212528445919213939e-06 0.000000000000000000e+00 3.532539282952690371e-04 2.291650181516869192e-04 3.067307512139199124e-04 -5.885699174130332861e-04 -1.757519968847560775e-05
2.591120956609309811e-04 -2.746896458588472508e-04 -2.609702478503112010e-04 -3.962385974310334469e-04 -1.245475149481523307e-03 -4.810896235732204859e-04 3.532539282952690371e-04 0.000000000000000000e+00 3.580752521807979076e-04 -4.323892964095421305e-04 1.801491585165545910e-03 2.279058778522924931e-04
1.814212363458267765e-04 1.383069296328401766e-04 2.224891534094956737e-03 -7.611050273655177141e-04 7.460679881400730188e-04 5.296508963373675006e-04 2.291650181516869192e-04 3.580752521807979076e-04 0.000000000000000000e+00 -1.948244349662283899e-04 1.707000427730227289e-03 7.170599742514557483e-05
-5.554572234129775488e-04 -6.024221517098905538e-04 -1.263568661867626747e-03 -2.671456191888997765e-05 2.544688191969965776e-04 3.064309831927904256e-04 3.067307512139199124e-04 -4.323892964095421305e-04 -1.948244349662283899e-04 0.000000000000000000e+00 1.499706179468743641e-03 1.576442669277807926e-04
7.678971389995204681e-04 -2.576019876746844860e-04 -1.789117715485230315e-03 1.193478693496166079e-03 2.961762454321793456e-03 2.450781428877214308e-04 -5.885699174130332861e-04 1.801491585165545910e-03 1.707000427730227289e-03 1.499706179468743641e-03 0.000000000000000000e+00 1.001277320240518852e-03
5.721389353990842834e-04 3.798388656603105418e-04 6.864908951775156867e-05 2.727067141515086553e-04 -5.886239481540819730e-04 -3.205996931730455585e-05 -1.757519968847560775e-05 2.279058778522924931e-04 7.170599742514557483e-05 1.576442669277807926e-04 1.001277320240518852e-03 0.000000000000000000e+00
