0.000000000000000000e+00 -3.389856522601166535e-05 3.551937100311810527e-04 -2.026595618074961396e-04 1.532529287064258788e-03 3.519015390336930650e-04 2.362822346819685659e-05 9.855022347301856719e-04 5.322828497752332775e-04 1.222179140669200784e-03 3.317193142893343823e-03 -2.678912305195838093e-04
-3.389856522601166535e-05 0.000000000000000000e+00 -6.749799675359278170e-04 -1.725574284533214545e-04 4.998933041435010263e-04 -3.694949096865146436e-04 1.880975814809166110e-04 -1.050387141363861004e-03 4.000621963553266575e-04 -4.957015826836943476e-04 -7.429126476168283061e-04 -8.515166322755817147e-05
3.551937100311810527e-04 -6.749799675359278170e-04 0.000000000000000000e+00 -7.839569784842367103e-04 -1.872221829326168804e-03 -5.854600738033187033e-04 -4.877207498842221268e-04 8.978560520589647142e-04 2.662688053961267227e-05 1.782650670158595707e-03 -1.597981449633107927e-03 4.018150242810121248e-04
-2.026595618074961396e-04 -1.725574284533214545e-04 -7.839569784842367103e-04 0.000000000000000000e+00 -6.473694023404061781e-04 -8.656158661570445784e-05 2.973326624372470703e-04 -2.707342174749578691e-04 -2.857552298298665682e-04 -9.100009271925361834e-04 -1.078812902812795616e-03 4.765626839018248019e-04
1.532529287064258788e-03 4.998933041435010263e-04 -1.872221829326168804e-03 -6.473694023404061781e-04 0.000000000000000000e+00 -1.795438398256323553e-05 -1.396872986565963809e-04 -9.190260142408502317e-04 6.523342786502201590e-04 -5.175213223365928089e-04 7.069296206390165462e-04 -1.165488968178065774e-04
3.519015390336930650e-04 -3.694949096865146436e-04 -5.854600738033187033e-04 -8.656158661570445784e-05 -1.795438398256323553e-05 0.000000000000000000e+00 -1.346090158766441273e-04 5.572670590949342032e-04 5.158868521006977409e-04 -6.038507778495155525e-04 -1.494993398906463758e-04 -5.007626158670800721e-04
2.362822346819685659e-05 1.880975814809166110e-04 -4.877207498842221268e-04 2.973326624372470703e-04 -1.396872986565963809e-04 -1.346090158766441273e-04 0.000000000000000000e+00 -1.055521852627335210e-04 -4.413894374533919090e-05 -8.452594218459452528e-05 5.800969399971298951e-05 1.172500158166995166e-04
9.855022347301856719e-04 -1.050387141363861004e-03 8.978560520589647142e-04 -2.707342174749578691e-04 -9.190260142408502317e-04 5.572670590949342032e-04 -1.055521852627335210e-04 0.000000000000000000e+00 -6.790955420838362634e-04 -7.980362222655224078e-04 1.776612969182115968e-03 -3.003500589752585511e-04
5.322828497752332775e-04 4.000621963553266575e-04 2.662688053961267227e-05 -2.857552298298665682e-04 6.523342786502201590e-04 5.158868521006977409e-04 -4.413894374533919090e-05 -6.790955420838362634e-04 0.000000000000000000e+00 -2.096162121517083986e-04 -8.375396167887080986e-04 -1.942628640097858949e-04
1.222179140669200784e-03 -4.957015826836943476e-04 1.782650670158595707e-03 -9.100009271925361834e-04 -5.175213223365928089e-04 -6.038507778495155525e-04 -8.452594218459452528e-05 -7.980362222655224078e-04 -2.096162121517083986e-04 0.000000000000000000e+00 7.492164243519591207e-05 5.576014707863228117e-04
3.317193142893343823e-03 -7.429126476168283061e-04 -1.597981449633107927e-03 -1.078812902812795616e-03 7.069296206390165462e-04 -1.494993398906463758e-04 5.800969399971298951e-05 1.776612969182115968e-03 -8.375396167887080986e-04 7.492164243519591207e-05 0.000000000000000000e+00 1.833976611280282651e-03
-2.678912305195838093e-04 -8.515166322755817147e-05 4.018150242810121248e-04 4.765626839018248019e-04 -1.165488968178065774e-04 -5.007626158670800721e-04 1.172500158166995166e-04 -3.003500589752585511e-04 -1.942628640097858949e-04 5.576014707863228117e-04 1.833976611280282651e-03 0.000000000000000000e+00
