0.000000000000000000e+00 6.022037839036534093e-04 2.600679570131534120e-05 2.108147398853176450e-06 -8.388188954801043115e-04 -5.797153385777414339e-04 -2.065336051278863127e-04 8.674817821225876396e-04 8.416703138152621167e-05 -9.290847855057904553e-04 2.185514607279666441e-04 -3.093678883109066656e-04
6.022037839036534093e-04 0.000000000000000000e+00 -1.089590829220324792e-04 3.268869083124606467e-04 3.376915320873195609e-04 -3.104454677272115758e-04 -1.681012653495769825e-04 -5.241462184299460793e-05 -3.840493779399591361e-04 6.343232215685178782e-04 -1.205675181937653981e-03 1.005407536300685438e-04
2.600679570131534120e-05 -1.089590829220324792e-04 0.000000000000000000e+00 -5.223939483677607441e-04 1.100012632378993799e-04 -1.063609018775527656e-03 -4.754319903278861662e-04 -1.215681110568727057e-03 -2.614954287488384371e-05 -1.403472386455412819e-03 5.008959738875980693e-03 -1.896170580864868168e-04
2.108147398853176450e-06 3.268869083124606467e-04 -5.223939483677607441e-04 0.000000000000000000e+00 9.621556603194724130e-06 -4.835654753347997151e-04 -3.875060825044924140e-04 -1.470070765406731293e-04 5.269745939605153471e-05 -4.852991140515662224e-04 -1.323336019559082696e-03 -4.314317873665013945e-04
-8.388188954801043115e-04 3.376915320873195609e-04 1.100012632378993799e-04 9.621556603194724130e-06 0.000000000000000000e+00 8.989253276710094291e-05 2.869626013724216763e-04 5.907902826723992681e-04 9.138526988242082086e-05 3.416079786410397990e-06 -1.558958247681613328e-03 -8.593044590282062582e-04
-5.797153385777414339e-04 -3.104454677272115758e-04 -1.063609018775527656e-03 -4.835654753347997151e-04 8.989253276710094291e-05 0.000000000000000000e+00 -2.385424578956844843e-04 2.385583758246142291e-04 3.501785281231735371e-04 -3.781640393843631413e-05 -1.905488065096064398e-05 4.855483275028851971e-04
-2.065336051278863127e-04 -1.681012653495769825e-04 -4.754319903278861662e-04 -3.875060825044924140e-04 2.869626013724216763e-04 -2.385424578956844843e-04 0.000000000000000000e+00 -2.574840325838477734e-04 1.982491833832672901e-04 2.117623017534095821e-04 -7.943865280571216908e-04 -1.769967938982660671e-04
8.674817821225876396e-04 -5.241462184299460793e-05 -1.215681110568727057e-03 -1.470070765406731293e-04 5.907902826723992681e-04 2.385583758246142291e-04 -2.574840325838477734e-04 0.000000000000000000e+00 5.138136440848526266e-04 -5.676853878490022197e-04 -7.676948481857373292e-04 7.504244475492776638e-04
8.416703138152621167e-05 -3.840493779399591361e-04 -2.614954287488384371e-05 5.269745939605153471e-05 9.138526988242082086e-05 3.501785281231735371e-04 1.982491833832672901e-04 5.138136440848526266e-04 0.000000000000000000e+00 4.986429836568554393e-06 -1.092205134310098155e-03 -2.265598201298862685e-04
-9.290847855057904553e-04 6.343232215685178782e-04 -1.403472386455412819e-03 -4.852991140515662224e-04 3.416079786410397990e-06 -3.781640393843631413e-05 2.117623017534095821e-04 -5.676853878490022197e-04 4.986429836568554393e-06 0.000000000000000000e+00 -1.680371734420375808e-03 -3.862826550966453319e-04
2.185514607279666441e-04 -1.205675181937653981e-03 5.008959738875980693e-03 -1.323336019559082696e-03 -1.558958247681613328e-03 -1.905488065096064398e-05 -7.943865280571216908e-04 -7.676948481857373292e-04 -1.092205134310098155e-03 -1.680371734420375808e-03 0.000000000000000000e+00 -8.904757032318944302e-04
-3.093678883109066656e-04 1.005407536300685438e-04 -1.896170580864868168e-04 -4.314317873665013945e-04 -8.593044590282062582e-04 4.855483275028851971e-04 -1.769967938982660671e-04 7.504244475492776638e-04 -2.265598201298862685e-04 -3.862826550966453319e-04 -8.904757032318944302e-04 0.000000000000000000e+00
