0.000000000000000000e+00 8.939917546202580043e-04 -2.588239750007477122e-04 -5.360502253974515092e-04 2.885431256301588827e-04 3.929358983564886637e-04 6.409848900171301865e-05 6.933990265531402540e-04 -2.995572120310830582e-04 -1.808792561751395060e-04 7.439369677855585611e-04 6.914373741652273800e-04
8.939917546202580043e-04 0.000000000000000000e+00 -2.535074723107081599e-03 7.827655034703061808e-04 -3.748071023806375012e-04 1.679994934698834203e-04 -3.991243956982217433e-04 -1.462029094714649424e-03 -2.888799004378909941e-04 -5.570614259964545541e-04 -1.769309118434402852e-03 5.555409796169129624e-04
-2.588239750007477122e-04 -2.535074723107081599e-03 0.000000000000000000e+00 1.694296826674223733e-03 5.842038690871685950e-04 -5.888851054025963025e-04 -6.376032558192619741e-04 -1.168818072713073914e-03 2.422340503161955175e-04 -7.758622477202879600e-04 1.822483541943133991e-03 7.099333317882182588e-04
-5.360502253974515092e-04 7.827655034703061808e-04 1.694296826674223733e-03 0.000000000000000000e+00 9.567506006438561850e-04 4.104682899329490557e-04 9.714848033342719314e-05 -1.682412799055021469e-03 5.174060704622958145e-04 -5.967203261842624539e-04 -1.550530030530861744e-03 5.762923139319387003e-06
2.885431256301588827e-04 -3.748071023806375012e-04 5.842038690871685950e-04 9.567506006438561850e-04 0.000000000000000000e+00 -2.336227911015939355e-04 -6.584408035351286713e-04 -2.127522708426151526e-04 -5.630267253263893362e-04 -6.750874823392928516e-04 1.484136495771659452e-03 -6.592357228988223047e-05
3.929358983564886637e-04 1.679994934698834203e-04 -5.888851054025963025e-04 4.104682899329490557e-04 -2.336227911015939355e-04 0.000000000000000000e+00 2.226961829618875942e-04 2.518911322520487944e-04 3.051128374208791840e-04 -2.026601754515808230e-04 1.307023951251721095e-03 1.446589140797692702e-04
6.409848900171301865e-05 -3.991243956982217433e-04 -6.376032558192619741e-04 9.714848033342719314e-05 -6.584408035351286713e-04 2.226961829618875942e-04 0.000000000000000000e+00 -3.503782805903174588e-04 1.422733372071806064e-04 -3.646869735425300096e-05 7.643088036826759663e-04 1.761895491809038403e-04
6.933990265531402540e-04 -1.462029094714649424e-03 -1.168818072713073914e-03 -1.682412799055021469e-03 -2.127522708426151526e-04 2.518911322520487944e-04 -3.503782805903174588e-04 0.000000000000000000e+00 5.270244862501178218e-04 2.804929907861593308e-05 -1.921166726726030892e-03 1.686558375708130570e-04
-2.995572120310830582e-04 -2.888799004378909941e-04 2.422340503161955175e-04 5.174060704622958145e-04 -5.630267253263893362e-04 3.051128374208791840e-04 1.422733372071806064e-04 5.270244862501178218e-04 0.000000000000000000e+00 -1.305339508219794243e-04 1.059592548323679689e-03 -6.936394289598040287e-05
-1.808792561751395060e-04 -5.570614259964545541e-04 -7.758622477202879600e-04 -5.967203261842624539e-04 -6.750874823392928516e-04 -2.026601754515808230e-04 -3.646869735425300096e-05 2.804929907861593308e-05 -1.305339508219794243e-04 0.000000000000000000e+00 6.308770428126229783e-04 8.878182577866960859e-06
7.439369677855585611e-04 -1.769309118434402852e-03 1.822483541943133991e-03 -1.550530030530861744e-03 1.484136495771659452e-03 1.307023951251721095e-03 7.643088036826759663e-04 -1.921166726726030892e-03 1.059592548323679689e-03 6.308770428126229783e-04 0.000000000000000000e+00 -2.493498381497566310e-04
6.914373741652273800e-04 5.555409796169129624e-04 7.099333317882182588e-04 5.762923139319387003e-06 -6.592357228988223047e-05 1.446589140797692702e-04 1.761895491809038403e-04 1.686558375708130570e-04 -6.936394289598040287e-05 8.878182577866960859e-06 -2.493498381497566310e-04 0.000000000000000000e+00
