0.000000000000000000e+00 4.201090997520327505e-04 -7.605413455814506035e-04 -1.279053913232801060e-03 1.397915467700823391e-03 5.971736715847398560e-04 1.281350442231001766e-04 -4.793742432864428254e-04 2.388228287435919994e-05 -4.012281523300901122e-04 2.862712649828958334e-03 4.168898658355580213e-04
4.201090997520327505e-04 0.000000000000000000e+00 9.539897611095667865e-04 -1.139838540080315979e-03 4.747001213843179534e-04 -3.562200457855641705e-04 -5.145240975148733281e-05 9.891346523727101263e-04 1.629230229513072960e-05 -2.257313790636492144e-04 2.534706318213093747e-03 -6.766297634675777755e-04
-7.605413455814506035e-04 9.539897611095667865e-04 0.000000000000000000e+00 8.253486435377468001e-04 2.808349453526091596e-03 5.340329363878807941e-04 -4.246402108680220997e-04 2.844961219077641029e-03 6.720467302155883364e-04 -5.230236532044814542e-04 -1.380617427922633525e-03 -5.113499609577406267e-05
-1.279053913232801060e-03 -1.139838540080315979e-03 8.253486435377468001e-04 0.000000000000000000e+00 5.938647521588658355e-04 3.968279430169200186e-04 -3.870786417821277226e-04 -3.075665831423306500e-04 -8.084102279638598863e-05 7.309202087205313048e-06 1.311693188798749481e-03 2.857200595033817635e-04
1.397915467700823391e-03 4.747001213843179534e-04 2.808349453526091596e-03 5.938647521588658355e-04 0.000000000000000000e+00 -3.085143641183474197e-04 -2.939767140244280630e-04 4.591259093244980842e-04 2.833660402408826311e-04 5.898834146032510672e-04 -2.207215171440004339e-03 4.319577321964977799e-04
5.971736715847398560e-04 -3.562200457855641705e-04 5.340329363878807941e-04 3.968279430169200186e-04 -3.085143641183474197e-04 0.000000000000000000e+00 5.080361115522662706e-05 -8.203978059936972115e-05 -2.873175357043129276e-04 -3.757140650092559279e-04 -1.244452654567888448e-03 -4.540974093700851795e-04
1.281350442231001766e-04 -5.145240975148733281e-05 -4.246402108680220997e-04 -3.870786417821277226e-04 -2.939767140244280630e-04 5.080361115522662706e-05 0.000000000000000000e+00 2.613442050186119475e-04 8.382730888112741735e-05 -3.048709370464988797e-04 -6.754578694357068276e-05 5.102163184520009434e-05
-4.793742432864428254e-04 9.891346523727101263e-04 2.844961219077641029e-03 -3.075665831423306500e-04 4.591259093244980842e-04 -8.203978059936972115e-05 2.613442050186119475e-04 0.000000000000000000e+00 -4.787478681184858587e-04 6.351345520707724328e-04 -5.112240516988263280e-04 -6.489635021893148861e-04
2.388228287435919994e-05 1.629230229513072960e-05 6.720467302155883364e-04 -8.084102279638598863e-05 2.833660402408826311e-04 -2.873175357043129276e-04 8.382730888112741735e-05 -4.787478681184858587e-04 0.000000000000000000e+00 -4.105748071534657314e-04 -3.846306767835629028e-04 6.170911700271246372e-06
-4.012281523300901122e-04 -2.257313790636492144e-04 -5.230236532044814542e-04 7.309202087205313048e-06 5.898834146032510672e-04 -3.757140650092559279e-04 -3.048709370464988797e-04 6.351345520707724328e-04 -4.105748071534657314e-04 0.000000000000000000e+00 8.051956451512746115e-04 6.322383611555548169e-05
2.862712649828958334e-03 2.534706318213093747e-03 -1.380617427922633525e-03 1.311693188798749481e-03 -2.207215171440004339e-03 -1.244452654567888448e-03 -6.754578694357068276e-05 -5.112240516988263280e-04 -3.846306767835629028e-04 8.051956451512746115e-04 0.000000000000000000e+00 3.527125761000307787e-04
4.168898658355580213e-04 -6.766297634675777755e-04 -5.113499609577406267e-05 2.857200595033817635e-04 4.319577321964977799e-04 -4.540974093700851795e-04 5.102163184520009434e-05 -6.489635021893148861e-04 6.170911700271246372e-06 6.322383611555548169e-05 3.527125761000307787e-04 0.000000000000000000e+00
