0.000000000000000000e+00 7.746613856693176101e-04 8.711844664938914748e-04 2.775691221421888920e-05 -5.794463581776706774e-05 7.507871797230623260e-04 -9.486195821657359122e-04 1.838577516253239903e-04 -1.203256523908736910e-03 -9.422197624752842986e-04 -4.461928744458013994e-04 1.063975350860083815e-03
7.746613856693176101e-04 0.000000000000000000e+00 -3.619426355034450322e-04 4.660677086988667035e-04 2.429808687142151138e-05 -8.242709015948349168e-05 -2.428892656395057652e-04 -3.088833108738012738e-05 8.896720817041837721e-04 2.199354115394735478e-04 1.122359817225705448e-04 -1.298845840670544323e-03
8.711844664938914748e-04 -3.619426355034450322e-04 0.000000000000000000e+00 -1.083980849370878684e-04 1.758409533005290081e-04 2.448943474925933516e-04 5.731280570591548241e-04 -1.431792358193512485e-04 -6.055554018811599949e-04 -4.723921574434773361e-04 -5.532436723203053601e-04 -3.357646149651325883e-04
2.775691221421888920e-05 4.660677086988667035e-04 -1.083980849370878684e-04 0.000000000000000000e+00 3.228653347082373966e-04 2.066843125766123547e-04 3.169290864126296297e-04 4.895698300710796085e-04 -4.308998981279864738e-04 4.022995719289296766e-04 2.846125479222678923e-04 -9.827389572321008036e-04
-5.794463581776706774e-05 2.429808687142151138e-05 1.758409533005290081e-04 3.228653347082373966e-04 0.000000000000000000e+00 1.862700421251767095e-04 -4.290703676130443043e-05 4.237696214057228727e-05 4.354731275339099696e-05 -1.325035202152195497e-04 1.078884503862728456e-03 -2.148861236865753205e-04
7.507871797230623260e-04 -8.242709015948349168e-05 2.448943474925933516e-04 2.066843125766123547e-04 1.862700421251767095e-04 0.000000000000000000e+00 -1.724276142543792480e-04 3.534835266244768046e-04 -6.283368689488335245e-04 -1.652644349922450595e-03 1.632111095219348899e-04 2.233099275840100869e-03
-9.486195821657359122e-04 -2.428892656395057652e-04 5.731280570591548241e-04 3.169290864126296297e-04 -4.290703676130443043e-05 -1.724276142543792480e-04 0.000000000000000000e+00 -4.000000028943580038e-04 -9.100603810013603145e-04 -2.032011452659766783e-04 2.840288294227076788e-04 -4.710068567826454782e-04
1.838577516253239903e-04 -3.088833108738012738e-05 -1.431792358193512485e-04 4.895698300710796085e-04 4.237696214057228727e-05 3.534835266244768046e-04 -4.000000028943580038e-04 0.000000000000000000e+00 -1.664310622496710274e-04 -3.975593657933256084e-04 -7.333160322570827713e-04 3.823322569983605653e-05
-1.203256523908736910e-03 8.896720817041837721e-04 -6.055554018811599949e-04 -4.308998981279864738e-04 4.354731275339099696e-05 -6.283368689488335245e-04 -9.100603810013603145e-04 -1.664310622496710274e-04 0.000000000000000000e+00 -7.945730426898953711e-04 -1.800072699990741369e-03 -3.038847006553309013e-03
-9.422197624752842986e-04 2.199354115394735478e-04 -4.723921574434773361e-04 4.022995719289296766e-04 -1.325035202152195497e-04 -1.652644349922450595e-03 -2.032011452659766783e-04 -3.975593657933256084e-04 -7.945730426898953711e-04 0.000000000000000000e+00 -2.530744125141601211e-03 3.111835521778519558e-03
-4.461928744458013994e-04 1.122359817225705448e-04 -5.532436723203053601e-04 2.846125479222678923e-04 1.078884503862728456e-03 1.632111095219348899e-04 2.840288294227076788e-04 -7.333160322570827713e-04 -1.800072699990741369e-03 -2.530744125141601211e-03 0.000000000000000000e+00 1.452690979662657825e-03
1.063975350860083815e-03 -1.298845840670544323e-03 -3.357646149651325883e-04 -9.827389572321008036e-04 -2.148861236865753205e-04 2.233099275840100869e-03 -4.710068567826454782e-04 3.823322569983605653e-05 -3.038847006553309013e-03 3.111835521778519558e-03 1.452690979662657825e-03 0.000000000000000000e+00
