0.000000000000000000e+00 1.040953449432869887e-03 -3.058215025782298042e-04 -5.737947846053312014e-04 5.275556642785541196e-04 2.053362593028108319e-04 1.005831071533251977e-03 -2.701306584898950885e-04 6.786579820327447729e-04 8.886099168315921481e-04 -4.583671003338276695e-04 1.359126824495313600e-03
1.040953449432869887e-03 0.000000000000000000e+00 4.269741203565444415e-04 -3.909376280020630595e-04 -1.280937095768418590e-04 1.857185659572816632e-04 -2.102590118379573118e-04 9.087587553177444008e-05 -7.057303647676712623e-04 -9.046110950596366381e-04 5.615128032025682716e-04 1.283933562397552046e-03
-3.058215025782298042e-04 4.269741203565444415e-04 0.000000000000000000e+00 -1.396082030403025028e-04 2.887253458495102018e-04 -3.813623096472807425e-04 2.744535028044431781e-04 3.844737491328805963e-04 -4.172246540821693424e-04 3.314685079578171033e-04 -9.531025978769220664e-04 -3.398589544569307654e-04
-5.737947846053312014e-04 -3.909376280020630595e-04 -1.396082030403025028e-04 0.000000000000000000e+00 1.436932689848442670e-04 2.712934243498764516e-04 4.226920637572428234e-04 -2.320855789969359111e-04 2.786331243956988472e-04 -1.214622826739781940e-03 -1.333347930663816546e-03 -5.088698853250054818e-04
5.275556642785541196e-04 -1.280937095768418590e-04 2.887253458495102018e-04 1.436932689848442670e-04 0.000000000000000000e+00 5.357628848439606462e-04 3.316406657837580024e-04 2.831816598569118662e-04 4.409236574611264683e-04 -1.121354694639050027e-03 -5.555736210921483759e-04 -1.095373934951724077e-03
2.053362593028108319e-04 1.857185659572816632e-04 -3.813623096472807425e-04 2.712934243498764516e-04 5.357628848439606462e-04 0.000000000000000000e+00 7.919601462503378765e-05 -3.942240895034006612e-05 9.349417146741102616e-04 -1.249876423752575372e-03 1.337953767584339421e-03 -1.071123947056900564e-03
1.005831071533251977e-03 -2.102590118379573118e-04 2.744535028044431781e-04 4.226920637572428234e-04 3.316406657837580024e-04 7.919601462503378765e-05 0.000000000000000000e+00 -4.640229513359585473e-04 -2.042837662816356472e-04 1.108122930793662211e-03 -2.690504483454336489e-04 -1.960603318955478781e-03
-2.701306584898950885e-04 9.087587553177444008e-05 3.844737491328805963e-04 -2.320855789969359111e-04 2.831816598569118662e-04 -3.942240895034006612e-05 -4.640229513359585473e-04 0.000000000000000000e+00 1.828013541673938582e-04 4.063937514527137039e-04 2.213466409809135608e-04 -7.002758398524721673e-04
6.786579820327447729e-04 -7.057303647676712623e-04 -4.172246540821693424e-04 2.786331243956988472e-04 4.409236574611264683e-04 9.349417146741102616e-04 -2.042837662816356472e-04 1.828013541673938582e-04 0.000000000000000000e+00 1.229487618440958411e-03 -1.711025380540732088e-03 1.443785491752769745e-03
8.886099168315921481e-04 -9.046110950596366381e-04 3.314685079578171033e-04 -1.214622826739781940e-03 -1.121354694639050027e-03 -1.249876423752575372e-03 1.108122930793662211e-03 4.063937514527137039e-04 1.229487618440958411e-03 0.000000000000000000e+00 -2.753116564102533895e-04 -1.367406497781272412e-03
-4.583671003338276695e-04 5.615128032025682716e-04 -9.531025978769220664e-04 -1.333347930663816546e-03 -5.555736210921483759e-04 1.337953767584339421e-03 -2.690504483454336489e-04 2.213466409809135608e-04 -1.711025380540732088e-03 -2.753116564102533895e-04 0.000000000000000000e+00 -4.325147680782729341e-03
1.359126824495313600e-03 1.283933562397552046e-03 -3.398589544569307654e-04 -5.088698853250054818e-04 -1.095373934951724077e-03 -1.071123947056900564e-03 -1.960603318955478781e-03 -7.002758398524721673e-04 1.443785491752769745e-03 -1.367406497781272412e-03 -4.325147680782729341e-03 0.000000000000000000e+00
