0.000000000000000000e+00 -6.034756621373949534e-04 3.308661541932878848e-04 -4.874278873336785061e-04 -2.277217743740109429e-04 3.975910634446958762e-04 -4.093041288066790644e-04 3.794173564588867163e-04 6.551827804825620730e-04 4.978491744404345059e-04 -1.106117002757169921e-03 -8.630903218120565545e-04
-6.034756621373949534e-04 0.000000000000000000e+00 -2.029745117444295725e-04 7.204401981392757628e-06 -5.474008779577902058e-04 -7.061942946813083754e-04 3.528724947988055036e-04 -1.179586446308754919e-04 -1.503301463806289455e-03 -1.279728451907431556e-03 6.163110902499424225e-04 -1.288887219634291285e-03
3.308661541932878848e-04 -2.029745117444295725e-04 0.000000000000000000e+00 -3.000280023365798580e-04 -2.184162750332186971e-04 5.692596807731389711e-05 2.144654343239225307e-04 -1.155158725018627452e-04 -8.143619086094122553e-05 1.698358750897555850e-04 1.082273984604493339e-04 6.604833168537712056e-04
-4.874278873336785061e-04 7.204401981392757628e-06 -3.000280023365798580e-04 0.000000000000000000e+00 -1.499880385716294935e-04 6.426400982787245546e-04 -2.476333190152503385e-04 4.295278287349478226e-04 -8.652254894950748556e-04 -6.135883979168590572e-04 -1.179374265141727328e-03 -9.568966867716470872e-04
-2.277217743740109429e-04 -5.474008779577902058e-04 -2.184162750332186971e-04 -1.499880385716294935e-04 0.000000000000000000e+00 2.191883860902124159e-04 6.175670293241367244e-04 -4.251289897655973751e-04 4.923010600624532765e-04 3.995694061161912496e-04 -5.920643569093252297e-04 -1.515655368025014464e-04
3.975910634446958762e-04 -7.061942946813083754e-04 5.692596807731389711e-05 6.426400982787245546e-04 2.191883860902124159e-04 0.000000000000000000e+00 -3.034095381077987525e-04 4.376452741328577594e-04 4.728296873233283205e-04 -1.456682811908944965e-03 6.564266434746460644e-04 -6.035475557627224775e-04
-4.093041288066790644e-04 3.528724947988055036e-04 2.144654343239225307e-04 -2.476333190152503385e-04 6.175670293241367244e-04 -3.034095381077987525e-04 0.000000000000000000e+00 -1.943581707944974125e-04 5.583589711853446111e-04 -4.964853706895022744e-04 1.310809313292247578e-04 1.305127501365554868e-03
3.794173564588867163e-04 -1.179586446308754919e-04 -1.155158725018627452e-04 4.295278287349478226e-04 -4.251289897655973751e-04 4.376452741328577594e-04 -1.943581707944974125e-04 0.000000000000000000e+00 -3.610844247742389635e-04 8.908708022372871125e-05 -9.192754691521177047e-05 2.431664340993055292e-04
6.551827804825620730e-04 -1.503301463806289455e-03 -8.143619086094122553e-05 -8.652254894950748556e-04 4.923010600624532765e-04 4.728296873233283205e-04 5.583589711853446111e-04 -3.610844247742389635e-04 0.000000000000000000e+00 9.275523924347523364e-04 -1.168423768049384540e-03 9.440481155905083681e-04
4.978491744404345059e-04 -1.279728451907431556e-03 1.698358750897555850e-04 -6.135883979168590572e-04 3.995694061161912496e-04 -1.456682811908944965e-03 -4.964853706895022744e-04 8.908708022372871125e-05 9.275523924347523364e-04 0.000000000000000000e+00 2.320831569025012201e-03 3.167713524643027325e-04
-1.106117002757169921e-03 6.163110902499424225e-04 1.082273984604493339e-04 -1.179374265141727328e-03 -5.920643569093252297e-04 6.564266434746460644e-04 1.310809313292247578e-04 -9.192754691521177047e-05 -1.168423768049384540e-03 2.320831569025012201e-03 0.000000000000000000e+00 2.094221270650308431e-03
-8.630903218120565545e-04 -1.288887219634291285e-03 6.604833168537712056e-04 -9.568966867716470872e-04 -1.515655368025014464e-04 -6.035475557627224775e-04 1.305127501365554868e-03 2.431664340993055292e-04 9.440481155905083681e-04 3.167713524643027325e-04 2.094221270650308431e-03 0.000000000000000000e+00
