0.000000000000000000e+00 -4.841567015637670049e-04 3.980105955323260552e-04 -2.277239582451573647e-04 7.630066317003556724e-05 4.698263293920947742e-04 2.097121295209339906e-04 -5.645277559128132443e-04 -1.427162060360071373e-03 1.474800794161796073e-03 -1.803022461337059961e-03 2.148542971178541046e-03
-4.841567015637670049e-04 0.000000000000000000e+00 -8.829322947189401460e-06 4.626900942614604298e-04 -4.248013869085337090e-05 -1.674445006814407970e-04 -1.154347269722443177e-04 3.127081884948221561e-04 -5.486894729195591902e-04 -4.685578923360793021e-04 -7.176969657324055920e-04 -5.991920820254207627e-04
3.980105955323260552e-04 -8.829322947189401460e-06 0.000000000000000000e+00 -2.606970435281936917e-04 1.882360522985828278e-04 -1.276307110095062044e-05 2.763083162126979647e-04 -1.316838566108091474e-04 -1.165198776157631025e-04 -1.422051097227375804e-04 -5.590696015019040949e-04 -3.383376623925895871e-04
-2.277239582451573647e-04 4.626900942614604298e-04 -2.606970435281936917e-04 0.000000000000000000e+00 4.432370549505355211e-04 -7.126857971546980567e-04 -5.479356600837602658e-04 1.812864111943641269e-05 4.613630105515188133e-04 1.031640808697264437e-03 -4.579980737956968091e-04 -1.149164891806032061e-03
7.630066317003556724e-05 -4.248013869085337090e-05 1.882360522985828278e-04 4.432370549505355211e-04 0.000000000000000000e+00 -1.606486348272488174e-04 -2.280070323545049538e-05 -1.193066776240533038e-04 -2.661168439970881447e-04 4.092381428227082779e-04 6.681922243343079272e-04 4.397437741541393338e-05
4.698263293920947742e-04 -1.674445006814407970e-04 -1.276307110095062044e-05 -7.126857971546980567e-04 -1.606486348272488174e-04 0.000000000000000000e+00 -5.963073927735876561e-04 4.798011211408647779e-04 -8.374586595779321655e-05 -8.875764640851065536e-04 1.319139907145989608e-03 8.810677835094153599e-04
2.097121295209339906e-04 -1.154347269722443177e-04 2.763083162126979647e-04 -5.479356600837602658e-04 -2.280070323545049538e-05 -5.963073927735876561e-04 0.000000000000000000e+00 2.239031151545226505e-04 -1.398252922900835725e-04 -6.307082082581689630e-04 1.196270095414482234e-04 -7.830323787610530325e-04
-5.645277559128132443e-04 3.127081884948221561e-04 -1.316838566108091474e-04 1.812864111943641269e-05 -1.193066776240533038e-04 4.798011211408647779e-04 2.239031151545226505e-04 0.000000000000000000e+00 -1.267336859173909681e-04 -7.626745194365462622e-04 8.206401248562928156e-04 1.762077045692480096e-03
-1.427162060360071373e-03 -5.486894729195591902e-04 -1.165198776157631025e-04 4.613630105515188133e-04 -2.661168439970881447e-04 -8.374586595779321655e-05 -1.398252922900835725e-04 -1.267336859173909681e-04 0.000000000000000000e+00 9.121522274042580258e-04 1.325633369946892888e-03 -1.777441736402535786e-03
1.474800794161796073e-03 -4.685578923360793021e-04 -1.422051097227375804e-04 1.031640808697264437e-03 4.092381428227082779e-04 -8.875764640851065536e-04 -6.307082082581689630e-04 -7.626745194365462622e-04 9.121522274042580258e-04 0.000000000000000000e+00 -4.604302511959121151e-04 3.742387161920756114e-03
-1.803022461337059961e-03 -7.176969657324055920e-04 -5.590696015019040949e-04 -4.579980737956968091e-04 6.681922243343079272e-04 1.319139907145989608e-03 1.196270095414482234e-04 8.206401248562928156e-04 1.325633369946892888e-03 -4.604302511959121151e-04 0.000000000000000000e+00 1.426183169692773209e-03
2.148542971178541046e-03 -5.991920820254207627e-04 -3.383376623925895871e-04 -1.149164891806032061e-03 4.397437741541393338e-05 8.810677835094153599e-04 -7.830323787610530325e-04 1.762077045692480096e-03 -1.777441736402535786e-03 3.742387161920756114e-03 1.426183169692773209e-03 0.000000000000000000e+00
