0.000000000000000000e+00 -4.519750260965317503e-04 -3.446325882985725798e-05 7.307852115966831721e-04 6.566302917289912854e-04 -2.713348889243600930e-04 8.162004281093244648e-04 -4.829575755651447164e-05 2.326162787684449566e-04 6.247665133398375582e-04 8.379558354034225822e-04 3.069290051148883865e-04
-4.519750260965317503e-04 0.000000000000000000e+00 5.032002687352140746e-04 1.670648405502443961e-03 4.353615032331648233e-05 2.996031413386555800e-04 1.436195839627524328e-03 -1.775674813170850948e-04 4.783503629738702521e-04 -9.170704774267822716e-05 -8.285880329097155368e-04 5.692318294587200367e-04
-3.446325882985725798e-05 5.032002687352140746e-04 0.000000000000000000e+00 -1.055781540481382733e-03 -3.776732201732497228e-04 -1.554346550002599049e-05 -3.285395315767286866e-04 2.432968611246605611e-04 1.388960561691617490e-04 2.343177843074680108e-04 -3.634248451403108114e-04 2.646390934650816199e-06
7.307852115966831721e-04 1.670648405502443961e-03 -1.055781540481382733e-03 0.000000000000000000e+00 -2.568330790245321833e-04 -7.580083398777330648e-04 4.189278640717065613e-03 -2.076415028212825217e-04 1.917423405825880627e-03 -1.001841654944298074e-03 6.383301084295280470e-04 3.417994561572611049e-04
6.566302917289912854e-04 4.353615032331648233e-05 -3.776732201732497228e-04 -2.568330790245321833e-04 0.000000000000000000e+00 -1.132285227265045858e-04 -1.046600057784363626e-03 1.673202134908554099e-04 4.029729100159235413e-04 7.855429915718359737e-05 -3.224116871350888864e-04 2.743062260755891159e-04
-2.713348889243600930e-04 2.996031413386555800e-04 -1.554346550002599049e-05 -7.580083398777330648e-04 -1.132285227265045858e-04 0.000000000000000000e+00 1.037228279512355600e-03 2.223017600228766901e-04 -5.497484154031806805e-04 7.575798382227695474e-05 -1.744309726179277069e-04 -4.129251115751431350e-04
8.162004281093244648e-04 1.436195839627524328e-03 -3.285395315767286866e-04 4.189278640717065613e-03 -1.046600057784363626e-03 1.037228279512355600e-03 0.000000000000000000e+00 -6.834897662155566206e-04 -1.827516366685919642e-03 3.604627267928286983e-04 1.224038336824885900e-03 1.065254457123572545e-04
-4.829575755651447164e-05 -1.775674813170850948e-04 2.432968611246605611e-04 -2.076415028212825217e-04 1.673202134908554099e-04 2.223017600228766901e-04 -6.834897662155566206e-04 0.000000000000000000e+00 3.180980095371269503e-04 -1.242329380459068734e-04 6.765733110909781479e-04 2.461531278294822826e-04
2.326162787684449566e-04 4.783503629738702521e-04 1.388960561691617490e-04 1.917423405825880627e-03 4.029729100159235413e-04 -5.497484154031806805e-04 -1.827516366685919642e-03 3.180980095371269503e-04 0.000000000000000000e+00 -3.836238445423337273e-04 -6.213361003509266806e-04 -6.691346871027722965e-04
6.247665133398375582e-04 -9.170704774267822716e-05 2.343177843074680108e-04 -1.001841654944298074e-03 7.855429915718359737e-05 7.575798382227695474e-05 3.604627267928286983e-04 -1.242329380459068734e-04 -3.836238445423337273e-04 0.000000000000000000e+00 -1.082274082819639817e-05 -4.144368464475892805e-04
8.379558354034225822e-04 -8.285880329097155368e-04 -3.634248451403108114e-04 6.383301084295280470e-04 -3.224116871350888864e-04 -1.744309726179277069e-04 1.224038336824885900e-03 6.765733110909781479e-04 -6.213361003509266806e-04 -1.082274082819639817e-05 0.000000000000000000e+00 6.558247813955271144e-04
3.069290051148883865e-04 5.692318294587200367e-04 2.646390934650816199e-06 3.417994561572611049e-04 2.743062260755891159e-04 -4.129251115751431350e-04 1.065254457123572545e-04 2.461531278294822826e-04 -6.691346871027722965e-04 -4.144368464475892805e-04 6.558247813955271144e-04 0.000000000000000000e+00
