0.000000000000000000e+00 -2.295762577913100532e-04 5.875299528252452908e-04 -4.947779886809140033e-04 2.365332190793251904e-04 3.610225129713186482e-04 -8.891387638442925425e-04 -1.308011913828167905e-04 -1.188419588912761893e-03 -2.053948533600834220e-05 -9.281410436216625459e-04 -1.323285722775882113e-03
-2.295762577913100532e-04 0.000000000000000000e+00 3.312229986938058706e-04 -8.320706244068492175e-04 -9.065852586309004497e-04 -3.144943958953389196e-05 -4.046157731142190615e-04 4.589844510748144449e-05 7.544456101657248757e-04 4.712919546361637774e-04 -2.999206289281420028e-04 -5.389274954819805709e-05
5.875299528252452908e-04 3.312229986938058706e-04 0.000000000000000000e+00 1.470795882024477112e-03 6.435107070004988049e-05 -4.678427537835822621e-04 -6.735872958954131117e-04 7.868319044832272364e-04 9.277628546818504109e-05 -3.028139660385150539e-04 1.297642002846166534e-05 8.073711457212962548e-05
-4.947779886809140033e-04 -8.320706244068492175e-04 1.470795882024477112e-03 0.000000000000000000e+00 -9.660188358906023065e-04 8.763335898817525209e-05 1.217118641393468411e-05 -1.926062162025917726e-03 1.677783923988324837e-03 -1.348666755407135166e-03 2.467660085137500774e-03 -1.899936087418443650e-03
2.365332190793251904e-04 -9.065852586309004497e-04 6.435107070004988049e-05 -9.660188358906023065e-04 0.000000000000000000e+00 -4.135696822911442343e-04 -9.147382825638805063e-04 -2.420078414294348109e-04 -2.732378377972276024e-04 -2.258136754381106896e-04 -4.468682610529270014e-04 -1.177814525678778972e-04
3.610225129713186482e-04 -3.144943958953389196e-05 -4.678427537835822621e-04 8.763335898817525209e-05 -4.135696822911442343e-04 0.000000000000000000e+00 -9.761446647287525891e-04 -6.188942706546408847e-04 -1.257003422426248955e-03 2.946250213966767673e-04 -5.197351146003627520e-05 2.354543054624284491e-04
-8.891387638442925425e-04 -4.046157731142190615e-04 -6.735872958954131117e-04 1.217118641393468411e-05 -9.147382825638805063e-04 -9.761446647287525891e-04 0.000000000000000000e+00 1.738146374633364570e-03 1.116444753691434423e-03 4.552785209824822396e-04 -8.746226566714261413e-04 1.732576305196726853e-05
-1.308011913828167905e-04 4.589844510748144449e-05 7.868319044832272364e-04 -1.926062162025917726e-03 -2.420078414294348109e-04 -6.188942706546408847e-04 1.738146374633364570e-03 0.000000000000000000e+00 -1.762823326016267319e-04 -2.257877822295141794e-04 8.920241234730874093e-05 5.659614735629091807e-04
-1.188419588912761893e-03 7.544456101657248757e-04 9.277628546818504109e-05 1.677783923988324837e-03 -2.732378377972276024e-04 -1.257003422426248955e-03 1.116444753691434423e-03 -1.762823326016267319e-04 0.000000000000000000e+00 7.220262936390878326e-04 2.128513051043892754e-04 -7.853075999517772311e-04
-2.053948533600834220e-05 4.712919546361637774e-04 -3.028139660385150539e-04 -1.348666755407135166e-03 -2.258136754381106896e-04 2.946250213966767673e-04 4.552785209824822396e-04 -2.257877822295141794e-04 7.220262936390878326e-04 0.000000000000000000e+00 -7.338177926865845286e-05 5.780060479757465801e-04
-9.281410436216625459e-04 -2.999206289281420028e-04 1.297642002846166534e-05 2.467660085137500774e-03 -4.468682610529270014e-04 -5.197351146003627520e-05 -8.746226566714261413e-04 8.920241234730874093e-05 2.128513051043892754e-04 -7.338177926865845286e-05 0.000000000000000000e+00 -1.091575086448829659e-03
-1.323285722775882113e-03 -5.389274954819805709e-05 8.073711457212962548e-05 -1.899936087418443650e-03 -1.177814525678778972e-04 2.354543054624284491e-04 1.732576305196726853e-05 5.659614735629091807e-04 -7.853075999517772311e-04 5.780060479757465801e-04 -1.091575086448829659e-03 0.000000000000000000e+00
