0.000000000000000000e+00 1.059711713279761988e-04 8.114086503410588994e-04 1.323419805021696163e-03 -5.829146445533567832e-04 1.251434172802677386e-03 -7.216793866599204715e-04 3.701088318881980447e-04 -1.196103062022885969e-03 -3.853881495051687876e-04 1.033746424270766840e-03 8.502028909909105977e-04
1.059711713279761988e-04 0.000000000000000000e+00 5.800138775586183206e-04 -1.882893880365774650e-04 2.259331584322385943e-04 -3.989455900618326160e-04 1.188846853467825405e-03 7.262750945753520745e-04 -1.705686145362454969e-04 4.623692814585338249e-05 7.102637724350520506e-04 9.924224407529171207e-05
8.114086503410588994e-04 5.800138775586183206e-04 0.000000000000000000e+00 1.103972092149256264e-03 -6.433821897484630500e-05 -4.247017793192174877e-04 1.509608079762532690e-03 -8.071408659055729663e-04 -6.487932859334612007e-04 4.733560900869766418e-04 3.104111418201568754e-04 -2.752646684104272665e-04
1.323419805021696163e-03 -1.882893880365774650e-04 1.103972092149256264e-03 0.000000000000000000e+00 -5.622833784042768901e-04 1.762135719895549599e-03 5.988420984588766144e-04 -3.435831258783088142e-04 6.940217914576948073e-04 4.377343549004593018e-05 -1.543729020958753157e-03 8.797516272526355883e-05
-5.829146445533567832e-04 2.259331584322385943e-04 -6.433821897484630500e-05 -5.622833784042768901e-04 0.000000000000000000e+00 2.067153668708135699e-04 2.074257609865842809e-04 -2.464680907784709617e-04 6.003035942577631713e-04 1.969266421963883980e-04 3.145330724847807428e-04 5.260958437845882855e-04
1.251434172802677386e-03 -3.989455900618326160e-04 -4.247017793192174877e-04 1.762135719895549599e-03 2.067153668708135699e-04 0.000000000000000000e+00 1.366244075910833791e-03 4.258042737215438620e-04 1.526684077130579587e-04 4.005277632667746221e-04 -6.480256946781306560e-04 4.953511417799669929e-04
-7.216793866599204715e-04 1.188846853467825405e-03 1.509608079762532690e-03 5.988420984588766144e-04 2.074257609865842809e-04 1.366244075910833791e-03 0.000000000000000000e+00 8.985017514456863919e-04 8.188177322161928470e-04 6.151838491807574451e-04 -2.793866862882877014e-03 -1.762055117636735641e-03
3.701088318881980447e-04 7.262750945753520745e-04 -8.071408659055729663e-04 -3.435831258783088142e-04 -2.464680907784709617e-04 4.258042737215438620e-04 8.985017514456863919e-04 0.000000000000000000e+00 -9.298753102556605015e-04 -4.726163474520055107e-04 -9.139418269133889284e-04 5.935182365046031653e-05
-1.196103062022885969e-03 -1.705686145362454969e-04 -6.487932859334612007e-04 6.940217914576948073e-04 6.003035942577631713e-04 1.526684077130579587e-04 8.188177322161928470e-04 -9.298753102556605015e-04 0.000000000000000000e+00 -4.113517525894592975e-04 -8.949998960504042863e-05 2.020424910551395724e-04
-3.853881495051687876e-04 4.623692814585338249e-05 4.733560900869766418e-04 4.377343549004593018e-05 1.969266421963883980e-04 4.005277632667746221e-04 6.151838491807574451e-04 -4.726163474520055107e-04 -4.113517525894592975e-04 0.000000000000000000e+00 -8.169031499173972169e-06 3.705615553559028037e-04
1.033746424270766840e-03 7.102637724350520506e-04 3.104111418201568754e-04 -1.543729020958753157e-03 3.145330724847807428e-04 -6.480256946781306560e-04 -2.793866862882877014e-03 -9.139418269133889284e-04 -8.949998960504042863e-05 -8.169031499173972169e-06 0.000000000000000000e+00 1.570385183448017724e-03
8.502028909909105977e-04 9.924224407529171207e-05 -2.752646684104272665e-04 8.797516272526355883e-05 5.260958437845882855e-04 4.953511417799669929e-04 -1.762055117636735641e-03 5.935182365046031653e-05 2.020424910551395724e-04 3.705615553559028037e-04 1.570385183448017724e-03 0.000000000000000000e+00
