0.000000000000000000e+00 2.070642324684475357e-04 8.314569296939993597e-04 1.938483837940661479e-03 -1.359056460873521509e-04 -2.416706658767790988e-04 1.215652299028369349e-03 -9.354066759077507304e-04 4.148728607420293227e-05 8.507709417429032113e-04 1.218562683689211439e-03 1.597856873633997539e-03
2.070642324684475357e-04 0.000000000000000000e+00 -5.343808656870619551e-04 5.771965676633564061e-04 3.714722568131807170e-04 6.435343246305771350e-05 6.311811636704326486e-04 -5.490156656990025693e-04 -6.196928221538044838e-04 -2.054839378264910370e-04 -2.604160603406352340e-04 -3.446141713497102767e-04
8.314569296939993597e-04 -5.343808656870619551e-04 0.000000000000000000e+00 6.920210372123016202e-04 5.934257936991918373e-04 -1.968222203582990792e-04 8.234969256819462747e-05 4.053998994970869755e-04 6.301617609038786009e-04 1.487656084005756630e-04 5.269048597451686348e-04 -1.546877710661476494e-04
1.938483837940661479e-03 5.771965676633564061e-04 6.920210372123016202e-04 0.000000000000000000e+00 -1.417402901131353029e-03 1.102980412877325577e-04 3.369722263343543928e-03 1.318566000180423784e-03 -2.517108323279293632e-03 -3.374820231406014739e-04 5.253340053416630066e-04 -2.321740251164288241e-03
-1.359056460873521509e-04 3.714722568131807170e-04 5.934257936991918373e-04 -1.417402901131353029e-03 0.000000000000000000e+00 -1.877390126357332523e-04 3.280176503793544307e-04 1.818541442956864943e-04 5.207179353302439969e-04 -4.317795463381304713e-04 -8.014480637775629442e-04 5.880770221871273803e-05
-2.416706658767790988e-04 6.435343246305771350e-05 -1.968222203582990792e-04 1.102980412877325577e-04 -1.877390126357332523e-04 0.000000000000000000e+00 -4.767571481133283675e-04 -2.012234745733937878e-04 -3.488960479191027288e-04 4.346617579166872332e-04 -3.806160209187763304e-04 -3.523476014512326557e-04
1.215652299028369349e-03 6.311811636704326486e-04 8.234969256819462747e-05 3.369722263343543928e-03 3.280176503793544307e-04 -4.767571481133283675e-04 0.000000000000000000e+00 -8.290548670435301474e-04 2.396061262183587018e-03 -4.395646188639957294e-04 -1.037747668646268667e-03 -2.516786568465818278e-03
-9.354066759077507304e-04 -5.490156656990025693e-04 4.053998994970869755e-04 1.318566000180423784e-03 1.818541442956864943e-04 -2.012234745733937878e-04 -8.290548670435301474e-04 0.000000000000000000e+00 -1.157824137089709816e-03 -3.294892814652661630e-04 -1.040405306232749876e-04 2.513663939165326311e-04
4.148728607420293227e-05 -6.196928221538044838e-04 6.301617609038786009e-04 -2.517108323279293632e-03 5.207179353302439969e-04 -3.488960479191027288e-04 2.396061262183587018e-03 -1.157824137089709816e-03 0.000000000000000000e+00 3.698168512253039190e-04 -1.360103558644385781e-04 -8.333164935211690967e-04
8.507709417429032113e-04 -2.054839378264910370e-04 1.487656084005756630e-04 -3.374820231406014739e-04 -4.317795463381304713e-04 4.346617579166872332e-04 -4.395646188639957294e-04 -3.294892814652661630e-04 3.698168512253039190e-04 0.000000000000000000e+00 -1.080037999412693066e-03 5.609801485372549912e-05
1.218562683689211439e-03 -2.604160603406352340e-04 5.269048597451686348e-04 5.253340053416630066e-04 -8.014480637775629442e-04 -3.806160209187763304e-04 -1.037747668646268667e-03 -1.040405306232749876e-04 -1.360103558644385781e-04 -1.080037999412693066e-03 0.000000000000000000e+00 1.284682208828997162e-03
1.597856873633997539e-03 -3.446141713497102767e-04 -1.546877710661476494e-04 -2.321740251164288241e-03 5.880770221871273803e-05 -3.523476014512326557e-04 -2.516786568465818278e-03 2.513663939165326311e-04 -8.333164935211690967e-04 5.609801485372549912e-05 1.284682208828997162e-03 0.000000000000000000e+00
