0.000000000000000000e+00 5.376346732045117179e-04 4.968104878848462200e-04 -1.450843977504399961e-03 -1.755593994124331854e-04 -4.310303675928282992e-04 -1.652648638579803236e-03 3.549419556206175790e-04 -2.142654811721789130e-05 2.074994756542245715e-04 -6.373859006017721643e-04 -1.120223632584668944e-03
5.376346732045117179e-04 0.000000000000000000e+00 -5.462714929501297462e-05 -2.054583142173050585e-04 -2.069275264905928279e-04 2.386507006943188922e-04 -1.990810552177203025e-04 -1.629347729636490831e-04 -4.717975339030141754e-04 1.674512830260427537e-04 -5.725237446609225721e-04 -6.642055737376090317e-04
4.968104878848462200e-04 -5.462714929501297462e-05 0.000000000000000000e+00 1.930411953280640231e-04 -3.106739728701679690e-04 6.281080474825450743e-04 6.602465427759351664e-04 1.090013036806372458e-04 6.934492879116241825e-04 2.181883853966474216e-04 5.811217078315647185e-04 6.222516737121823851e-04
-1.450843977504399961e-03 -2.054583142173050585e-04 1.930411953280640231e-04 0.000000000000000000e+00 1.132677796419124630e-05 -8.353441053405424041e-04 -1.050511624433504102e-03 -7.063719964366811221e-04 1.742404988699937807e-03 8.675067801649736512e-05 -1.748048461343083620e-03 2.570708729262024574e-03
-1.755593994124331854e-04 -2.069275264905928279e-04 -3.106739728701679690e-04 1.132677796419124630e-05 0.000000000000000000e+00 5.315748054801395134e-05 -1.155818367596502708e-05 -3.262733882482049324e-04 -1.742110806218455333e-04 -2.187995704385258867e-04 5.404665131896956801e-04 -6.117070929805341504e-04
-4.310303675928282992e-04 2.386507006943188922e-04 6.281080474825450743e-04 -8.353441053405424041e-04 5.315748054801395134e-05 0.000000000000000000e+00 3.123263956199254687e-04 -1.340819739054796241e-04 2.878518142514666797e-05 1.994239542827058666e-04 -2.579817679618003350e-04 -3.967430457283992770e-04
-1.652648638579803236e-03 -1.990810552177203025e-04 6.602465427759351664e-04 -1.050511624433504102e-03 -1.155818367596502708e-05 3.123263956199254687e-04 0.000000000000000000e+00 1.246653399704917729e-03 -1.817529784463201232e-03 -5.314573180590648210e-05 -1.809469334063505339e-03 2.432428714949792011e-03
3.549419556206175790e-04 -1.629347729636490831e-04 1.090013036806372458e-04 -7.063719964366811221e-04 -3.262733882482049324e-04 -1.340819739054796241e-04 1.246653399704917729e-03 0.000000000000000000e+00 2.748289409998924465e-04 -3.145598539293213594e-04 -3.870095564077297395e-04 -2.120350031138483840e-04
-2.142654811721789130e-05 -4.717975339030141754e-04 6.934492879116241825e-04 1.742404988699937807e-03 -1.742110806218455333e-04 2.878518142514666797e-05 -1.817529784463201232e-03 2.748289409998924465e-04 0.000000000000000000e+00 3.529463933630893669e-04 8.910098947198980034e-04 -1.482523510674419115e-04
2.074994756542245715e-04 1.674512830260427537e-04 2.181883853966474216e-04 8.675067801649736512e-05 -2.187995704385258867e-04 1.994239542827058666e-04 -5.314573180590648210e-05 -3.145598539293213594e-04 3.529463933630893669e-04 0.000000000000000000e+00 4.764534397105402771e-04 -1.742276602466405607e-04
-6.373859006017721643e-04 -5.725237446609225721e-04 5.811217078315647185e-04 -1.748048461343083620e-03 5.404665131896956801e-04 -2.579817679618003350e-04 -1.809469334063505339e-03 -3.870095564077297395e-04 8.910098947198980034e-04 4.764534397105402771e-04 0.000000000000000000e+00 -1.847986741114913392e-03
-1.120223632584668944e-03 -6.642055737376090317e-04 6.222516737121823851e-04 2.570708729262024574e-03 -6.117070929805341504e-04 -3.967430457283992770e-04 2.432428714949792011e-03 -2.120350031138483840e-04 -1.482523510674419115e-04 -1.742276602466405607e-04 -1.847986741114913392e-03 0.000000000000000000e+00
