0.000000000000000000e+00 1.333541207873551642e-03 -1.518758523898778570e-03 -4.748444164330956172e-04 2.692374083934407584e-03 3.865495013490091573e-04 -3.196368435698766449e-04 -3.573036155970353740e-04 7.929228324128317473e-04 -4.498530243816173889e-04 -1.084297575442984404e-03 1.440197844644619269e-03
1.333541207873551642e-03 0.000000000000000000e+00 -1.646782078766378249e-03 -1.567550399602213697e-04 -2.401479710438895467e-04 2.891856500568052769e-04 -2.645893082487188919e-04 9.874480469658653697e-04 -1.035900503396235692e-03 -7.741876658136677284e-04 -8.636784189430550453e-04 5.321318366448588933e-04
-1.518758523898778570e-03 -1.646782078766378249e-03 0.000000000000000000e+00 7.717600156426966890e-04 -5.605401351421579860e-04 -7.625959316670030732e-06 -1.124528833308558894e-05 -2.183422824383044001e-03 4.993712031030928021e-04 6.355900844587228978e-04 -8.133327516145512489e-04 1.791349561724985830e-04
-4.748444164330956172e-04 -1.567550399602213697e-04 7.717600156426966890e-04 0.000000000000000000e+00 7.192447489787427012e-04 3.251161053573428271e-04 4.639023167369140857e-05 -8.254644129699402911e-05 -3.113357259731592327e-04 1.470847178128182350e-04 -4.894459309274221993e-04 3.632979887023821738e-04
2.692374083934407584e-03 -2.401479710438895467e-04 -5.605401351421579860e-04 7.192447489787427012e-04 0.000000000000000000e+00 -7.145530928381814114e-04 3.766816335166600508e-04 8.400693736091041945e-04 6.101221211273359689e-04 -1.843756808121873670e-03 -1.349003513544697963e-03 2.317272660581451947e-03
3.865495013490091573e-04 2.891856500568052769e-04 -7.625959316670030732e-06 3.251161053573428271e-04 -7.145530928381814114e-04 0.000000000000000000e+00 4.495889586965210469e-04 3.741486706299191473e-04 4.874764108560773832e-04 1.754096941192562003e-04 -4.135456521707020169e-04 -3.958231533607090279e-05
-3.196368435698766449e-04 -2.645893082487188919e-04 -1.124528833308558894e-05 4.639023167369140857e-05 3.766816335166600508e-04 4.495889586965210469e-04 0.000000000000000000e+00 -2.899998479293358893e-04 3.045269012062435331e-04 1.072156089668385400e-04 1.616268320093258021e-04 2.918291190606771301e-04
-3.573036155970353740e-04 9.874480469658653697e-04 -2.183422824383044001e-03 -8.254644129699402911e-05 8.400693736091041945e-04 3.741486706299191473e-04 -2.899998479293358893e-04 0.000000000000000000e+00 -6.621762310798483958e-04 -2.650322308529091692e-04 -4.041042657192596031e-04 -4.228782208886707703e-05
7.929228324128317473e-04 -1.035900503396235692e-03 4.993712031030928021e-04 -3.113357259731592327e-04 6.101221211273359689e-04 4.874764108560773832e-04 3.045269012062435331e-04 -6.621762310798483958e-04 0.000000000000000000e+00 -7.891125142080822720e-04 -1.682810471646364512e-04 -6.306623774209147663e-04
-4.498530243816173889e-04 -7.741876658136677284e-04 6.355900844587228978e-04 1.470847178128182350e-04 -1.843756808121873670e-03 1.754096941192562003e-04 1.072156089668385400e-04 -2.650322308529091692e-04 -7.891125142080822720e-04 0.000000000000000000e+00 -6.922575977454431995e-05 6.615798799416983123e-04
-1.084297575442984404e-03 -8.636784189430550453e-04 -8.133327516145512489e-04 -4.894459309274221993e-04 -1.349003513544697963e-03 -4.135456521707020169e-04 1.616268320093258021e-04 -4.041042657192596031e-04 -1.682810471646364512e-04 -6.922575977454431995e-05 0.000000000000000000e+00 5.332809763534364844e-04
1.440197844644619269e-03 5.321318366448588933e-04 1.791349561724985830e-04 3.632979887023821738e-04 2.317272660581451947e-03 -3.958231533607090279e-05 2.918291190606771301e-04 -4.228782208886707703e-05 -6.306623774209147663e-04 6.615798799416983123e-04 5.332809763534364844e-04 0.000000000000000000e+00
