0.000000000000000000e+00 -1.594092866865858037e-03 2.417175209253327045e-03 1.322305099894594081e-04 1.377007302745568169e-03 -9.740335536393950337e-05 -4.433868282673708540e-04 -1.640977484600929107e-03 -8.033609794388153497e-04 8.715462889081739212e-04 4.836862871952739003e-04 -4.000563609232817464e-04
-1.594092866865858037e-03 0.000000000000000000e+00 1.771983653641698254e-03 -2.823971532871905445e-04 -3.643154505168080554e-03 -5.895710529083209505e-04 -4.974788876731986009e-04 1.038187290223279748e-03 1.674157907829501796e-03 7.415605014521870061e-04 1.714577850270456536e-06 -7.285567984824723028e-04
2.417175209253327045e-03 1.771983653641698254e-03 0.000000000000000000e+00 4.796636707517045232e-04 -2.815663767290275954e-03 -3.242289405344354631e-04 4.984901910941755103e-04 -9.962596808092908231e-05 3.149620588288612271e-04 -2.453220337078501709e-04 1.482183233699198863e-03 -3.771870386494609838e-04
1.322305099894594081e-04 -2.823971532871905445e-04 4.796636707517045232e-04 0.000000000000000000e+00 7.544847474148757942e-04 -3.070461867100446698e-04 3.384901776798193642e-04 6.616123595206714874e-04 -1.602720119950117679e-04 2.474965458567810980e-04 3.648324479679471806e-04 2.467399057512247246e-04
1.377007302745568169e-03 -3.643154505168080554e-03 -2.815663767290275954e-03 7.544847474148757942e-04 0.000000000000000000e+00 5.574658107543506349e-04 1.558895557638315110e-03 4.071311193495794024e-04 -8.043871028450071906e-04 3.553473722765293171e-04 1.290868285728378811e-03 2.959644097503859143e-03
-9.740335536393950337e-05 -5.895710529083209505e-04 -3.242289405344354631e-04 -3.070461867100446698e-04 5.574658107543506349e-04 0.000000000000000000e+00 -9.320911148980547383e-05 -2.094229087327416860e-04 4.748551571756514473e-04 -3.774782152368384773e-05 1.377886790162190751e-05 -6.031579962544938306e-04
-4.433868282673708540e-04 -4.974788876731986009e-04 4.984901910941755103e-04 3.384901776798193642e-04 1.558895557638315110e-03 -9.320911148980547383e-05 0.000000000000000000e+00 3.179295556531055566e-04 -5.760947994827324617e-05 3.151496497999517758e-04 -9.755302057446184512e-05 1.814819981307139781e-04
-1.640977484600929107e-03 1.038187290223279748e-03 -9.962596808092908231e-05 6.616123595206714874e-04 4.071311193495794024e-04 -2.094229087327416860e-04 3.179295556531055566e-04 0.000000000000000000e+00 6.123510087834597646e-04 -5.377186324590671777e-04 6.331310745890450032e-04 6.209256909860580670e-06
-8.033609794388153497e-04 1.674157907829501796e-03 3.149620588288612271e-04 -1.602720119950117679e-04 -8.043871028450071906e-04 4.748551571756514473e-04 -5.760947994827324617e-05 6.123510087834597646e-04 0.000000000000000000e+00 -2.516033135454214887e-04 -5.714003464135976882e-04 -8.612419774816814288e-04
8.715462889081739212e-04 7.415605014521870061e-04 -2.453220337078501709e-04 2.474965458567810980e-04 3.553473722765293171e-04 -3.774782152368384773e-05 3.151496497999517758e-04 -5.377186324590671777e-04 -2.516033135454214887e-04 0.000000000000000000e+00 -1.195680188629085676e-04 8.941249073311089476e-04
4.836862871952739003e-04 1.714577850270456536e-06 1.482183233699198863e-03 3.648324479679471806e-04 1.290868285728378811e-03 1.377886790162190751e-05 -9.755302057446184512e-05 6.331310745890450032e-04 -5.714003464135976882e-04 -1.195680188629085676e-04 0.000000000000000000e+00 -2.051498857316666241e-04
-4.000563609232817464e-04 -7.285567984824723028e-04 -3.771870386494609838e-04 2.467399057512247246e-04 2.959644097503859143e-03 -6.031579962544938306e-04 1.814819981307139781e-04 6.209256909860580670e-06 -8.612419774816814288e-04 8.941249073311089476e-04 -2.051498857316666241e-04 0.000000000000000000e+00
