0.000000000000000000e+00 -2.402132117897607007e-03 -2.184299956795369719e-03 -6.909218809247091495e-05 1.436277226062604526e-03 -1.093042693299607192e-03 -1.411941569075570412e-03 -2.262529629834282975e-04 -1.063685962772335574e-03 7.219305393222904892e-05 3.716719585714737292e-04 -1.542641131904389082e-03
-2.402132117897607007e-03 0.000000000000000000e+00 1.449319302501275242e-03 -1.992611072602069574e-04 -1.134865926361266217e-03 4.706314001937714057e-04 6.497328398387261028e-04 5.337538359583833780e-05 -4.429741965973351498e-04 8.877679326351507139e-06 1.064928389530030118e-03 -1.664655729348764020e-03
-2.184299956795369719e-03 1.449319302501275242e-03 0.000000000000000000e+00 -1.300768702131191402e-04 1.523202479302615151e-03 -5.205817395521814255e-04 6.310897893304685423e-04 -4.317665391069761146e-04 -9.204674070718529052e-04 1.592549692417671717e-04 -2.540218883846079019e-04 -1.229920725499379988e-03
-6.909218809247091495e-05 -1.992611072602069574e-04 -1.300768702131191402e-04 0.000000000000000000e+00 5.608823188208336263e-04 2.341281381557816472e-05 -2.230969581602260132e-04 3.103148503172625220e-04 1.545244777890986631e-04 2.485922993800046814e-04 1.832231029181932724e-04 3.767050477491232918e-05
1.436277226062604526e-03 -1.134865926361266217e-03 1.523202479302615151e-03 5.608823188208336263e-04 0.000000000000000000e+00 -1.305674208870421984e-03 4.853037111045730920e-04 -4.733247586761795073e-04 -1.698764512340245059e-03 -2.243522106927073225e-04 -1.434309882372973664e-03 9.345759806190535044e-04
-1.093042693299607192e-03 4.706314001937714057e-04 -5.205817395521814255e-04 2.341281381557816472e-05 -1.305674208870421984e-03 0.000000000000000000e+00 -3.833623028523012273e-04 -4.553200660889798268e-04 -4.009348847699987822e-04 -4.497748239085273342e-05 -1.387491463301501683e-04 4.485944578102885614e-04
-1.411941569075570412e-03 6.497328398387261028e-04 6.310897893304685423e-04 -2.230969581602260132e-04 4.853037111045730920e-04 -3.833623028523012273e-04 0.000000000000000000e+00 8.205157623873888563e-05 2.160542337693343364e-05 -3.552994251440835132e-04 1.832279725019558088e-04 3.067560947694016244e-04
-2.262529629834282975e-04 5.337538359583833780e-05 -4.317665391069761146e-04 3.103148503172625220e-04 -4.733247586761795073e-04 -4.553200660889798268e-04 8.205157623873888563e-05 0.000000000000000000e+00 -4.361696688750067372e-04 2.939625833174879964e-04 -1.099057954258924122e-03 -2.784929702460957356e-04
-1.063685962772335574e-03 -4.429741965973351498e-04 -9.204674070718529052e-04 1.545244777890986631e-04 -1.698764512340245059e-03 -4.009348847699987822e-04 2.160542337693343364e-05 -4.361696688750067372e-04 0.000000000000000000e+00 -2.924325074308891585e-04 3.837154909973603586e-04 9.019582364819417894e-04
7.219305393222904892e-05 8.877679326351507139e-06 1.592549692417671717e-04 2.485922993800046814e-04 -2.243522106927073225e-04 -4.497748239085273342e-05 -3.552994251440835132e-04 2.939625833174879964e-04 -2.924325074308891585e-04 0.000000000000000000e+00 -1.032262758878267075e-04 -3.012629721156570114e-06
3.716719585714737292e-04 1.064928389530030118e-03 -2.540218883846079019e-04 1.832231029181932724e-04 -1.434309882372973664e-03 -1.387491463301501683e-04 1.832279725019558088e-04 -1.099057954258924122e-03 3.837154909973603586e-04 -1.032262758878267075e-04 0.000000000000000000e+00 -4.528098013264035960e-04
-1.542641131904389082e-03 -1.664655729348764020e-03 -1.229920725499379988e-03 3.767050477491232918e-05 9.345759806190535044e-04 4.485944578102885614e-04 3.067560947694016244e-04 -2.784929702460957356e-04 9.019582364819417894e-04 -3.012629721156570114e-06 -4.528098013264035960e-04 0.000000000000000000e+00
