0.000000000000000000e+00 -2.105090494248786862e-03 1.175080458196902083e-03 2.463460536610877151e-04 -1.216849907336408146e-03 2.660748483899775607e-04 -7.147536038792191371e-04 9.818414063416946742e-04 -1.980279446355389327e-04 -7.630107695610376713e-04 1.463034935166667073e-06 -3.760549937490917653e-04
-2.105090494248786862e-03 0.000000000000000000e+00 -1.542015584079796777e-03 5.539379809398160348e-04 -1.102366500030006356e-03 3.929993669439707559e-04 7.731550935068642319e-04 1.261240309074487852e-03 -1.059432099256700857e-03 -7.517106698816987779e-06 -5.763149169647143084e-04 -1.857208287911370041e-03
1.175080458196902083e-03 -1.542015584079796777e-03 0.000000000000000000e+00 -1.047392324853100708e-04 -1.161503261328917418e-03 -3.700129111855007705e-04 -6.665341969020020666e-04 -3.897002441332501682e-04 9.290021136490076922e-05 1.021859312904145481e-03 3.660287287724288104e-04 -7.163163059267431572e-05
2.463460536610877151e-04 5.539379809398160348e-04 -1.047392324853100708e-04 0.000000000000000000e+00 4.789211766059771748e-04 1.143276880243711236e-04 -1.444756465077990661e-04 -1.040914048082936872e-04 2.431814812743245938e-04 -1.289631502020153000e-04 -2.324540212880493338e-04 -4.463201974642609757e-04
-1.216849907336408146e-03 -1.102366500030006356e-03 -1.161503261328917418e-03 4.789211766059771748e-04 0.000000000000000000e+00 8.965498889117812708e-04 1.978155576429827369e-04 1.923987716770764970e-03 9.584018160106904435e-04 1.669230732974592759e-03 6.130769232267516090e-04 2.701026128517777726e-04
2.660748483899775607e-04 3.929993669439707559e-04 -3.700129111855007705e-04 1.143276880243711236e-04 8.965498889117812708e-04 0.000000000000000000e+00 -4.361709225408156378e-06 -7.063797307305982442e-04 -2.778888365239954791e-04 -2.739226526551911327e-04 2.716858139849588515e-06 -5.032523344829342824e-05
-7.147536038792191371e-04 7.731550935068642319e-04 -6.665341969020020666e-04 -1.444756465077990661e-04 1.978155576429827369e-04 -4.361709225408156378e-06 0.000000000000000000e+00 1.837982183960377362e-04 8.574583316566705129e-04 -2.255993221705624103e-04 3.488497808229792788e-04 -5.549240964746299492e-05
9.818414063416946742e-04 1.261240309074487852e-03 -3.897002441332501682e-04 -1.040914048082936872e-04 1.923987716770764970e-03 -7.063797307305982442e-04 1.837982183960377362e-04 0.000000000000000000e+00 1.536445281530770808e-04 -4.398755410684940443e-04 3.896265517918389592e-04 2.222938444328339137e-04
-1.980279446355389327e-04 -1.059432099256700857e-03 9.290021136490076922e-05 2.431814812743245938e-04 9.584018160106904435e-04 -2.778888365239954791e-04 8.574583316566705129e-04 1.536445281530770808e-04 0.000000000000000000e+00 7.973370297697435953e-04 3.603725043268682154e-04 6.980709644906712107e-04
-7.630107695610376713e-04 -7.517106698816987779e-06 1.021859312904145481e-03 -1.289631502020153000e-04 1.669230732974592759e-03 -2.739226526551911327e-04 -2.255993221705624103e-04 -4.398755410684940443e-04 7.973370297697435953e-04 0.000000000000000000e+00 6.638919381680070703e-05 -2.892898558876161254e-04
1.463034935166667073e-06 -5.763149169647143084e-04 3.660287287724288104e-04 -2.324540212880493338e-04 6.130769232267516090e-04 2.716858139849588515e-06 3.488497808229792788e-04 3.896265517918389592e-04 3.603725043268682154e-04 6.638919381680070703e-05 0.000000000000000000e+00 -2.469176891774972778e-04
-3.760549937490917653e-04 -1.857208287911370041e-03 -7.163163059267431572e-05 -4.463201974642609757e-04 2.701026128517777726e-04 -5.032523344829342824e-05 -5.549240964746299492e-05 2.222938444328339137e-04 6.980709644906712107e-04 -2.892898558876161254e-04 -2.469176891774972778e-04 0.000000000000000000e+00
