0.000000000000000000e+00 -1.696210710325950482e-03 -6.829144280291776000e-04 2.024308067794477171e-04 2.005475425142788214e-03 -1.515773455647449123e-04 -1.598758132833141875e-03 -7.781199775805717990e-04 -4.566916489252938259e-04 2.538607557966439995e-03 -1.078740213308363501e-03 7.506280737630380328e-04
-1.696210710325950482e-03 0.000000000000000000e+00 -2.437660162811718556e-04 -2.501813524403993295e-04 1.113523853401536664e-03 -5.224652241654630536e-04 3.604857062083688174e-04 1.583382316046570031e-04 1.219959857553295796e-03 3.296359606934111050e-04 1.851720992882626923e-04 9.634700797030500575e-04
-6.829144280291776000e-04 -2.437660162811718556e-04 0.000000000000000000e+00 -1.229193650222243676e-04 -3.581870877264591176e-04 -3.331630967007504157e-04 5.822329231968705315e-04 9.381247520998025539e-05 -1.270259364316246586e-03 6.961167689298927274e-04 -1.163749654723478938e-03 -1.412211597495595774e-04
2.024308067794477171e-04 -2.501813524403993295e-04 -1.229193650222243676e-04 0.000000000000000000e+00 -3.520870514539079258e-04 -4.086033330882490986e-04 -5.899755552659066747e-04 2.224928197193555687e-05 1.268378018277135574e-03 -1.031845198744702971e-03 -1.288574629943723716e-03 -1.699808267052304450e-05
2.005475425142788214e-03 1.113523853401536664e-03 -3.581870877264591176e-04 -3.520870514539079258e-04 0.000000000000000000e+00 -2.383423023913342788e-04 -1.731405028362915520e-04 3.633213299386438971e-04 5.943557275665647998e-04 7.477628580169178377e-04 8.644962571960954469e-04 3.127441424483137235e-04
-1.515773455647449123e-04 -5.224652241654630536e-04 -3.331630967007504157e-04 -4.086033330882490986e-04 -2.383423023913342788e-04 0.000000000000000000e+00 5.995801140131982445e-04 2.184626297364278226e-04 3.409936883336504062e-05 -5.533846172943424589e-05 1.481269402963366949e-04 2.668453321024119606e-04
-1.598758132833141875e-03 3.604857062083688174e-04 5.822329231968705315e-04 -5.899755552659066747e-04 -1.731405028362915520e-04 5.995801140131982445e-04 0.000000000000000000e+00 3.137790844169904120e-04 7.903535462124350233e-04 -2.059581889063675001e-04 -4.577072905155255499e-04 4.311666109697873204e-04
-7.781199775805717990e-04 1.583382316046570031e-04 9.381247520998025539e-05 2.224928197193555687e-05 3.633213299386438971e-04 2.184626297364278226e-04 3.137790844169904120e-04 0.000000000000000000e+00 2.089157523881824587e-05 -1.124200786800412261e-04 2.618031756532910800e-04 4.479116774168570396e-04
-4.566916489252938259e-04 1.219959857553295796e-03 -1.270259364316246586e-03 1.268378018277135574e-03 5.943557275665647998e-04 3.409936883336504062e-05 7.903535462124350233e-04 2.089157523881824587e-05 0.000000000000000000e+00 -1.684356200511100262e-03 -1.058172462608492981e-03 3.078889591378625070e-05
2.538607557966439995e-03 3.296359606934111050e-04 6.961167689298927274e-04 -1.031845198744702971e-03 7.477628580169178377e-04 -5.533846172943424589e-05 -2.059581889063675001e-04 -1.124200786800412261e-04 -1.684356200511100262e-03 0.000000000000000000e+00 -1.211755591741932488e-03 2.287665102484807945e-04
-1.078740213308363501e-03 1.851720992882626923e-04 -1.163749654723478938e-03 -1.288574629943723716e-03 8.644962571960954469e-04 1.481269402963366949e-04 -4.577072905155255499e-04 2.618031756532910800e-04 -1.058172462608492981e-03 -1.211755591741932488e-03 0.000000000000000000e+00 -9.670378529234464069e-04
7.506280737630380328e-04 9.634700797030500575e-04 -1.412211597495595774e-04 -1.699808267052304450e-05 3.127441424483137235e-04 2.668453321024119606e-04 4.311666109697873204e-04 4.479116774168570396e-04 3.078889591378625070e-05 2.287665102484807945e-04 -9.670378529234464069e-04 0.000000000000000000e+00
