0.000000000000000000e+00 2.204564549210830896e-03 1.900246417235027310e-03 2.486716794641849210e-03 6.760846361416326163e-04 1.905294179430333361e-04 -8.851796375368547326e-04 -8.933303124717337229e-04 -8.254831124822234164e-04 7.027770667014472325e-04 3.621776999419743740e-03 -5.671030924689328010e-04
2.204564549210830896e-03 0.000000000000000000e+00 -8.566399291952242045e-04 5.108224735384652446e-04 -1.867715261122836125e-04 -1.215248595671064954e-04 1.153008577530734407e-04 5.893415759323844191e-04 -4.136308377343739045e-04 -1.155360732559033640e-03 -1.423257263173540507e-03 -8.202272214499271136e-05
1.900246417235027310e-03 -8.566399291952242045e-04 0.000000000000000000e+00 7.372035782737543707e-04 6.939183127908661987e-04 1.851683265741930215e-05 2.603893033452904862e-04 2.350699615450294391e-04 1.353207360062929710e-03 6.215883893773784972e-04 -4.449636324681432759e-04 1.474578803641295047e-04
2.486716794641849210e-03 5.108224735384652446e-04 7.372035782737543707e-04 0.000000000000000000e+00 -3.153179670184354504e-04 2.891350034880944050e-04 -9.133785388792895615e-04 3.146572501412244990e-04 2.806921787555377991e-04 -1.314095521116622010e-03 3.701284163159017870e-04 -3.942583254751084315e-04
6.760846361416326163e-04 -1.867715261122836125e-04 6.939183127908661987e-04 -3.153179670184354504e-04 0.000000000000000000e+00 1.729603138562580919e-04 -3.440508041253536936e-04 -5.601504755847346072e-04 1.031953989163030948e-03 5.099221064565918069e-04 -1.235649889656685683e-03 1.560026315213097758e-04
1.905294179430333361e-04 -1.215248595671064954e-04 1.851683265741930215e-05 2.891350034880944050e-04 1.729603138562580919e-04 0.000000000000000000e+00 -2.722640772659688855e-04 -7.037425951206313082e-04 -8.677149994502620332e-04 5.413398147111320559e-04 -2.257714167912984590e-04 9.181904994150172242e-05
-8.851796375368547326e-04 1.153008577530734407e-04 2.603893033452904862e-04 -9.133785388792895615e-04 -3.440508041253536936e-04 -2.722640772659688855e-04 0.000000000000000000e+00 -5.212706199646959014e-04 1.012187403719711610e-04 -3.780230228471031248e-04 -1.273289438478151939e-03 -1.783836787754064089e-04
-8.933303124717337229e-04 5.893415759323844191e-04 2.350699615450294391e-04 3.146572501412244990e-04 -5.601504755847346072e-04 -7.037425951206313082e-04 -5.212706199646959014e-04 0.000000000000000000e+00 3.497830304314359035e-04 -5.460436576402681597e-04 6.084531569109702300e-04 3.454691716186245260e-04
-8.254831124822234164e-04 -4.136308377343739045e-04 1.353207360062929710e-03 2.806921787555377991e-04 1.031953989163030948e-03 -8.677149994502620332e-04 1.012187403719711610e-04 3.497830304314359035e-04 0.000000000000000000e+00 -6.819589380651916921e-04 3.876320450399685450e-05 -2.543025782703423423e-04
7.027770667014472325e-04 -1.155360732559033640e-03 6.215883893773784972e-04 -1.314095521116622010e-03 5.099221064565918069e-04 5.413398147111320559e-04 -3.780230228471031248e-04 -5.460436576402681597e-04 -6.819589380651916921e-04 0.000000000000000000e+00 1.111223205652012288e-03 8.082501439648973713e-05
3.621776999419743740e-03 -1.423257263173540507e-03 -4.449636324681432759e-04 3.701284163159017870e-04 -1.235649889656685683e-03 -2.257714167912984590e-04 -1.273289438478151939e-03 6.084531569109702300e-04 3.876320450399685450e-05 1.111223205652012288e-03 0.000000000000000000e+00 8.215145077506767380e-06
-5.671030924689328010e-04 -8.202272214499271136e-05 1.474578803641295047e-04 -3.942583254751084315e-04 1.560026315213097758e-04 9.181904994150172242e-05 -1.783836787754064089e-04 3.454691716186245260e-04 -2.543025782703423423e-04 8.082501439648973713e-05 8.215145077506767380e-06 0.000000000000000000e+00
