0.000000000000000000e+00 1.061202061908363223e-03 2.981897423830527920e-04 3.356113107507990769e-03 1.890744097115624328e-03 2.761740710859671524e-04 7.780598532565922250e-04 1.854252077010115976e-03 5.629383445711748390e-05 -1.769141420476505184e-04 -1.474219806464428578e-03 -1.047721286558618895e-04
1.061202061908363223e-03 0.000000000000000000e+00 4.324627689067392171e-04 -1.636039747133951651e-03 4.808134546943042546e-04 -2.071596708517349484e-04 1.370607473309063524e-04 -2.571526699642775441e-04 9.790780350460185841e-04 -4.222721367788115961e-04 -1.365036156728895297e-03 2.079470124105060468e-04
2.981897423830527920e-04 4.324627689067392171e-04 0.000000000000000000e+00 3.843374460475235187e-04 -7.164928283989445987e-04 2.079935376386416270e-04 -7.028058483809917101e-05 -3.819047317194789072e-05 -3.338449450607162863e-04 4.599244152693249726e-05 -9.666496590151383390e-04 3.419709837594642242e-04
3.356113107507990769e-03 -1.636039747133951651e-03 3.843374460475235187e-04 0.000000000000000000e+00 4.860735111112851918e-04 1.757248915265354641e-05 2.769246629492666368e-05 6.351424793978318684e-04 -1.872360015820895155e-03 -3.217038015424133405e-04 -1.786082135914567043e-05 1.682310074305610722e-04
1.890744097115624328e-03 4.808134546943042546e-04 -7.164928283989445987e-04 4.860735111112851918e-04 0.000000000000000000e+00 -4.316998999438425525e-04 -1.923735852000793632e-04 -2.821008892864033859e-04 -2.855035397099561908e-04 8.189889426955070841e-06 -2.656488666686615346e-04 -3.103172841267893200e-04
2.761740710859671524e-04 -2.071596708517349484e-04 2.079935376386416270e-04 1.757248915265354641e-05 -4.316998999438425525e-04 0.000000000000000000e+00 -1.687213197677724140e-05 2.662453307424591598e-04 -2.566233984489261284e-04 7.161274345571388045e-05 -1.682009362555539290e-04 -2.612927708480818089e-04
7.780598532565922250e-04 1.370607473309063524e-04 -7.028058483809917101e-05 2.769246629492666368e-05 -1.923735852000793632e-04 -1.687213197677724140e-05 0.000000000000000000e+00 3.714778580517187016e-04 4.925228752384444488e-04 1.697351800161847797e-04 7.696456586532767570e-05 -1.984474702577501996e-04
1.854252077010115976e-03 -2.571526699642775441e-04 -3.819047317194789072e-05 6.351424793978318684e-04 -2.821008892864033859e-04 2.662453307424591598e-04 3.714778580517187016e-04 0.000000000000000000e+00 1.257483928996942085e-03 1.775825122208147492e-04 1.043686347506113778e-03 3.016474441574647615e-04
5.629383445711748390e-05 9.790780350460185841e-04 -3.338449450607162863e-04 -1.872360015820895155e-03 -2.855035397099561908e-04 -2.566233984489261284e-04 4.925228752384444488e-04 1.257483928996942085e-03 0.000000000000000000e+00 -1.795124571991291740e-05 1.260922112770616887e-03 6.797069246054651898e-05
-1.769141420476505184e-04 -4.222721367788115961e-04 4.599244152693249726e-05 -3.217038015424133405e-04 8.189889426955070841e-06 7.161274345571388045e-05 1.697351800161847797e-04 1.775825122208147492e-04 -1.795124571991291740e-05 0.000000000000000000e+00 -1.002792741504798498e-03 -4.706620409415169419e-04
-1.474219806464428578e-03 -1.365036156728895297e-03 -9.666496590151383390e-04 -1.786082135914567043e-05 -2.656488666686615346e-04 -1.682009362555539290e-04 7.696456586532767570e-05 1.043686347506113778e-03 1.260922112770616887e-03 -1.002792741504798498e-03 0.000000000000000000e+00 8.123354426772132122e-04
-1.047721286558618895e-04 2.079470124105060468e-04 3.419709837594642242e-04 1.682310074305610722e-04 -3.103172841267893200e-04 -2.612927708480818089e-04 -1.984474702577501996e-04 3.016474441574647615e-04 6.797069246054651898e-05 -4.706620409415169419e-04 8.123354426772132122e-04 0.000000000000000000e+00
