0.000000000000000000e+00 -1.126574682511087555e-03 1.285108646582140343e-04 -6.865964736095531975e-04 2.576423220437195293e-04 -1.075971987368802606e-03 -1.784533610849852727e-03 -2.311026713340382099e-06 -3.036426048492004304e-03 -1.129015530191103861e-04 -9.666827627533908967e-04 -6.557773137429144267e-04
-1.126574682511087555e-03 0.000000000000000000e+00 2.205722638176651573e-04 9.429283499814090832e-04 1.912997244871206043e-04 -5.724265507766997720e-05 8.606501124989201406e-04 4.907820021010417168e-04 4.508451367135362547e-05 -1.296365075894678027e-04 -5.219775962030180193e-04 3.117617743457517165e-04
1.285108646582140343e-04 2.205722638176651573e-04 0.000000000000000000e+00 -2.976883903117137219e-04 -1.914084999512075027e-04 2.796338096870383885e-04 -6.243842323630243742e-05 4.038039143894870298e-04 2.484564108463801720e-04 1.501667702911002888e-05 -1.531501937157749298e-04 -4.078869947027715845e-04
-6.865964736095531975e-04 9.429283499814090832e-04 -2.976883903117137219e-04 0.000000000000000000e+00 -4.640392857035181151e-05 -1.154417671669104236e-04 -2.475964436643701000e-05 -3.142827946813875730e-04 -4.971861314324617495e-04 1.534690266491264452e-04 -6.626901462014395854e-04 2.403182762448962057e-04
2.576423220437195293e-04 1.912997244871206043e-04 -1.914084999512075027e-04 -4.640392857035181151e-05 0.000000000000000000e+00 4.295635185283770761e-04 -4.886926981032562898e-04 -1.734709722545745968e-04 -3.001771892189033998e-04 1.296957945154792976e-04 -5.674054033263891794e-05 6.822804439077000474e-04
-1.075971987368802606e-03 -5.724265507766997720e-05 2.796338096870383885e-04 -1.154417671669104236e-04 4.295635185283770761e-04 0.000000000000000000e+00 6.710339061723152691e-04 -4.903714176603313126e-04 -8.605161256529295479e-04 -3.185655149473010919e-04 2.687451358031235507e-04 2.230178583337406406e-04
-1.784533610849852727e-03 8.606501124989201406e-04 -6.243842323630243742e-05 -2.475964436643701000e-05 -4.886926981032562898e-04 6.710339061723152691e-04 0.000000000000000000e+00 -3.416034436774380528e-04 -2.937225204511429398e-03 -3.783639315062914768e-04 -2.197590867125523428e-03 1.896421316757840141e-03
-2.311026713340382099e-06 4.907820021010417168e-04 4.038039143894870298e-04 -3.142827946813875730e-04 -1.734709722545745968e-04 -4.903714176603313126e-04 -3.416034436774380528e-04 0.000000000000000000e+00 3.214685862936395521e-04 -5.633975049833427800e-04 7.250787184237281538e-04 2.917958214385414487e-04
-3.036426048492004304e-03 4.508451367135362547e-05 2.484564108463801720e-04 -4.971861314324617495e-04 -3.001771892189033998e-04 -8.605161256529295479e-04 -2.937225204511429398e-03 3.214685862936395521e-04 0.000000000000000000e+00 4.802843757114688109e-04 2.042039411431753083e-03 -1.647085499948013391e-04
-1.129015530191103861e-04 -1.296365075894678027e-04 1.501667702911002888e-05 1.534690266491264452e-04 1.296957945154792976e-04 -3.185655149473010919e-04 -3.783639315062914768e-04 -5.633975049833427800e-04 4.802843757114688109e-04 0.000000000000000000e+00 -4.201669335456370905e-04 1.831683105683029730e-04
-9.666827627533908967e-04 -5.219775962030180193e-04 -1.531501937157749298e-04 -6.626901462014395854e-04 -5.674054033263891794e-05 2.687451358031235507e-04 -2.197590867125523428e-03 7.250787184237281538e-04 2.042039411431753083e-03 -4.201669335456370905e-04 0.000000000000000000e+00 6.524054443641092013e-04
-6.557773137429144267e-04 3.117617743457517165e-04 -4.078869947027715845e-04 2.403182762448962057e-04 6.822804439077000474e-04 2.230178583337406406e-04 1.896421316757840141e-03 2.917958214385414487e-04 -1.647085499948013391e-04 1.831683105683029730e-04 6.524054443641092013e-04 0.000000000000000000e+00
