0.000000000000000000e+00 3.865770686101229901e-04 1.264435269126896501e-04 5.248665535773161745e-04 -1.106741024170021948e-03 -8.929422610285909709e-04 1.330450831882203262e-03 -3.253132317566629944e-04 -4.523945070773910957e-04 3.440648838573656513e-05 9.867895132088079849e-04 5.272577949100421381e-04
3.865770686101229901e-04 0.000000000000000000e+00 -4.969870162114517270e-05 4.882253647755798137e-04 6.057042060606466138e-04 3.127547805962424239e-04 -1.626027387771666931e-04 2.451813687122120439e-04 -1.850461268153446139e-03 5.853968796262797643e-05 3.301972201091206102e-04 -4.201902395867590967e-04
1.264435269126896501e-04 -4.969870162114517270e-05 0.000000000000000000e+00 5.247192676412393460e-04 -5.568615017001198638e-05 2.590022397249501073e-04 -1.110913825875654154e-03 -4.104208642308081645e-04 5.114230384539190846e-04 2.233489099340776342e-04 6.889456253425541585e-04 2.725659937457770767e-04
5.248665535773161745e-04 4.882253647755798137e-04 5.247192676412393460e-04 0.000000000000000000e+00 -8.006892611445602312e-04 -3.004095183275524655e-05 1.322023021445889847e-03 6.992867347228508366e-04 -1.826822302491872994e-03 -4.420497364924701247e-06 8.541576561278068453e-04 1.802967458704109085e-04
-1.106741024170021948e-03 6.057042060606466138e-04 -5.568615017001198638e-05 -8.006892611445602312e-04 0.000000000000000000e+00 3.135503060399879530e-04 -7.867867409999346282e-04 4.436636037159894831e-04 -8.003552832839299410e-04 1.216708771353881450e-04 3.120230855809007415e-04 3.887586730111898623e-04
-8.929422610285909709e-04 3.127547805962424239e-04 2.590022397249501073e-04 -3.004095183275524655e-05 3.135503060399879530e-04 0.000000000000000000e+00 -1.902536251205329569e-03 2.803605802473141785e-04 -6.475090453176671505e-04 3.050707674946863531e-04 -4.958557963678498267e-04 -5.042266131368246035e-04
1.330450831882203262e-03 -1.626027387771666931e-04 -1.110913825875654154e-03 1.322023021445889847e-03 -7.867867409999346282e-04 -1.902536251205329569e-03 0.000000000000000000e+00 -8.839607996557238400e-04 2.875159701051886209e-03 7.050170561451436313e-05 -1.290001989470402352e-03 -5.099746245409400754e-04
-3.253132317566629944e-04 2.451813687122120439e-04 -4.104208642308081645e-04 6.992867347228508366e-04 4.436636037159894831e-04 2.803605802473141785e-04 -8.839607996557238400e-04 0.000000000000000000e+00 -1.644954406121152670e-03 -2.707417785687704507e-04 -3.227047567307985668e-04 -3.274577289193791397e-04
-4.523945070773910957e-04 -1.850461268153446139e-03 5.114230384539190846e-04 -1.826822302491872994e-03 -8.003552832839299410e-04 -6.475090453176671505e-04 2.875159701051886209e-03 -1.644954406121152670e-03 0.000000000000000000e+00 1.074762562110319602e-03 -4.703607548747630292e-04 2.725227126939344915e-05
3.440648838573656513e-05 5.853968796262797643e-05 2.233489099340776342e-04 -4.420497364924701247e-06 1.216708771353881450e-04 3.050707674946863531e-04 7.050170561451436313e-05 -2.707417785687704507e-04 1.074762562110319602e-03 0.000000000000000000e+00 5.242435174864331282e-04 -6.571474845363750139e-05
9.867895132088079849e-04 3.301972201091206102e-04 6.889456253425541585e-04 8.541576561278068453e-04 3.120230855809007415e-04 -4.958557963678498267e-04 -1.290001989470402352e-03 -3.227047567307985668e-04 -4.703607548747630292e-04 5.242435174864331282e-04 0.000000000000000000e+00 3.033872940828430460e-05
5.272577949100421381e-04 -4.201902395867590967e-04 2.725659937457770767e-04 1.802967458704109085e-04 3.887586730111898623e-04 -5.042266131368246035e-04 -5.099746245409400754e-04 -3.274577289193791397e-04 2.725227126939344915e-05 -6.571474845363750139e-05 3.033872940828430460e-05 0.000000000000000000e+00
