0.000000000000000000e+00 -5.753378264809701258e-04 -1.342645110472988129e-04 -1.793964224079727101e-03 7.684983597038134474e-04 -4.553737983805241458e-04 -2.037099718028660082e-03 1.673276557765709721e-03 9.805217071524366911e-04 -9.720391805282563606e-04 -2.502822961928967069e-04 5.470784554374652974e-04
-5.753378264809701258e-04 0.000000000000000000e+00 1.642332963270312022e-04 -6.416719272717532133e-04 4.750703058499461894e-04 5.694989308954469774e-04 1.324449839497222501e-03 -5.729110652838182317e-04 4.391358284905076464e-04 -3.047066731462041078e-04 1.579572435953795911e-04 -2.677174872123006671e-04
-1.342645110472988129e-04 1.642332963270312022e-04 0.000000000000000000e+00 3.116763727431918780e-04 -1.003195311858313092e-04 2.618796853520812841e-05 7.905643799919450298e-04 -9.648079373095440065e-05 9.740648893101860558e-05 -5.340471111673360293e-04 -1.652109702064390924e-05 2.242399820345775368e-04
-1.793964224079727101e-03 -6.416719272717532133e-04 3.116763727431918780e-04 0.000000000000000000e+00 -1.164707018872543327e-04 3.500677632223601161e-04 1.877154507752716844e-04 -4.795274268696503501e-04 -1.766508722376075591e-03 -1.599953995351145351e-04 -1.079724534197509583e-03 8.401607166869743673e-04
7.684983597038134474e-04 4.750703058499461894e-04 -1.003195311858313092e-04 -1.164707018872543327e-04 0.000000000000000000e+00 1.673635266288425749e-04 2.815607947265196540e-04 3.503113001822476171e-04 3.365337986788281767e-04 1.876419055558530154e-04 -9.955968422676903396e-05 -3.727850875269981710e-04
-4.553737983805241458e-04 5.694989308954469774e-04 2.618796853520812841e-05 3.500677632223601161e-04 1.673635266288425749e-04 0.000000000000000000e+00 5.914291386498027716e-04 1.981552411234565854e-04 -7.563685027455689094e-04 -3.362620325782173457e-04 2.448509607526849912e-05 -1.934873105247617193e-04
-2.037099718028660082e-03 1.324449839497222501e-03 7.905643799919450298e-04 1.877154507752716844e-04 2.815607947265196540e-04 5.914291386498027716e-04 0.000000000000000000e+00 8.422559289642599328e-05 1.976603482633570216e-03 -8.361811153345339925e-04 5.014157345514051170e-04 -1.143065192527138296e-03
1.673276557765709721e-03 -5.729110652838182317e-04 -9.648079373095440065e-05 -4.795274268696503501e-04 3.503113001822476171e-04 1.981552411234565854e-04 8.422559289642599328e-05 0.000000000000000000e+00 9.747079037645882361e-04 -6.475596015300027000e-04 -9.983801843093393757e-04 -7.008244288229512802e-04
9.805217071524366911e-04 4.391358284905076464e-04 9.740648893101860558e-05 -1.766508722376075591e-03 3.365337986788281767e-04 -7.563685027455689094e-04 1.976603482633570216e-03 9.747079037645882361e-04 0.000000000000000000e+00 4.655780304286194970e-04 -1.289674896493767228e-03 -1.414835233992096453e-03
-9.720391805282563606e-04 -3.047066731462041078e-04 -5.340471111673360293e-04 -1.599953995351145351e-04 1.876419055558530154e-04 -3.362620325782173457e-04 -8.361811153345339925e-04 -6.475596015300027000e-04 4.655780304286194970e-04 0.000000000000000000e+00 4.287999364970753618e-04 5.369402152611235885e-05
-2.502822961928967069e-04 1.579572435953795911e-04 -1.652109702064390924e-05 -1.079724534197509583e-03 -9.955968422676903396e-05 2.448509607526849912e-05 5.014157345514051170e-04 -9.983801843093393757e-04 -1.289674896493767228e-03 4.287999364970753618e-04 0.000000000000000000e+00 8.060026657466885433e-05
5.470784554374652974e-04 -2.677174872123006671e-04 2.242399820345775368e-04 8.401607166869743673e-04 -3.727850875269981710e-04 -1.934873105247617193e-04 -1.143065192527138296e-03 -7.008244288229512802e-04 -1.414835233992096453e-03 5.369402152611235885e-05 8.060026657466885433e-05 0.000000000000000000e+00
