0.000000000000000000e+00 -1.276494003759169171e-03 -5.492863293755827561e-04 -8.310956039213922893e-04 -7.299319272982498661e-04 9.574228817717842877e-05 2.731462106997958276e-03 5.658265017981189667e-04 7.208062727028230476e-04 9.916284505392298793e-04 -1.915595060527263294e-03 -8.628532942521876256e-04
-1.276494003759169171e-03 0.000000000000000000e+00 -5.393333675210888875e-04 8.829915164410701012e-04 3.988566991436678769e-04 2.618454082398616995e-04 -1.610642755132569992e-03 9.031801760726747329e-04 1.286503712404005835e-03 -1.674931473018350942e-04 3.505397205730060206e-04 4.226997308508483189e-05
-5.492863293755827561e-04 -5.393333675210888875e-04 0.000000000000000000e+00 2.993625635465687424e-04 -1.085901663696638158e-04 2.670397776979894513e-04 2.960674349655257383e-04 3.562118563829687118e-04 -9.067484871852462191e-04 -1.281420794401147856e-04 1.440216653610711800e-04 -1.235172747290613760e-04
-8.310956039213922893e-04 8.829915164410701012e-04 2.993625635465687424e-04 0.000000000000000000e+00 -4.370871638541405538e-04 1.622805200216988501e-04 -1.621710089211499681e-03 5.157414914538336909e-04 1.691606493931320987e-03 4.129790562998288984e-04 -4.468921586546558767e-04 -6.772028637173907018e-06
-7.299319272982498661e-04 3.988566991436678769e-04 -1.085901663696638158e-04 -4.370871638541405538e-04 0.000000000000000000e+00 -1.054856854740705011e-04 -4.469884308062606706e-04 4.156900207688802944e-04 -1.594070342630873275e-03 -3.440457839995218411e-04 1.214408104829234938e-04 -2.572332578746300649e-04
9.574228817717842877e-05 2.618454082398616995e-04 2.670397776979894513e-04 1.622805200216988501e-04 -1.054856854740705011e-04 0.000000000000000000e+00 1.884852377423051266e-04 6.862340259319849424e-04 -6.719050590519646919e-04 -2.421972264628547949e-05 -2.538414406550374000e-04 -4.210506854898745147e-04
2.731462106997958276e-03 -1.610642755132569992e-03 2.960674349655257383e-04 -1.621710089211499681e-03 -4.469884308062606706e-04 1.884852377423051266e-04 0.000000000000000000e+00 1.417708772481365061e-03 2.822670376347785615e-03 -1.512222491259629462e-03 1.842800348499460100e-03 -6.301997335108495144e-04
5.658265017981189667e-04 9.031801760726747329e-04 3.562118563829687118e-04 5.157414914538336909e-04 4.156900207688802944e-04 6.862340259319849424e-04 1.417708772481365061e-03 0.000000000000000000e+00 6.449952620900066937e-04 -6.191645002364312266e-04 -6.745863181242777026e-04 -8.305147283066588481e-05
7.208062727028230476e-04 1.286503712404005835e-03 -9.067484871852462191e-04 1.691606493931320987e-03 -1.594070342630873275e-03 -6.719050590519646919e-04 2.822670376347785615e-03 6.449952620900066937e-04 0.000000000000000000e+00 -7.039754723117627472e-04 1.648354200709575574e-03 1.416661449877161180e-03
9.916284505392298793e-04 -1.674931473018350942e-04 -1.281420794401147856e-04 4.129790562998288984e-04 -3.440457839995218411e-04 -2.421972264628547949e-05 -1.512222491259629462e-03 -6.191645002364312266e-04 -7.039754723117627472e-04 0.000000000000000000e+00 -4.645948631608714228e-04 -1.128325038652872687e-04
-1.915595060527263294e-03 3.505397205730060206e-04 1.440216653610711800e-04 -4.468921586546558767e-04 1.214408104829234938e-04 -2.538414406550374000e-04 1.842800348499460100e-03 -6.745863181242777026e-04 1.648354200709575574e-03 -4.645948631608714228e-04 0.000000000000000000e+00 -5.631081146112228457e-04
-8.628532942521876256e-04 4.226997308508483189e-05 -1.235172747290613760e-04 -6.772028637173907018e-06 -2.572332578746300649e-04 -4.210506854898745147e-04 -6.301997335108495144e-04 -8.305147283066588481e-05 1.416661449877161180e-03 -1.128325038652872687e-04 -5.631081146112228457e-04 0.000000000000000000e+00
