0.000000000000000000e+00 1.001377668597658484e-03 1.206876912680417309e-03 4.405589875851136962e-04 -1.975693400026020329e-04 -9.120455947857211091e-04 1.886120477734971402e-03 2.087971157260198451e-03 2.445839260363979074e-03 4.965224362226732186e-04 2.266735769122273981e-04 4.167327596764835106e-04
1.001377668597658484e-03 0.000000000000000000e+00 3.215912331869596281e-04 7.969224541340356452e-04 -2.315289439310298802e-04 5.790627750445534721e-04 -3.663844772827807151e-04 4.363288674670781370e-04 1.789526656546005547e-03 3.851212687966955556e-04 -8.135216528039253834e-04 -6.036755316011721903e-05
1.206876912680417309e-03 3.215912331869596281e-04 0.000000000000000000e+00 -6.275231153138222410e-04 1.651718337923555068e-04 -2.354669389206347479e-04 -9.467331416365178933e-04 -1.420236765199167119e-04 9.052148808946819565e-04 -2.078132285601913326e-04 1.661524604827562530e-05 4.770360126954316382e-04
4.405589875851136962e-04 7.969224541340356452e-04 -6.275231153138222410e-04 0.000000000000000000e+00 1.560487367900322724e-04 2.569980381675400732e-04 -6.486368946331828172e-04 -4.313526632934696009e-04 -7.066942395853093896e-04 7.078778107801098106e-04 -5.313591192657217757e-04 3.012190294187192278e-04
-1.975693400026020329e-04 -2.315289439310298802e-04 1.651718337923555068e-04 1.560487367900322724e-04 0.000000000000000000e+00 4.618323504377657937e-04 2.292277707546543607e-04 5.187746903700417907e-04 -6.564310939651938519e-05 1.845832398905438083e-04 -2.007014283052233885e-04 -3.324470697500347244e-04
-9.120455947857211091e-04 5.790627750445534721e-04 -2.354669389206347479e-04 2.569980381675400732e-04 4.618323504377657937e-04 0.000000000000000000e+00 1.022280612495303612e-04 -2.752901835713235357e-04 9.516054743362556108e-04 2.397973521346197299e-04 7.042662979217104635e-04 9.766176067906258472e-05
1.886120477734971402e-03 -3.663844772827807151e-04 -9.467331416365178933e-04 -6.486368946331828172e-04 2.292277707546543607e-04 1.022280612495303612e-04 0.000000000000000000e+00 3.406233058502198142e-03 -2.777388090475614840e-03 1.062457749080376228e-03 2.161313237927954946e-04 -6.834960902315607382e-04
2.087971157260198451e-03 4.363288674670781370e-04 -1.420236765199167119e-04 -4.313526632934696009e-04 5.187746903700417907e-04 -2.752901835713235357e-04 3.406233058502198142e-03 0.000000000000000000e+00 -1.117273451952866198e-03 1.865169701225281688e-04 -2.994132116290115168e-04 -2.366945623954349849e-04
2.445839260363979074e-03 1.789526656546005547e-03 9.052148808946819565e-04 -7.066942395853093896e-04 -6.564310939651938519e-05 9.516054743362556108e-04 -2.777388090475614840e-03 -1.117273451952866198e-03 0.000000000000000000e+00 -4.339495271910840161e-04 1.643275679670706899e-03 -1.589231525370088556e-03
4.965224362226732186e-04 3.851212687966955556e-04 -2.078132285601913326e-04 7.078778107801098106e-04 1.845832398905438083e-04 2.397973521346197299e-04 1.062457749080376228e-03 1.865169701225281688e-04 -4.339495271910840161e-04 0.000000000000000000e+00 5.330780279832098055e-04 -1.225850058306072706e-04
2.266735769122273981e-04 -8.135216528039253834e-04 1.661524604827562530e-05 -5.313591192657217757e-04 -2.007014283052233885e-04 7.042662979217104635e-04 2.161313237927954946e-04 -2.994132116290115168e-04 1.643275679670706899e-03 5.330780279832098055e-04 0.000000000000000000e+00 6.436289959148051984e-04
4.167327596764835106e-04 -6.036755316011721903e-05 4.770360126954316382e-04 3.012190294187192278e-04 -3.324470697500347244e-04 9.766176067906258472e-05 -6.834960902315607382e-04 -2.366945623954349849e-04 -1.589231525370088556e-03 -1.225850058306072706e-04 6.436289959148051984e-04 0.000000000000000000e+00
