0.000000000000000000e+00 -4.976547232659385032e-04 3.338909622330838919e-04 -1.610342853058367393e-04 -5.749782013705220600e-05 5.037262743302655570e-04 -2.303655506148672392e-03 -9.289875014999602536e-05 1.034715090077022734e-03 6.333243038414790999e-04 -1.297010386972877215e-04 2.059142144848458936e-04
-4.976547232659385032e-04 0.000000000000000000e+00 -8.113327327617180331e-05 -5.902614545156144006e-04 -3.991505488096806146e-04 1.491116920997088936e-03 1.747760540698298963e-03 1.817111608313806117e-04 -1.619179138725175386e-04 7.994892517963787934e-04 -8.628258630017299809e-04 1.747761687689545628e-04
3.338909622330838919e-04 -8.113327327617180331e-05 0.000000000000000000e+00 -9.652306048767785203e-05 -1.912064729173364749e-04 -7.714553606331496375e-04 4.706521722216968164e-04 -4.181305881379271435e-06 -4.722167192082721678e-04 6.881055583266345449e-04 -5.985530256422112684e-04 2.364811608229992334e-04
-1.610342853058367393e-04 -5.902614545156144006e-04 -9.652306048767785203e-05 0.000000000000000000e+00 3.365824573458939413e-04 -6.441344923988169069e-04 5.472479327472508023e-04 4.529722339365306008e-05 4.025066465574816108e-04 -4.097543379109129763e-04 -7.264268130644329063e-04 4.081016407217162578e-04
-5.749782013705220600e-05 -3.991505488096806146e-04 -1.912064729173364749e-04 3.365824573458939413e-04 0.000000000000000000e+00 -1.501275032574144819e-04 -1.360069934864266503e-03 -8.111035711570730019e-04 -5.095602372950159328e-04 -1.065566704413966687e-04 -1.117005598313384096e-04 2.880893538596850968e-04
5.037262743302655570e-04 1.491116920997088936e-03 -7.714553606331496375e-04 -6.441344923988169069e-04 -1.501275032574144819e-04 0.000000000000000000e+00 6.001789073988814420e-04 5.769240846139898947e-04 -1.818127868402818407e-04 -4.476563789124500255e-04 -1.444206330459706870e-03 8.949173994037009326e-04
-2.303655506148672392e-03 1.747760540698298963e-03 4.706521722216968164e-04 5.472479327472508023e-04 -1.360069934864266503e-03 6.001789073988814420e-04 0.000000000000000000e+00 6.444005999995542960e-05 1.800830504539734653e-03 -9.763396757721557948e-05 -4.206318565685974314e-03 -6.317642076938291941e-04
-9.289875014999602536e-05 1.817111608313806117e-04 -4.181305881379271435e-06 4.529722339365306008e-05 -8.111035711570730019e-04 5.769240846139898947e-04 6.444005999995542960e-05 0.000000000000000000e+00 4.019835498643808784e-04 -1.413893442508596277e-04 1.271132156672130468e-03 6.833389565242387444e-04
1.034715090077022734e-03 -1.619179138725175386e-04 -4.722167192082721678e-04 4.025066465574816108e-04 -5.095602372950159328e-04 -1.818127868402818407e-04 1.800830504539734653e-03 4.019835498643808784e-04 0.000000000000000000e+00 -6.480424919750603406e-04 5.446455481207963236e-04 4.068512313955853759e-04
6.333243038414790999e-04 7.994892517963787934e-04 6.881055583266345449e-04 -4.097543379109129763e-04 -1.065566704413966687e-04 -4.476563789124500255e-04 -9.763396757721557948e-05 -1.413893442508596277e-04 -6.480424919750603406e-04 0.000000000000000000e+00 -1.204273868293952480e-04 6.677885058462386999e-05
-1.297010386972877215e-04 -8.628258630017299809e-04 -5.985530256422112684e-04 -7.264268130644329063e-04 -1.117005598313384096e-04 -1.444206330459706870e-03 -4.206318565685974314e-03 1.271132156672130468e-03 5.446455481207963236e-04 -1.204273868293952480e-04 0.000000000000000000e+00 8.981372937516467290e-04
2.059142144848458936e-04 1.747761687689545628e-04 2.364811608229992334e-04 4.081016407217162578e-04 2.880893538596850968e-04 8.949173994037009326e-04 -6.317642076938291941e-04 6.833389565242387444e-04 4.068512313955853759e-04 6.677885058462386999e-05 8.981372937516467290e-04 0.000000000000000000e+00
