0.000000000000000000e+00 4.990783713378900378e-04 -3.303065410314119914e-04 5.274081803922163990e-04 8.471940786741398281e-05 -4.259047024791082561e-04 -1.154073588162461477e-03 5.323639672917092943e-04 1.626014519827877420e-03 4.709302707318937641e-04 2.010696842219805421e-04 2.399561305885990886e-04
4.990783713378900378e-04 0.000000000000000000e+00 -1.274028511401745190e-04 2.875090232591382420e-04 -6.999417844835464139e-04 4.255283637509988271e-04 -8.886775515464538427e-04 -1.732650019061594772e-04 -2.919311538488315091e-04 -5.967556292531461457e-04 -2.117554304281410189e-03 3.523279071157198227e-04
-3.303065410314119914e-04 -1.274028511401745190e-04 0.000000000000000000e+00 -6.649421691005471407e-05 4.436137098888888659e-04 -4.238782358101228758e-04 -7.009440194954894270e-04 3.340586670157481147e-04 -5.298896134328681630e-04 3.015352433578670803e-04 -4.536300193747583136e-04 4.480163106575173171e-04
5.274081803922163990e-04 2.875090232591382420e-04 -6.649421691005471407e-05 0.000000000000000000e+00 1.270569986742943686e-04 -4.680204184609142843e-04 1.720444426843819414e-03 -2.046720069383476911e-04 8.539036837982110200e-04 6.958875773424793394e-04 -6.869236970252025126e-04 -6.818878344289872225e-05
8.471940786741398281e-05 -6.999417844835464139e-04 4.436137098888888659e-04 1.270569986742943686e-04 0.000000000000000000e+00 -3.381885643992419777e-04 6.453196519338008814e-04 3.781390659206663790e-04 -7.092443086808150002e-04 -1.155382529188561913e-04 -1.198480587141169509e-04 -2.741582379738487295e-04
-4.259047024791082561e-04 4.255283637509988271e-04 -4.238782358101228758e-04 -4.680204184609142843e-04 -3.381885643992419777e-04 0.000000000000000000e+00 -1.124697581833960158e-03 5.686005612885786011e-04 -1.661030235043724581e-04 1.558747806070128698e-03 3.655270123155802357e-04 5.617802186476777678e-04
-1.154073588162461477e-03 -8.886775515464538427e-04 -7.009440194954894270e-04 1.720444426843819414e-03 6.453196519338008814e-04 -1.124697581833960158e-03 0.000000000000000000e+00 -1.306467214057131353e-03 -2.900845204553617737e-04 -3.680669979403770452e-04 2.853295972673966160e-03 1.546247740527805252e-03
5.323639672917092943e-04 -1.732650019061594772e-04 3.340586670157481147e-04 -2.046720069383476911e-04 3.781390659206663790e-04 5.686005612885786011e-04 -1.306467214057131353e-03 0.000000000000000000e+00 -7.771110855286271837e-04 -2.250466553886580439e-04 -2.848960330175132343e-04 -3.703420902048374817e-04
1.626014519827877420e-03 -2.919311538488315091e-04 -5.298896134328681630e-04 8.539036837982110200e-04 -7.092443086808150002e-04 -1.661030235043724581e-04 -2.900845204553617737e-04 -7.771110855286271837e-04 0.000000000000000000e+00 2.780283310337499335e-04 -8.792222897401576805e-04 5.310250844044145206e-04
4.709302707318937641e-04 -5.967556292531461457e-04 3.015352433578670803e-04 6.958875773424793394e-04 -1.155382529188561913e-04 1.558747806070128698e-03 -3.680669979403770452e-04 -2.250466553886580439e-04 2.780283310337499335e-04 0.000000000000000000e+00 1.189501595803678455e-03 -5.768879254530748452e-04
2.010696842219805421e-04 -2.117554304281410189e-03 -4.536300193747583136e-04 -6.869236970252025126e-04 -1.198480587141169509e-04 3.655270123155802357e-04 2.853295972673966160e-03 -2.848960330175132343e-04 -8.792222897401576805e-04 1.189501595803678455e-03 0.000000000000000000e+00 1.082079911950199064e-03
2.399561305885990886e-04 3.523279071157198227e-04 4.480163106575173171e-04 -6.818878344289872225e-05 -2.741582379738487295e-04 5.617802186476777678e-04 1.546247740527805252e-03 -3.703420902048374817e-04 5.310250844044145206e-04 -5.768879254530748452e-04 1.082079911950199064e-03 0.000000000000000000e+00
