0.000000000000000000e+00 -2.723660163696856235e-04 -5.691824854968313219e-04 -9.977890652527611590e-05 -7.327118988155402642e-04 1.486226911268319264e-03 -1.390213453163352281e-03 4.708204133450633044e-04 -8.140881508629134455e-04 -2.179111264386084383e-04 -5.044546944511768940e-04 5.245642819586451670e-04
-2.723660163696856235e-04 0.000000000000000000e+00 3.221816971675345287e-04 -1.999980920463429243e-06 3.931527386819882097e-04 9.231356119266332565e-05 -1.782476014595196431e-03 -5.577445446177874778e-05 8.685170191911957983e-04 4.281546554674476603e-04 -6.656954423008491599e-04 3.985301148487170109e-05
-5.691824854968313219e-04 3.221816971675345287e-04 0.000000000000000000e+00 4.724251074948165462e-05 -2.012220825970943445e-04 -7.302787602950159673e-04 1.074247670055069768e-03 1.179236486936877305e-04 1.239124396804810991e-04 1.993748077716401505e-04 -1.016011222348877036e-04 9.060453652304317250e-07
-9.977890652527611590e-05 -1.999980920463429243e-06 4.724251074948165462e-05 0.000000000000000000e+00 8.263147762511788448e-05 -4.829462798350333944e-04 1.473820973621662060e-03 -5.759016209852499575e-04 1.230427635725173975e-03 -3.092617761497447001e-04 7.370397730386677891e-04 4.637329241168715787e-04
-7.327118988155402642e-04 3.931527386819882097e-04 -2.012220825970943445e-04 8.263147762511788448e-05 0.000000000000000000e+00 1.081226928577812968e-03 -1.077091902161167458e-03 -6.332074487829320378e-04 3.213602194025650175e-05 -4.838516864631664614e-04 -3.364405865014070897e-04 5.364680636546280239e-04
1.486226911268319264e-03 9.231356119266332565e-05 -7.302787602950159673e-04 -4.829462798350333944e-04 1.081226928577812968e-03 0.000000000000000000e+00 -1.750622287397039832e-03 -9.919477823144141719e-04 1.439943000936599491e-03 -2.224386855150167004e-04 2.108263778471357233e-03 -1.073496603901952923e-03
-1.390213453163352281e-03 -1.782476014595196431e-03 1.074247670055069768e-03 1.473820973621662060e-03 -1.077091902161167458e-03 -1.750622287397039832e-03 0.000000000000000000e+00 3.379327116000257472e-04 1.997454156772252801e-03 -5.237416529053095550e-04 -2.763069049056371754e-03 -1.497087985987063398e-04
4.708204133450633044e-04 -5.577445446177874778e-05 1.179236486936877305e-04 -5.759016209852499575e-04 -6.332074487829320378e-04 -9.919477823144141719e-04 3.379327116000257472e-04 0.000000000000000000e+00 5.256072872450409965e-04 -4.157960793509476484e-05 -2.144696605694557524e-04 -2.345004321968261602e-04
-8.140881508629134455e-04 8.685170191911957983e-04 1.239124396804810991e-04 1.230427635725173975e-03 3.213602194025650175e-05 1.439943000936599491e-03 1.997454156772252801e-03 5.256072872450409965e-04 0.000000000000000000e+00 4.177340727181093750e-04 -3.365593468222235021e-04 -4.245993068014610860e-04
-2.179111264386084383e-04 4.281546554674476603e-04 1.993748077716401505e-04 -3.092617761497447001e-04 -4.838516864631664614e-04 -2.224386855150167004e-04 -5.237416529053095550e-04 -4.157960793509476484e-05 4.177340727181093750e-04 0.000000000000000000e+00 -1.210372950270152692e-04 2.904623377010752319e-04
-5.044546944511768940e-04 -6.656954423008491599e-04 -1.016011222348877036e-04 7.370397730386677891e-04 -3.364405865014070897e-04 2.108263778471357233e-03 -2.763069049056371754e-03 -2.144696605694557524e-04 -3.365593468222235021e-04 -1.210372950270152692e-04 0.000000000000000000e+00 -3.252300577860545074e-04
5.245642819586451670e-04 3.985301148487170109e-05 9.060453652304317250e-07 4.637329241168715787e-04 5.364680636546280239e-04 -1.073496603901952923e-03 -1.497087985987063398e-04 -2.345004321968261602e-04 -4.245993068014610860e-04 2.904623377010752319e-04 -3.252300577860545074e-04 0.000000000000000000e+00
