0.000000000000000000e+00 -2.677591169725259670e-04 -4.244895743721851839e-04 -2.139367317716640089e-04 -7.280413029434901900e-04 1.510168254489479720e-03 1.165456448467737599e-03 6.591229711551634173e-05 -2.467702424928356502e-04 4.964852556963550000e-04 1.077713815384722090e-03 3.060344728948267089e-04
-2.677591169725259670e-04 0.000000000000000000e+00 3.603395394774012214e-05 4.401589028437961535e-04 -8.657620244919094865e-05 6.278528956101250488e-04 -1.399090311888502407e-03 1.297940397600986671e-04 -1.591552190370554374e-04 3.032807343109104341e-05 6.900913759299287780e-04 -5.719810048392655420e-04
-4.244895743721851839e-04 3.603395394774012214e-05 0.000000000000000000e+00 -2.025938753448354240e-04 3.630721309253959954e-04 1.053314429242716260e-04 -2.946132539113895739e-04 2.430337269072601220e-05 -1.395292698396778089e-04 3.713880428534837306e-04 -4.591561230617783847e-04 2.469737393667271260e-04
-2.139367317716640089e-04 4.401589028437961535e-04 -2.025938753448354240e-04 0.000000000000000000e+00 2.596222353034521673e-04 -2.278362655038671609e-05 1.839819530210756292e-03 3.635161444240865482e-04 7.442208783624696452e-04 -2.338240201943509551e-04 1.070606444595637258e-04 -2.636155536067692892e-04
-7.280413029434901900e-04 -8.657620244919094865e-05 3.630721309253959954e-04 2.596222353034521673e-04 0.000000000000000000e+00 7.002507578197733227e-04 1.080835350451458260e-03 7.605398817319137096e-05 4.309364226143985364e-04 -3.305254181335060340e-04 1.875340778761550985e-03 -6.552016813737885991e-07
1.510168254489479720e-03 6.278528956101250488e-04 1.053314429242716260e-04 -2.278362655038671609e-05 7.002507578197733227e-04 0.000000000000000000e+00 -3.910655584836370165e-03 3.592707275255792982e-04 1.670318874434621346e-03 -7.740310256201619193e-04 1.265910392078386116e-03 9.794856963418897399e-04
1.165456448467737599e-03 -1.399090311888502407e-03 -2.946132539113895739e-04 1.839819530210756292e-03 1.080835350451458260e-03 -3.910655584836370165e-03 0.000000000000000000e+00 5.103274959271486121e-04 4.876155223895592352e-04 2.008010537318643315e-03 1.227730111291949625e-03 -4.693021739713408060e-05
6.591229711551634173e-05 1.297940397600986671e-04 2.430337269072601220e-05 3.635161444240865482e-04 7.605398817319137096e-05 3.592707275255792982e-04 5.103274959271486121e-04 0.000000000000000000e+00 5.059866459128358482e-04 9.202715746961166894e-05 -1.197550947282853421e-03 -1.498009098988672086e-05
-2.467702424928356502e-04 -1.591552190370554374e-04 -1.395292698396778089e-04 7.442208783624696452e-04 4.309364226143985364e-04 1.670318874434621346e-03 4.876155223895592352e-04 5.059866459128358482e-04 0.000000000000000000e+00 -4.470072852694873108e-04 -4.603584393903998912e-04 9.755215895231662045e-04
4.964852556963550000e-04 3.032807343109104341e-05 3.713880428534837306e-04 -2.338240201943509551e-04 -3.305254181335060340e-04 -7.740310256201619193e-04 2.008010537318643315e-03 9.202715746961166894e-05 -4.470072852694873108e-04 0.000000000000000000e+00 -4.543622629899839410e-04 4.481339860065690632e-04
1.077713815384722090e-03 6.900913759299287780e-04 -4.591561230617783847e-04 1.070606444595637258e-04 1.875340778761550985e-03 1.265910392078386116e-03 1.227730111291949625e-03 -1.197550947282853421e-03 -4.603584393903998912e-04 -4.543622629899839410e-04 0.000000000000000000e+00 -1.064049603716559888e-03
3.060344728948267089e-04 -5.719810048392655420e-04 2.469737393667271260e-04 -2.636155536067692892e-04 -6.552016813737885991e-07 9.794856963418897399e-04 -4.693021739713408060e-05 -1.498009098988672086e-05 9.755215895231662045e-04 4.481339860065690632e-04 -1.064049603716559888e-03 0.000000000000000000e+00
