0.000000000000000000e+00 -6.643413651352042320e-04 5.254210164551643622e-04 6.065238305138702206e-04 2.851714742707201064e-04 -4.421338510940761731e-04 -7.194608559495936466e-04 2.842595208647096501e-05 2.283677010125917698e-04 -6.126655250148494965e-04 -1.564815004437718204e-03 -1.666099076822220989e-04
-6.643413651352042320e-04 0.000000000000000000e+00 7.054898173910801760e-04 -3.043000335580062243e-04 -7.217386914789200017e-04 1.092400711507963322e-03 1.267873199368785894e-04 -9.319126904828752402e-05 -6.088847250451743642e-04 3.156874759864931553e-04 -3.339355173478668511e-04 2.672482638010202942e-04
5.254210164551643622e-04 7.054898173910801760e-04 0.000000000000000000e+00 4.090369958636748274e-04 5.398234164221017012e-04 8.191518830419157980e-04 6.903532691643250469e-04 4.573991280417770400e-04 -2.538841871506223214e-04 -4.170131600625798219e-04 -8.903371149080834251e-04 -5.937951404264084598e-06
6.065238305138702206e-04 -3.043000335580062243e-04 4.090369958636748274e-04 0.000000000000000000e+00 -1.125251275571222652e-04 1.319359386436991764e-03 -6.255810597466633996e-04 -6.910658030990809823e-04 3.637320169521985084e-04 3.365574979550788872e-04 -4.025072150616975362e-04 -4.755965719386218474e-04
2.851714742707201064e-04 -7.217386914789200017e-04 5.398234164221017012e-04 -1.125251275571222652e-04 0.000000000000000000e+00 2.643928365816627891e-04 -1.196862053760312751e-03 5.268306210619460076e-06 1.209653498384878547e-04 2.379588160443873180e-05 1.441747105184842991e-03 4.903325168497775022e-04
-4.421338510940761731e-04 1.092400711507963322e-03 8.191518830419157980e-04 1.319359386436991764e-03 2.643928365816627891e-04 0.000000000000000000e+00 -5.196102686467498727e-05 -5.380088417887736452e-04 -1.179996506329087378e-03 -1.080659474905819838e-03 2.988881286200615814e-03 -1.491095550453161846e-04
-7.194608559495936466e-04 1.267873199368785894e-04 6.903532691643250469e-04 -6.255810597466633996e-04 -1.196862053760312751e-03 -5.196102686467498727e-05 0.000000000000000000e+00 5.916383893570737254e-04 -1.568386327138304899e-03 6.686172031408404041e-06 3.726281886579310958e-03 -1.537463463599823875e-03
2.842595208647096501e-05 -9.319126904828752402e-05 4.573991280417770400e-04 -6.910658030990809823e-04 5.268306210619460076e-06 -5.380088417887736452e-04 5.916383893570737254e-04 0.000000000000000000e+00 -7.731286096821383133e-04 -3.108644355476965931e-04 -6.296131531709879417e-04 -4.304551292626662153e-04
2.283677010125917698e-04 -6.088847250451743642e-04 -2.538841871506223214e-04 3.637320169521985084e-04 1.209653498384878547e-04 -1.179996506329087378e-03 -1.568386327138304899e-03 -7.731286096821383133e-04 0.000000000000000000e+00 -2.779116997757968680e-04 -9.994013157024310163e-04 -1.104994994450575908e-03
-6.126655250148494965e-04 3.156874759864931553e-04 -4.170131600625798219e-04 3.365574979550788872e-04 2.379588160443873180e-05 -1.080659474905819838e-03 6.686172031408404041e-06 -3.108644355476965931e-04 -2.779116997757968680e-04 0.000000000000000000e+00 -3.345436937041421695e-04 3.505857266795785361e-04
-1.564815004437718204e-03 -3.339355173478668511e-04 -8.903371149080834251e-04 -4.025072150616975362e-04 1.441747105184842991e-03 2.988881286200615814e-03 3.726281886579310958e-03 -6.296131531709879417e-04 -9.994013157024310163e-04 -3.345436937041421695e-04 0.000000000000000000e+00 -9.148085846392114192e-04
-1.666099076822220989e-04 2.672482638010202942e-04 -5.937951404264084598e-06 -4.755965719386218474e-04 4.903325168497775022e-04 -1.491095550453161846e-04 -1.537463463599823875e-03 -4.304551292626662153e-04 -1.104994994450575908e-03 3.505857266795785361e-04 -9.148085846392114192e-04 0.000000000000000000e+00
