0.000000000000000000e+00 6.594145953829154874e-06 6.267419563432879764e-04 -7.027780486012127209e-04 3.858553688497461001e-04 -1.989673193884648750e-04 -2.302590601043851383e-04 -1.241689987722881488e-04 1.204042120972334678e-05 7.642946672556480848e-04 3.950754740735439789e-04 -4.318825280324127395e-04
6.594145953829154874e-06 0.000000000000000000e+00 -9.586614467957418721e-04 2.965516395573918420e-04 1.612946230714444053e-04 2.751344628058069821e-04 -1.406777565327805116e-05 -6.996353519496414063e-04 -2.009777046153781398e-04 -3.305621660359927454e-04 1.034345654707835137e-03 -3.515709863784177974e-04
6.267419563432879764e-04 -9.586614467957418721e-04 0.000000000000000000e+00 -1.618196667203732281e-03 -1.010936430294107676e-04 -1.043045339574602418e-03 -3.443615578005344673e-03 -2.456584147806865209e-03 9.150917393028940071e-04 -1.370601344217140839e-03 7.583739795180833004e-04 -9.930347270663407878e-04
-7.027780486012127209e-04 2.965516395573918420e-04 -1.618196667203732281e-03 0.000000000000000000e+00 -2.490937549539730704e-04 1.442459516004059895e-04 -3.093294080966249126e-04 -8.418032875656034000e-04 -7.766059116765561699e-04 3.729379559879741641e-04 2.125168574286363452e-03 3.861699367945059633e-04
3.858553688497461001e-04 1.612946230714444053e-04 -1.010936430294107676e-04 -2.490937549539730704e-04 0.000000000000000000e+00 -5.443446480131504546e-05 6.755536591559663153e-04 -5.751969558716395854e-04 5.391966115646294831e-04 3.847062184284089450e-04 -4.081622735755014450e-04 3.674400548843940323e-04
-1.989673193884648750e-04 2.751344628058069821e-04 -1.043045339574602418e-03 1.442459516004059895e-04 -5.443446480131504546e-05 0.000000000000000000e+00 -6.842355249744608726e-04 -7.166298510766261516e-04 2.847802422578906084e-04 5.803309897111675079e-04 -7.170783670749221158e-04 1.704154346321815506e-04
-2.302590601043851383e-04 -1.406777565327805116e-05 -3.443615578005344673e-03 -3.093294080966249126e-04 6.755536591559663153e-04 -6.842355249744608726e-04 0.000000000000000000e+00 1.120250302145499744e-03 1.931086679779841185e-04 -1.738992860820296089e-03 -4.035838728905487109e-03 3.183635243037614862e-04
-1.241689987722881488e-04 -6.996353519496414063e-04 -2.456584147806865209e-03 -8.418032875656034000e-04 -5.751969558716395854e-04 -7.166298510766261516e-04 1.120250302145499744e-03 0.000000000000000000e+00 -3.648418163707907100e-04 1.561629745756879569e-03 -8.555518033843720165e-04 -4.199838657807698512e-04
1.204042120972334678e-05 -2.009777046153781398e-04 9.150917393028940071e-04 -7.766059116765561699e-04 5.391966115646294831e-04 2.847802422578906084e-04 1.931086679779841185e-04 -3.648418163707907100e-04 0.000000000000000000e+00 -2.103673108114269974e-05 1.057144440549857107e-03 1.253461249071766452e-04
7.642946672556480848e-04 -3.305621660359927454e-04 -1.370601344217140839e-03 3.729379559879741641e-04 3.847062184284089450e-04 5.803309897111675079e-04 -1.738992860820296089e-03 1.561629745756879569e-03 -2.103673108114269974e-05 0.000000000000000000e+00 1.394560970079833937e-03 7.612201817039890468e-04
3.950754740735439789e-04 1.034345654707835137e-03 7.583739795180833004e-04 2.125168574286363452e-03 -4.081622735755014450e-04 -7.170783670749221158e-04 -4.035838728905487109e-03 -8.555518033843720165e-04 1.057144440549857107e-03 1.394560970079833937e-03 0.000000000000000000e+00 1.236648171843047518e-03
-4.318825280324127395e-04 -3.515709863784177974e-04 -9.930347270663407878e-04 3.861699367945059633e-04 3.674400548843940323e-04 1.704154346321815506e-04 3.183635243037614862e-04 -4.199838657807698512e-04 1.253461249071766452e-04 7.612201817039890468e-04 1.236648171843047518e-03 0.000000000000000000e+00
