0.000000000000000000e+00 1.374786588384008148e-04 -6.597628184166923161e-04 9.536014701021000356e-04 2.021858514764203127e-04 -3.281123536808834952e-04 4.991265482416025251e-04 1.119639304194784777e-03 -2.216108659743975379e-04 -4.888710479775782792e-04 -8.355288940596898757e-04 -3.040021525992980464e-04
1.374786588384008148e-04 0.000000000000000000e+00 3.492106389287125351e-04 -4.848319699148073442e-04 1.720647601490951834e-04 -4.496917731226774241e-04 1.002664094882956642e-03 -1.064456973911939350e-04 -3.137014002024194866e-05 2.811424975983594482e-04 5.996281508371631257e-04 5.296864955643571524e-04
-6.597628184166923161e-04 3.492106389287125351e-04 0.000000000000000000e+00 2.530016969074940902e-03 3.911757405866613403e-04 2.791814619075224128e-04 -1.331694795166008579e-03 -1.714342365927780474e-03 1.400479114993798493e-04 3.547409469635207633e-04 2.513167453889309563e-03 -4.701384780208382351e-04
9.536014701021000356e-04 -4.848319699148073442e-04 2.530016969074940902e-03 0.000000000000000000e+00 -3.092168486304224060e-04 8.040370284246226408e-04 -1.313011357685469997e-03 -1.366853108876830796e-04 -5.205018823432947103e-04 1.322816008126705351e-03 -1.278101659581298670e-03 -5.772095070665761961e-04
2.021858514764203127e-04 1.720647601490951834e-04 3.911757405866613403e-04 -3.092168486304224060e-04 0.000000000000000000e+00 2.002588740315700260e-04 6.172747302420561813e-04 -3.118402482802385680e-04 4.309680269944258846e-05 8.763806654901973000e-05 -1.279245600476161051e-06 -2.578197189922466054e-04
-3.281123536808834952e-04 -4.496917731226774241e-04 2.791814619075224128e-04 8.040370284246226408e-04 2.002588740315700260e-04 0.000000000000000000e+00 -4.542667729404602705e-04 4.192324729255719816e-04 3.662900140934728264e-04 -4.129334410167595005e-04 -6.413114064550651207e-05 7.888446808934191463e-04
4.991265482416025251e-04 1.002664094882956642e-03 -1.331694795166008579e-03 -1.313011357685469997e-03 6.172747302420561813e-04 -4.542667729404602705e-04 0.000000000000000000e+00 2.523299098841158897e-03 -7.711281941450775579e-04 8.521976915809735455e-04 1.334134499903481027e-04 7.669578795029351030e-05
1.119639304194784777e-03 -1.064456973911939350e-04 -1.714342365927780474e-03 -1.366853108876830796e-04 -3.118402482802385680e-04 4.192324729255719816e-04 2.523299098841158897e-03 0.000000000000000000e+00 3.831145781685145750e-04 -4.902304913025765576e-04 2.555880651162570870e-03 -1.264962785919182011e-04
-2.216108659743975379e-04 -3.137014002024194866e-05 1.400479114993798493e-04 -5.205018823432947103e-04 4.309680269944258846e-05 3.662900140934728264e-04 -7.711281941450775579e-04 3.831145781685145750e-04 0.000000000000000000e+00 -2.752072791345971871e-04 5.921657993435363145e-04 6.293796957899612163e-05
-4.888710479775782792e-04 2.811424975983594482e-04 3.547409469635207633e-04 1.322816008126705351e-03 8.763806654901973000e-05 -4.129334410167595005e-04 8.521976915809735455e-04 -4.902304913025765576e-04 -2.752072791345971871e-04 0.000000000000000000e+00 5.273326290606797796e-04 -4.889227570675306602e-04
-8.355288940596898757e-04 5.996281508371631257e-04 2.513167453889309563e-03 -1.278101659581298670e-03 -1.279245600476161051e-06 -6.413114064550651207e-05 1.334134499903481027e-04 2.555880651162570870e-03 5.921657993435363145e-04 5.273326290606797796e-04 0.000000000000000000e+00 -1.187975945137511842e-03
-3.040021525992980464e-04 5.296864955643571524e-04 -4.701384780208382351e-04 -5.772095070665761961e-04 -2.578197189922466054e-04 7.888446808934191463e-04 7.669578795029351030e-05 -1.264962785919182011e-04 6.293796957899612163e-05 -4.889227570675306602e-04 -1.187975945137511842e-03 0.000000000000000000e+00
