0.000000000000000000e+00 -1.421480342038623800e-04 -7.922541076963437534e-04 3.672723030565162188e-04 -1.899349587477719024e-04 -5.432000042315581140e-04 2.697946092832412225e-04 1.538066691890851241e-04 2.832948992790630693e-04 2.397758898234759758e-06 -6.770492171433592716e-04 -1.164319118275073089e-04
-1.421480342038623800e-04 0.000000000000000000e+00 -5.008145484502487914e-04 4.258139894817761207e-05 1.115819336383547255e-04 -4.397150928231066506e-04 -1.075973820287621878e-04 -3.155239722420522279e-04 -3.032716604885584083e-04 1.024487080334480087e-05 2.327719761507272508e-04 4.977687244560266238e-06
-7.922541076963437534e-04 -5.008145484502487914e-04 0.000000000000000000e+00 -3.740415942531873268e-04 -6.162986281975471907e-04 -1.042519636603561964e-03 2.639148895046949765e-03 1.568784505393996768e-03 6.298627557339064658e-04 -1.665158784129059559e-03 3.256018127751017510e-03 4.371902937950842964e-04
3.672723030565162188e-04 4.258139894817761207e-05 -3.740415942531873268e-04 0.000000000000000000e+00 -1.240096266128596543e-05 -4.335727941308621593e-04 2.004812133066438424e-03 -6.194294750270350767e-04 -1.175706056565562396e-04 2.369533735935222540e-04 -2.516249395619053926e-03 2.901216085285767137e-04
-1.899349587477719024e-04 1.115819336383547255e-04 -6.162986281975471907e-04 -1.240096266128596543e-05 0.000000000000000000e+00 -2.971479995228981435e-04 -2.012486561359861010e-04 1.989719243339826353e-04 -3.004110369940695313e-04 2.495007358598060250e-04 1.863073043046293976e-05 -5.283485738266520924e-04
-5.432000042315581140e-04 -4.397150928231066506e-04 -1.042519636603561964e-03 -4.335727941308621593e-04 -2.971479995228981435e-04 0.000000000000000000e+00 2.582470209887369758e-05 -6.241910050037150675e-04 -4.176305916387933474e-04 -1.691512008079323827e-04 -1.137903457416645147e-03 -1.340258544305861709e-04
2.697946092832412225e-04 -1.075973820287621878e-04 2.639148895046949765e-03 2.004812133066438424e-03 -2.012486561359861010e-04 2.582470209887369758e-05 0.000000000000000000e+00 9.568183397943761347e-04 -9.899719338492952818e-04 -9.900026261024375267e-05 -1.552371824377095973e-03 9.716820033139961840e-04
1.538066691890851241e-04 -3.155239722420522279e-04 1.568784505393996768e-03 -6.194294750270350767e-04 1.989719243339826353e-04 -6.241910050037150675e-04 9.568183397943761347e-04 0.000000000000000000e+00 4.922372791869753742e-04 7.929268289926852658e-04 1.233965858046458383e-03 -7.291917627625642837e-04
2.832948992790630693e-04 -3.032716604885584083e-04 6.298627557339064658e-04 -1.175706056565562396e-04 -3.004110369940695313e-04 -4.176305916387933474e-04 -9.899719338492952818e-04 4.922372791869753742e-04 0.000000000000000000e+00 -1.323650307221247350e-05 -1.000253750356321992e-03 -1.107856024496119433e-04
2.397758898234759758e-06 1.024487080334480087e-05 -1.665158784129059559e-03 2.369533735935222540e-04 2.495007358598060250e-04 -1.691512008079323827e-04 -9.900026261024375267e-05 7.929268289926852658e-04 -1.323650307221247350e-05 0.000000000000000000e+00 -1.421205057853409655e-04 3.924566796821169694e-04
-6.770492171433592716e-04 2.327719761507272508e-04 3.256018127751017510e-03 -2.516249395619053926e-03 1.863073043046293976e-05 -1.137903457416645147e-03 -1.552371824377095973e-03 1.233965858046458383e-03 -1.000253750356321992e-03 -1.421205057853409655e-04 0.000000000000000000e+00 4.352646002690018076e-04
-1.164319118275073089e-04 4.977687244560266238e-06 4.371902937950842964e-04 2.901216085285767137e-04 -5.283485738266520924e-04 -1.340258544305861709e-04 9.716820033139961840e-04 -7.291917627625642837e-04 -1.107856024496119433e-04 3.924566796821169694e-04 4.352646002690018076e-04 0.000000000000000000e+00
