0.000000000000000000e+00 -7.688946347725422563e-04 -1.848337623437972714e-04 -1.851706113054052123e-04 -3.719086462829269729e-04 7.321806283429660098e-04 2.932649742838977567e-04 -5.367616024234675215e-04 -1.488215942511424519e-04 5.739455025389788223e-04 -5.752247805435451426e-05 9.828221120284386125e-05
-7.688946347725422563e-04 0.000000000000000000e+00 3.477149060242079137e-04 -7.155080636066016558e-04 1.480332149095174360e-03 2.056960760173277662e-03 -1.292177831875756036e-03 1.527826399864793761e-03 1.322426111852341489e-04 1.103208699168198000e-03 3.410767023122987561e-04 1.346221206775003896e-03
-1.848337623437972714e-04 3.477149060242079137e-04 0.000000000000000000e+00 -4.446074951592045126e-04 -6.018124691208619117e-04 -1.160565622357653516e-04 3.909302821516620597e-04 4.026092189240452947e-04 -5.702605356266860761e-04 1.849648587299395058e-04 -2.579427555375422973e-04 -3.198503455284166922e-04
-1.851706113054052123e-04 -7.155080636066016558e-04 -4.446074951592045126e-04 0.000000000000000000e+00 -3.432219925024384698e-04 -1.028549303474187967e-03 8.577165601349922208e-05 -2.051652264361920810e-04 2.718971487410063305e-04 -4.752094298757849624e-04 -2.243717730730454565e-05 1.749085489827869233e-04
-3.719086462829269729e-04 1.480332149095174360e-03 -6.018124691208619117e-04 -3.432219925024384698e-04 0.000000000000000000e+00 1.444737655495641464e-03 -5.447149346712446601e-04 -1.001256766038554702e-03 -4.412913692803494231e-04 -7.604941732202413329e-04 4.174992020673637047e-04 7.785739032385104218e-04
7.321806283429660098e-04 2.056960760173277662e-03 -1.160565622357653516e-04 -1.028549303474187967e-03 1.444737655495641464e-03 0.000000000000000000e+00 3.377645104358069036e-04 -1.757679379598549264e-03 1.517281719382183912e-03 -9.348295177956738276e-04 1.482664088304776976e-04 4.833490004799667167e-05
2.932649742838977567e-04 -1.292177831875756036e-03 3.909302821516620597e-04 8.577165601349922208e-05 -5.447149346712446601e-04 3.377645104358069036e-04 0.000000000000000000e+00 2.144057920979970070e-04 -8.799387883353686950e-04 4.601764321936635278e-04 4.607662023031892690e-04 3.503462293487323033e-04
-5.367616024234675215e-04 1.527826399864793761e-03 4.026092189240452947e-04 -2.051652264361920810e-04 -1.001256766038554702e-03 -1.757679379598549264e-03 2.144057920979970070e-04 0.000000000000000000e+00 1.439543879152764636e-03 1.364656297568747970e-03 7.096066023196064042e-04 -1.071099236652587770e-03
-1.488215942511424519e-04 1.322426111852341489e-04 -5.702605356266860761e-04 2.718971487410063305e-04 -4.412913692803494231e-04 1.517281719382183912e-03 -8.799387883353686950e-04 1.439543879152764636e-03 0.000000000000000000e+00 -1.577365972856722379e-04 -3.984601401140292691e-04 -9.324485142585930671e-04
5.739455025389788223e-04 1.103208699168198000e-03 1.849648587299395058e-04 -4.752094298757849624e-04 -7.604941732202413329e-04 -9.348295177956738276e-04 4.601764321936635278e-04 1.364656297568747970e-03 -1.577365972856722379e-04 0.000000000000000000e+00 -2.091506500048832462e-05 5.032273178789666099e-04
-5.752247805435451426e-05 3.410767023122987561e-04 -2.579427555375422973e-04 -2.243717730730454565e-05 4.174992020673637047e-04 1.482664088304776976e-04 4.607662023031892690e-04 7.096066023196064042e-04 -3.984601401140292691e-04 -2.091506500048832462e-05 0.000000000000000000e+00 -2.262395599561362958e-04
9.828221120284386125e-05 1.346221206775003896e-03 -3.198503455284166922e-04 1.749085489827869233e-04 7.785739032385104218e-04 4.833490004799667167e-05 3.503462293487323033e-04 -1.071099236652587770e-03 -9.324485142585930671e-04 5.032273178789666099e-04 -2.262395599561362958e-04 0.000000000000000000e+00
