0.000000000000000000e+00 -4.725195744194424252e-04 9.712583115741881250e-05 -4.887218356702214021e-05 -7.172334026626873277e-04 9.799999043672259161e-04 -3.760193573474365325e-04 4.188124906925757792e-04 5.178482115889336632e-04 6.925176449572753275e-04 1.087417109582834642e-04 -1.938350855625611629e-04
-4.725195744194424252e-04 0.000000000000000000e+00 8.096227429059066815e-04 -7.765637345351876367e-04 -2.222345229010812186e-03 -1.974278964005636051e-03 4.826817631293941449e-04 2.362443655044843115e-03 -2.886055020950860622e-03 1.629468469104774792e-03 2.975593014817305595e-04 -1.208854099119294895e-03
9.712583115741881250e-05 8.096227429059066815e-04 0.000000000000000000e+00 1.633120738183709963e-04 -3.486234758806601810e-04 -7.296181200617641801e-05 1.780520594053502904e-04 9.788095815546381587e-05 2.693777064480560386e-04 -6.196262237585481144e-04 1.183897479977494814e-05 2.029137086460072043e-04
-4.887218356702214021e-05 -7.765637345351876367e-04 1.633120738183709963e-04 0.000000000000000000e+00 -3.958129308365101909e-04 -1.124008060163333425e-03 -4.158944796872558474e-07 -1.202567409538117483e-03 5.125988552800101860e-04 -1.809720511581565969e-04 -2.092649237675920911e-04 -4.560425686033146419e-04
-7.172334026626873277e-04 -2.222345229010812186e-03 -3.486234758806601810e-04 -3.958129308365101909e-04 0.000000000000000000e+00 -1.853520253769887910e-03 -1.004207932420392215e-03 3.481133692655314152e-03 3.098749447888896145e-03 -6.248363503076764542e-04 -7.590081214707684832e-04 -1.116574569742255279e-03
9.799999043672259161e-04 -1.974278964005636051e-03 -7.296181200617641801e-05 -1.124008060163333425e-03 -1.853520253769887910e-03 0.000000000000000000e+00 1.001441855480968070e-04 -1.731238765791544071e-03 -1.377945051580370395e-03 -8.878315792408413313e-04 3.023187852969889912e-04 6.858903811422988007e-04
-3.760193573474365325e-04 4.826817631293941449e-04 1.780520594053502904e-04 -4.158944796872558474e-07 -1.004207932420392215e-03 1.001441855480968070e-04 0.000000000000000000e+00 -6.668221236852921174e-04 6.635344349147335877e-04 -1.181872137353000735e-04 -1.692230087516705876e-04 -7.493940546527961925e-05
4.188124906925757792e-04 2.362443655044843115e-03 9.788095815546381587e-05 -1.202567409538117483e-03 3.481133692655314152e-03 -1.731238765791544071e-03 -6.668221236852921174e-04 0.000000000000000000e+00 1.502355383755834325e-03 9.379539041652545451e-04 8.099636353396864842e-04 2.317101972025302546e-04
5.178482115889336632e-04 -2.886055020950860622e-03 2.693777064480560386e-04 5.125988552800101860e-04 3.098749447888896145e-03 -1.377945051580370395e-03 6.635344349147335877e-04 1.502355383755834325e-03 0.000000000000000000e+00 1.036442097745482493e-04 5.428294230343884332e-04 7.619290296887041344e-04
6.925176449572753275e-04 1.629468469104774792e-03 -6.196262237585481144e-04 -1.809720511581565969e-04 -6.248363503076764542e-04 -8.878315792408413313e-04 -1.181872137353000735e-04 9.379539041652545451e-04 1.036442097745482493e-04 0.000000000000000000e+00 -4.765729639065285732e-04 4.319847880234473883e-04
1.087417109582834642e-04 2.975593014817305595e-04 1.183897479977494814e-05 -2.092649237675920911e-04 -7.590081214707684832e-04 3.023187852969889912e-04 -1.692230087516705876e-04 8.099636353396864842e-04 5.428294230343884332e-04 -4.765729639065285732e-04 0.000000000000000000e+00 3.153047792112401572e-04
-1.938350855625611629e-04 -1.208854099119294895e-03 2.029137086460072043e-04 -4.560425686033146419e-04 -1.116574569742255279e-03 6.858903811422988007e-04 -7.493940546527961925e-05 2.317101972025302546e-04 7.619290296887041344e-04 4.319847880234473883e-04 3.153047792112401572e-04 0.000000000000000000e+00
