0.000000000000000000e+00 -2.113448881643264880e-03 9.298588383895390675e-05 4.034578316562129952e-04 -4.986670113006848358e-04 1.148352201532331675e-03 -5.037458670303004158e-04 1.702500280285948984e-03 8.984938687975124391e-04 4.446517538314950649e-04 1.802086878929595390e-03 -2.890063449481602218e-08
-2.113448881643264880e-03 0.000000000000000000e+00 -1.864773090790892778e-04 -3.895602814861752879e-05 1.887258321279886052e-04 5.610364630372224968e-04 -2.372535804677116983e-04 -1.081929547003426199e-03 -8.338485543199386811e-04 3.587862529580981158e-05 9.956329393557301205e-04 1.010064592730908596e-04
9.298588383895390675e-05 -1.864773090790892778e-04 0.000000000000000000e+00 -1.050637076672150715e-03 -5.276271846631844920e-05 3.698080228593213226e-04 4.490074673394095137e-05 1.075397106079912287e-03 -3.276980870228590986e-04 -7.097861173989723901e-04 -8.138405730474309327e-04 -1.787561239628333463e-04
4.034578316562129952e-04 -3.895602814861752879e-05 -1.050637076672150715e-03 0.000000000000000000e+00 -2.507205702490267218e-04 -3.338384397040957091e-04 -3.037006618521554476e-04 -1.731167377223255706e-03 -2.104340831533911289e-03 7.982122069668240710e-04 5.115918363383686104e-04 6.182344589411152037e-04
-4.986670113006848358e-04 1.887258321279886052e-04 -5.276271846631844920e-05 -2.507205702490267218e-04 0.000000000000000000e+00 -2.586522524677740728e-05 -1.557923967818892206e-04 -5.026554978984122419e-04 -5.428366348548040263e-04 -2.416403654520607545e-04 -6.545264834613090735e-04 -4.039419778032133984e-04
1.148352201532331675e-03 5.610364630372224968e-04 3.698080228593213226e-04 -3.338384397040957091e-04 -2.586522524677740728e-05 0.000000000000000000e+00 3.446853497913225862e-05 -2.592367848013817956e-04 1.533004938164791216e-04 1.820698764743958564e-05 -2.956033966934767010e-04 2.136498525860784517e-04
-5.037458670303004158e-04 -2.372535804677116983e-04 4.490074673394095137e-05 -3.037006618521554476e-04 -1.557923967818892206e-04 3.446853497913225862e-05 0.000000000000000000e+00 -2.196830393144787055e-04 1.031605909141553165e-03 -3.154852525561163798e-04 -3.958727631512783032e-04 -8.315015614477543971e-04
1.702500280285948984e-03 -1.081929547003426199e-03 1.075397106079912287e-03 -1.731167377223255706e-03 -5.026554978984122419e-04 -2.592367848013817956e-04 -2.196830393144787055e-04 0.000000000000000000e+00 -3.237164694491972776e-04 -3.762476817827857360e-04 -2.800445623242745646e-04 -5.718046647855441885e-04
8.984938687975124391e-04 -8.338485543199386811e-04 -3.276980870228590986e-04 -2.104340831533911289e-03 -5.428366348548040263e-04 1.533004938164791216e-04 1.031605909141553165e-03 -3.237164694491972776e-04 0.000000000000000000e+00 -7.804927819377544421e-06 -5.795266580240819674e-04 -2.768541796933789265e-04
4.446517538314950649e-04 3.587862529580981158e-05 -7.097861173989723901e-04 7.982122069668240710e-04 -2.416403654520607545e-04 1.820698764743958564e-05 -3.154852525561163798e-04 -3.762476817827857360e-04 -7.804927819377544421e-06 0.000000000000000000e+00 7.898803724419226459e-04 -6.494146395870026766e-04
1.802086878929595390e-03 9.956329393557301205e-04 -8.138405730474309327e-04 5.115918363383686104e-04 -6.545264834613090735e-04 -2.956033966934767010e-04 -3.958727631512783032e-04 -2.800445623242745646e-04 -5.795266580240819674e-04 7.898803724419226459e-04 0.000000000000000000e+00 7.098748851215960125e-04
-2.890063449481602218e-08 1.010064592730908596e-04 -1.787561239628333463e-04 6.182344589411152037e-04 -4.039419778032133984e-04 2.136498525860784517e-04 -8.315015614477543971e-04 -5.718046647855441885e-04 -2.768541796933789265e-04 -6.494146395870026766e-04 7.098748851215960125e-04 0.000000000000000000e+00
