0.000000000000000000e+00 -5.403769041481509930e-05 1.016821255391418951e-03 3.956985538556649466e-03 -6.199005796927203101e-04 3.796946587448111143e-04 -5.153180431493160039e-04 1.687433947517415775e-03 -5.301309824025733208e-04 -1.118055033656914238e-03 -1.692842219713666272e-03 4.930138781829186819e-04
-5.403769041481509930e-05 0.000000000000000000e+00 4.099472493839583323e-04 1.131267368565067391e-03 -3.679950567343033205e-04 -2.241846666347550952e-04 3.805540800306565969e-04 -8.652829953660002215e-04 -1.935959885556851924e-04 -5.197108311531693434e-04 -6.857736505055936002e-04 7.274074959440461488e-04
1.016821255391418951e-03 4.099472493839583323e-04 0.000000000000000000e+00 7.197954882903152612e-04 4.083789635834064648e-04 -3.233917088217805888e-04 5.317351665472366144e-06 4.977309332779197962e-05 5.303715389436001104e-04 -1.256985385232574966e-04 -3.459524292092592906e-04 7.990414050112644440e-04
3.956985538556649466e-03 1.131267368565067391e-03 7.197954882903152612e-04 0.000000000000000000e+00 2.317630020211754736e-04 -6.300031956123615601e-04 1.109353918823724342e-03 -1.645867411163232986e-04 -1.254350656037453307e-03 4.525557731381927825e-04 2.279087591394998898e-03 3.146355510009190247e-03
-6.199005796927203101e-04 -3.679950567343033205e-04 4.083789635834064648e-04 2.317630020211754736e-04 0.000000000000000000e+00 -1.336932060512503306e-04 -1.453471389220954420e-04 -4.165001150708992476e-04 5.656749987591735149e-04 -9.619775205140185335e-05 -3.809914026659664459e-04 -4.575217208287682695e-04
3.796946587448111143e-04 -2.241846666347550952e-04 -3.233917088217805888e-04 -6.300031956123615601e-04 -1.336932060512503306e-04 0.000000000000000000e+00 -1.882091874038668389e-04 3.730960558875812453e-04 -6.391642187260916088e-04 -4.893357149859206513e-04 3.647126303984374990e-04 -7.246288778660560544e-04
-5.153180431493160039e-04 3.805540800306565969e-04 5.317351665472366144e-06 1.109353918823724342e-03 -1.453471389220954420e-04 -1.882091874038668389e-04 0.000000000000000000e+00 7.348257829969752396e-04 3.984546891314002365e-04 3.236526416925711606e-04 1.230326060192821441e-04 -2.067520310149377580e-04
1.687433947517415775e-03 -8.652829953660002215e-04 4.977309332779197962e-05 -1.645867411163232986e-04 -4.165001150708992476e-04 3.730960558875812453e-04 7.348257829969752396e-04 0.000000000000000000e+00 -9.396326833301710984e-05 -7.048200253019691695e-04 4.609448711710544813e-04 1.508778730244606219e-03
-5.301309824025733208e-04 -1.935959885556851924e-04 5.303715389436001104e-04 -1.254350656037453307e-03 5.656749987591735149e-04 -6.391642187260916088e-04 3.984546891314002365e-04 -9.396326833301710984e-05 0.000000000000000000e+00 1.555614448557631445e-04 -1.012937516668546050e-03 -1.001158500179322045e-03
-1.118055033656914238e-03 -5.197108311531693434e-04 -1.256985385232574966e-04 4.525557731381927825e-04 -9.619775205140185335e-05 -4.893357149859206513e-04 3.236526416925711606e-04 -7.048200253019691695e-04 1.555614448557631445e-04 0.000000000000000000e+00 5.524695656588837458e-05 3.947034125708016243e-04
-1.692842219713666272e-03 -6.857736505055936002e-04 -3.459524292092592906e-04 2.279087591394998898e-03 -3.809914026659664459e-04 3.647126303984374990e-04 1.230326060192821441e-04 4.609448711710544813e-04 -1.012937516668546050e-03 5.524695656588837458e-05 0.000000000000000000e+00 -1.573547179980140610e-03
4.930138781829186819e-04 7.274074959440461488e-04 7.990414050112644440e-04 3.146355510009190247e-03 -4.575217208287682695e-04 -7.246288778660560544e-04 -2.067520310149377580e-04 1.508778730244606219e-03 -1.001158500179322045e-03 3.947034125708016243e-04 -1.573547179980140610e-03 0.000000000000000000e+00
