0.000000000000000000e+00 1.306363843085904747e-03 9.154566549228371382e-04 6.013702634538017943e-04 -4.149596372583995961e-04 4.241847997847065778e-05 -6.790536039613272309e-04 -1.988886968620440406e-03 1.891048130897710414e-03 3.992317336247783307e-04 -1.188995446816125314e-03 5.466493076102399776e-04
1.306363843085904747e-03 0.000000000000000000e+00 -5.296882590691709023e-04 -2.362375750614291534e-03 -2.217049372223542261e-04 -2.670021533020035948e-04 -4.704239033513620623e-04 1.404938853762511533e-03 6.639017531515793225e-05 6.085816639281147085e-04 -2.902075664052732778e-04 -6.837980478672541071e-04
9.154566549228371382e-04 -5.296882590691709023e-04 0.000000000000000000e+00 1.305189609955475236e-03 -1.833624787899363923e-04 -3.858943874575634990e-04 -3.275224913030459479e-04 -5.141351293536848641e-04 -1.435946462997954548e-04 -2.617276717135280173e-04 1.140987244055155850e-03 -6.273003181209877918e-04
6.013702634538017943e-04 -2.362375750614291534e-03 1.305189609955475236e-03 0.000000000000000000e+00 6.897666505383435401e-04 7.526534977484285660e-04 -5.529820768643272256e-04 -1.596380763927983263e-03 -1.137692625465004702e-03 7.129629463376628909e-04 -2.816666592242394671e-03 7.008459968042661525e-04
-4.149596372583995961e-04 -2.217049372223542261e-04 -1.833624787899363923e-04 6.897666505383435401e-04 0.000000000000000000e+00 1.006038926765873658e-04 -5.416456143319043666e-05 -3.937852464543255466e-04 -1.670713456134722218e-04 -1.456699816454539874e-04 -5.901507162073018047e-04 9.838976005312628087e-05
4.241847997847065778e-05 -2.670021533020035948e-04 -3.858943874575634990e-04 7.526534977484285660e-04 1.006038926765873658e-04 0.000000000000000000e+00 2.286507665922828179e-04 -8.516890706191416417e-06 -1.577071310925209121e-04 3.433013102363334881e-04 -3.959553940643774014e-04 -1.803968618433065586e-04
-6.790536039613272309e-04 -4.704239033513620623e-04 -3.275224913030459479e-04 -5.529820768643272256e-04 -5.416456143319043666e-05 2.286507665922828179e-04 0.000000000000000000e+00 -1.934792735913664491e-04 1.728750531692164940e-04 1.683855384492880403e-04 -7.675079528128706582e-04 -2.329576436801383235e-04
-1.988886968620440406e-03 1.404938853762511533e-03 -5.141351293536848641e-04 -1.596380763927983263e-03 -3.937852464543255466e-04 -8.516890706191416417e-06 -1.934792735913664491e-04 0.000000000000000000e+00 -1.695017386234932977e-03 8.579212118473659716e-05 -3.680220440341000182e-06 -4.967862009470381266e-04
1.891048130897710414e-03 6.639017531515793225e-05 -1.435946462997954548e-04 -1.137692625465004702e-03 -1.670713456134722218e-04 -1.577071310925209121e-04 1.728750531692164940e-04 -1.695017386234932977e-03 0.000000000000000000e+00 2.314718526373475584e-06 -2.585625534367452121e-04 -6.824563224789250327e-05
3.992317336247783307e-04 6.085816639281147085e-04 -2.617276717135280173e-04 7.129629463376628909e-04 -1.456699816454539874e-04 3.433013102363334881e-04 1.683855384492880403e-04 8.579212118473659716e-05 2.314718526373475584e-06 0.000000000000000000e+00 1.694543895154076204e-04 -5.113308180057156524e-05
-1.188995446816125314e-03 -2.902075664052732778e-04 1.140987244055155850e-03 -2.816666592242394671e-03 -5.901507162073018047e-04 -3.959553940643774014e-04 -7.675079528128706582e-04 -3.680220440341000182e-06 -2.585625534367452121e-04 1.694543895154076204e-04 0.000000000000000000e+00 -8.501314040195306768e-04
5.466493076102399776e-04 -6.837980478672541071e-04 -6.273003181209877918e-04 7.008459968042661525e-04 9.838976005312628087e-05 -1.803968618433065586e-04 -2.329576436801383235e-04 -4.967862009470381266e-04 -6.824563224789250327e-05 -5.113308180057156524e-05 -8.501314040195306768e-04 0.000000000000000000e+00
