0.000000000000000000e+00 8.348089373702919898e-04 -3.651557113885348137e-04 2.437810375039181892e-03 -2.801703980793882965e-04 -1.027834835240555361e-03 -3.643842513806406277e-04 -8.083922553758710047e-06 -2.216537026214349896e-03 -1.055778788179168579e-04 -9.887391723478182893e-04 -2.338175896790544665e-03
8.348089373702919898e-04 0.000000000000000000e+00 1.390283624527902182e-04 -1.910750602995385950e-03 2.288721583319090530e-04 5.211591950204461782e-04 6.245831136109070928e-05 8.029657991397298614e-04 -5.174616920421473134e-04 -8.247412248041130793e-05 -8.329886774671580027e-04 -9.551944972620789827e-05
-3.651557113885348137e-04 1.390283624527902182e-04 0.000000000000000000e+00 8.177703200246489237e-04 2.686377157485413374e-04 2.607300565461319726e-05 3.223510132597654280e-04 -5.855493719191892264e-04 -3.377638684386142626e-06 3.128846480055192877e-04 -5.643017494119921150e-04 2.174680381092098378e-04
2.437810375039181892e-03 -1.910750602995385950e-03 8.177703200246489237e-04 0.000000000000000000e+00 1.202005128971322685e-03 -1.148618943291937304e-03 -5.111098565583191075e-04 -1.269842828476633627e-03 1.640002608806885760e-03 -6.157318372396457804e-04 -4.893130303998770558e-05 -2.070650156987360446e-03
-2.801703980793882965e-04 2.288721583319090530e-04 2.686377157485413374e-04 1.202005128971322685e-03 0.000000000000000000e+00 2.064880045767520690e-04 4.355619653066159175e-05 1.022364040230178393e-05 -3.627959015266569954e-04 -7.640722886616140334e-05 2.609340823899947755e-04 3.919162536598936740e-04
-1.027834835240555361e-03 5.211591950204461782e-04 2.607300565461319726e-05 -1.148618943291937304e-03 2.064880045767520690e-04 0.000000000000000000e+00 -3.145548211731832551e-04 -1.229580031764014407e-04 4.984711791138533117e-04 2.253421893654810985e-04 -7.533257878522146758e-04 -1.991783604736916909e-04
-3.643842513806406277e-04 6.245831136109070928e-05 3.223510132597654280e-04 -5.111098565583191075e-04 4.355619653066159175e-05 -3.145548211731832551e-04 0.000000000000000000e+00 4.864954490115434784e-04 1.863084818032155888e-04 -2.345847067642832496e-04 4.303234189547538438e-04 -2.656671056450094805e-04
-8.083922553758710047e-06 8.029657991397298614e-04 -5.855493719191892264e-04 -1.269842828476633627e-03 1.022364040230178393e-05 -1.229580031764014407e-04 4.864954490115434784e-04 0.000000000000000000e+00 1.041833600380471722e-03 3.455362848476587726e-04 1.057470582273709742e-03 -9.538182127182923565e-04
-2.216537026214349896e-03 -5.174616920421473134e-04 -3.377638684386142626e-06 1.640002608806885760e-03 -3.627959015266569954e-04 4.984711791138533117e-04 1.863084818032155888e-04 1.041833600380471722e-03 0.000000000000000000e+00 -3.555838620445717123e-04 -9.165103136652525632e-04 -1.142889456787160628e-03
-1.055778788179168579e-04 -8.247412248041130793e-05 3.128846480055192877e-04 -6.157318372396457804e-04 -7.640722886616140334e-05 2.253421893654810985e-04 -2.345847067642832496e-04 3.455362848476587726e-04 -3.555838620445717123e-04 0.000000000000000000e+00 5.586135857218739020e-04 -2.974767105081801998e-04
-9.887391723478182893e-04 -8.329886774671580027e-04 -5.643017494119921150e-04 -4.893130303998770558e-05 2.609340823899947755e-04 -7.533257878522146758e-04 4.303234189547538438e-04 1.057470582273709742e-03 -9.165103136652525632e-04 5.586135857218739020e-04 0.000000000000000000e+00 9.684568194661091452e-04
-2.338175896790544665e-03 -9.551944972620789827e-05 2.174680381092098378e-04 -2.070650156987360446e-03 3.919162536598936740e-04 -1.991783604736916909e-04 -2.656671056450094805e-04 -9.538182127182923565e-04 -1.142889456787160628e-03 -2.974767105081801998e-04 9.684568194661091452e-04 0.000000000000000000e+00
