0.000000000000000000e+00 -7.553003428048304261e-06 1.336024630464466441e-04 -4.654772135075440444e-05 2.171109147348251173e-04 -5.601138100888002893e-04 -3.002186727073495598e-04 2.200700041860721148e-04 1.734423351527602782e-04 -4.654889862338073073e-04 -8.183389531984914351e-05 9.923195337569491997e-04
-7.553003428048304261e-06 0.000000000000000000e+00 -5.144773569300447116e-04 -1.138141666911051840e-03 6.931462850829417713e-05 5.027329936924234679e-04 2.629206918173043273e-04 4.646998964889268802e-04 -7.879279839979010168e-05 3.406265063014065220e-04 -5.935373177844363449e-04 1.276613048694792566e-03
1.336024630464466441e-04 -5.144773569300447116e-04 0.000000000000000000e+00 4.946941407736675885e-05 -1.996807915912010209e-04 3.157018735247517100e-04 4.375274171677898284e-05 1.271651502977480790e-03 -4.068713465272173497e-04 2.800363561018116669e-04 8.179855190754611307e-04 -7.981345944551680727e-04
-4.654772135075440444e-05 -1.138141666911051840e-03 4.946941407736675885e-05 0.000000000000000000e+00 1.674029324148288561e-03 -4.323895702871481629e-04 6.195696990619722463e-06 2.176505278819192146e-03 -1.004579607382864292e-03 3.316620442685109865e-04 -7.649810913793397230e-04 7.666291376095923493e-04
2.171109147348251173e-04 6.931462850829417713e-05 -1.996807915912010209e-04 1.674029324148288561e-03 0.000000000000000000e+00 6.808048995137168987e-04 4.293666988049943205e-04 -7.615861978094762329e-04 4.425509391511311540e-04 9.945835971495108844e-04 2.144845180058614056e-04 9.585485633493353187e-04
-5.601138100888002893e-04 5.027329936924234679e-04 3.157018735247517100e-04 -4.323895702871481629e-04 6.808048995137168987e-04 0.000000000000000000e+00 -2.634591382815586343e-04 -6.209006816638284326e-04 7.761457915421028078e-04 -2.998501361842559809e-04 1.167327043563621365e-03 2.312376884254959720e-03
-3.002186727073495598e-04 2.629206918173043273e-04 4.375274171677898284e-05 6.195696990619722463e-06 4.293666988049943205e-04 -2.634591382815586343e-04 0.000000000000000000e+00 1.126778449007432951e-03 3.193409777719066148e-04 3.957583026450797476e-04 5.653893250751534450e-04 2.265611301046961017e-04
2.200700041860721148e-04 4.646998964889268802e-04 1.271651502977480790e-03 2.176505278819192146e-03 -7.615861978094762329e-04 -6.209006816638284326e-04 1.126778449007432951e-03 0.000000000000000000e+00 -1.221409578625108020e-03 -1.405669295239745644e-03 -5.656526289524122170e-04 2.926065548227846196e-03
1.734423351527602782e-04 -7.879279839979010168e-05 -4.068713465272173497e-04 -1.004579607382864292e-03 4.425509391511311540e-04 7.761457915421028078e-04 3.193409777719066148e-04 -1.221409578625108020e-03 0.000000000000000000e+00 3.408551198188742117e-04 7.610257320369497470e-04 2.941540722905697193e-04
-4.654889862338073073e-04 3.406265063014065220e-04 2.800363561018116669e-04 3.316620442685109865e-04 9.945835971495108844e-04 -2.998501361842559809e-04 3.957583026450797476e-04 -1.405669295239745644e-03 3.408551198188742117e-04 0.000000000000000000e+00 -4.796193431767566823e-04 1.657162176587283588e-04
-8.183389531984914351e-05 -5.935373177844363449e-04 8.179855190754611307e-04 -7.649810913793397230e-04 2.144845180058614056e-04 1.167327043563621365e-03 5.653893250751534450e-04 -5.656526289524122170e-04 7.610257320369497470e-04 -4.796193431767566823e-04 0.000000000000000000e+00 -8.865106459551515316e-04
9.923195337569491997e-04 1.276613048694792566e-03 -7.981345944551680727e-04 7.666291376095923493e-04 9.585485633493353187e-04 2.312376884254959720e-03 2.265611301046961017e-04 2.926065548227846196e-03 2.941540722905697193e-04 1.657162176587283588e-04 -8.865106459551515316e-04 0.000000000000000000e+00
