0.000000000000000000e+00 1.045424417929622290e-04 -2.279656409425993727e-04 -4.933354512290254092e-04 1.289858457259566592e-04 -2.771700746825360114e-04 3.318748641728152442e-04 2.212179196334345148e-04 -1.761754422099901017e-04 -1.352845739811927629e-04 -3.955874275825297997e-04 5.984139579138616133e-05
1.045424417929622290e-04 0.000000000000000000e+00 -3.129053722310104870e-04 3.002044536384346923e-04 -7.331548051372373384e-04 -4.751312415089526493e-04 5.020794933929529469e-05 -1.734572626711707467e-04 -5.148090682156767836e-04 -1.075754019290441369e-04 2.027237335305965920e-04 4.223390881331777675e-04
-2.279656409425993727e-04 -3.129053722310104870e-04 0.000000000000000000e+00 3.316593361089579303e-04 -7.185434623438647804e-04 -2.176748615598459303e-04 2.218359353379900092e-04 1.609049889715334267e-04 -1.749869221265044894e-04 -4.838223373607891155e-04 -2.310809261617054232e-04 -4.453414342385614267e-04
-4.933354512290254092e-04 3.002044536384346923e-04 3.316593361089579303e-04 0.000000000000000000e+00 -1.546059904336688452e-03 7.542903764324736422e-05 -1.279069710852591933e-04 -2.262396616946446472e-03 -8.585098962476177091e-04 1.165849251491663701e-03 1.072356792776051922e-04 -2.180918621703987776e-03
1.289858457259566592e-04 -7.331548051372373384e-04 -7.185434623438647804e-04 -1.546059904336688452e-03 0.000000000000000000e+00 -2.092223153063864794e-03 -4.092217571581951139e-04 -3.643144616069775125e-03 1.058119673670969646e-03 2.052965011338406091e-04 -3.718261028025746811e-04 3.921997868902917807e-04
-2.771700746825360114e-04 -4.751312415089526493e-04 -2.176748615598459303e-04 7.542903764324736422e-05 -2.092223153063864794e-03 0.000000000000000000e+00 -4.014331839610982841e-04 3.274230966806075237e-03 5.450187333738373309e-04 1.596350501385122075e-03 -1.058969948551989441e-03 1.841441155492583087e-03
3.318748641728152442e-04 5.020794933929529469e-05 2.218359353379900092e-04 -1.279069710852591933e-04 -4.092217571581951139e-04 -4.014331839610982841e-04 0.000000000000000000e+00 1.633434510380125872e-04 -7.553438288103269099e-05 -2.252442750105525119e-04 -4.815725115455587774e-04 -4.427050241775296047e-04
2.212179196334345148e-04 -1.734572626711707467e-04 1.609049889715334267e-04 -2.262396616946446472e-03 -3.643144616069775125e-03 3.274230966806075237e-03 1.633434510380125872e-04 0.000000000000000000e+00 1.660856252692724001e-03 -2.435720137175182397e-03 6.024749528015149649e-04 -6.638072084098670372e-04
-1.761754422099901017e-04 -5.148090682156767836e-04 -1.749869221265044894e-04 -8.585098962476177091e-04 1.058119673670969646e-03 5.450187333738373309e-04 -7.553438288103269099e-05 1.660856252692724001e-03 0.000000000000000000e+00 -4.160622378821335761e-05 -5.633788673641755042e-04 -1.221423324255762558e-03
-1.352845739811927629e-04 -1.075754019290441369e-04 -4.838223373607891155e-04 1.165849251491663701e-03 2.052965011338406091e-04 1.596350501385122075e-03 -2.252442750105525119e-04 -2.435720137175182397e-03 -4.160622378821335761e-05 0.000000000000000000e+00 -1.216006728281890034e-03 1.457556736580150432e-03
-3.955874275825297997e-04 2.027237335305965920e-04 -2.310809261617054232e-04 1.072356792776051922e-04 -3.718261028025746811e-04 -1.058969948551989441e-03 -4.815725115455587774e-04 6.024749528015149649e-04 -5.633788673641755042e-04 -1.216006728281890034e-03 0.000000000000000000e+00 2.844274285479673689e-04
5.984139579138616133e-05 4.223390881331777675e-04 -4.453414342385614267e-04 -2.180918621703987776e-03 3.921997868902917807e-04 1.841441155492583087e-03 -4.427050241775296047e-04 -6.638072084098670372e-04 -1.221423324255762558e-03 1.457556736580150432e-03 2.844274285479673689e-04 0.000000000000000000e+00
