0.000000000000000000e+00 4.154624590363766056e-05 -3.621952222336126946e-04 2.953405872553649435e-04 -3.645788471614804568e-04 3.535252673947362773e-04 -1.521637991058974470e-04 -7.724119557327733870e-04 1.456188257378091303e-04 -1.002547163651018608e-04 1.911294480286110430e-04 -2.167104797697118774e-05
4.154624590363766056e-05 0.000000000000000000e+00 -1.922954924813047208e-04 6.833221555494455989e-04 5.738809667524890712e-04 5.282773692734926002e-04 1.952088845220329751e-04 -1.284111406198335924e-03 -2.146763317821845601e-04 -5.067961613603146542e-04 1.002988610386275825e-03 -1.192283504355722262e-03
-3.621952222336126946e-04 -1.922954924813047208e-04 0.000000000000000000e+00 -7.299999158476691346e-04 -6.720486377963168050e-04 1.416061716902501915e-04 -2.544283792188161363e-04 -1.305528756683601004e-03 -4.198672982125759815e-04 -1.579318486998927153e-04 -2.115349103759316877e-04 3.019707102858242270e-04
2.953405872553649435e-04 6.833221555494455989e-04 -7.299999158476691346e-04 0.000000000000000000e+00 4.576485882325210760e-04 -1.821014704152946594e-04 1.390180917172261833e-04 -8.104389274598258665e-04 -4.694377315281280153e-04 1.212805388128397952e-04 -1.474611004262521997e-03 -1.308803536890796888e-03
-3.645788471614804568e-04 5.738809667524890712e-04 -6.720486377963168050e-04 4.576485882325210760e-04 0.000000000000000000e+00 -7.635680684994699359e-04 -2.434366934337973739e-05 -5.778813679147926314e-04 -7.685046814438046365e-04 5.063201328134559701e-04 1.155142452811687512e-03 -1.089256376684014094e-03
3.535252673947362773e-04 5.282773692734926002e-04 1.416061716902501915e-04 -1.821014704152946594e-04 -7.635680684994699359e-04 0.000000000000000000e+00 -1.000866080086122110e-04 -3.126967204597697753e-03 2.373509402632716439e-04 9.743542833756810772e-04 -6.782960902396834545e-04 -1.870396092555899712e-04
-1.521637991058974470e-04 1.952088845220329751e-04 -2.544283792188161363e-04 1.390180917172261833e-04 -2.434366934337973739e-05 -1.000866080086122110e-04 0.000000000000000000e+00 -2.135953620359687399e-04 -1.031339086772064231e-05 -1.700623413795919253e-04 -1.237996346709243343e-04 6.469183290043677918e-05
-7.724119557327733870e-04 -1.284111406198335924e-03 -1.305528756683601004e-03 -8.104389274598258665e-04 -5.778813679147926314e-04 -3.126967204597697753e-03 -2.135953620359687399e-04 0.000000000000000000e+00 -1.704885769497662372e-03 1.721763388244481338e-03 1.034631758516215815e-03 2.303192269260351775e-03
1.456188257378091303e-04 -2.146763317821845601e-04 -4.198672982125759815e-04 -4.694377315281280153e-04 -7.685046814438046365e-04 2.373509402632716439e-04 -1.031339086772064231e-05 -1.704885769497662372e-03 0.000000000000000000e+00 -3.777709547042261938e-04 3.086222983600195118e-04 5.728886147884464097e-04
-1.002547163651018608e-04 -5.067961613603146542e-04 -1.579318486998927153e-04 1.212805388128397952e-04 5.063201328134559701e-04 9.743542833756810772e-04 -1.700623413795919253e-04 1.721763388244481338e-03 -3.777709547042261938e-04 0.000000000000000000e+00 -6.791310941483089678e-04 -4.340244288879484074e-04
1.911294480286110430e-04 1.002988610386275825e-03 -2.115349103759316877e-04 -1.474611004262521997e-03 1.155142452811687512e-03 -6.782960902396834545e-04 -1.237996346709243343e-04 1.034631758516215815e-03 3.086222983600195118e-04 -6.791310941483089678e-04 0.000000000000000000e+00 -1.616608648965613517e-03
-2.167104797697118774e-05 -1.192283504355722262e-03 3.019707102858242270e-04 -1.308803536890796888e-03 -1.089256376684014094e-03 -1.870396092555899712e-04 6.469183290043677918e-05 2.303192269260351775e-03 5.728886147884464097e-04 -4.340244288879484074e-04 -1.616608648965613517e-03 0.000000000000000000e+00
