0.000000000000000000e+00 -7.603734518125768594e-05 1.031732099851661330e-04 -6.422780649812615070e-04 -4.158100402686996889e-04 -1.905807047668895500e-04 -1.404471328489621156e-04 1.271580583229384945e-03 -4.397724110655956828e-04 2.899850261131871700e-04 5.269683629826548386e-04 3.428932363598486701e-04
-7.603734518125768594e-05 0.000000000000000000e+00 1.514599747272616064e-04 4.646799544874457471e-04 -1.219075945727294267e-04 -6.834101886245469350e-04 3.756674181322181060e-05 -3.355770676528276649e-04 1.378008866923789331e-04 7.209094087946461837e-04 -7.869321804495825294e-04 -1.753774057399354357e-04
1.031732099851661330e-04 1.514599747272616064e-04 0.000000000000000000e+00 3.877883318152961542e-05 2.970637717542591572e-04 -8.275570824247103184e-04 2.362166045499987149e-04 2.358267410690132989e-04 -2.200992360518584472e-04 3.588215450777030059e-06 -4.035860521684761851e-04 7.855468266490088242e-04
-6.422780649812615070e-04 4.646799544874457471e-04 3.877883318152961542e-05 0.000000000000000000e+00 -3.721726714449517088e-04 9.524149241480695449e-04 -4.444489807525338842e-05 -1.812345811237692401e-03 5.131528770165223480e-04 -4.584416381715122955e-04 2.181130772534332549e-04 -8.237593461004997933e-04
-4.158100402686996889e-04 -1.219075945727294267e-04 2.970637717542591572e-04 -3.721726714449517088e-04 0.000000000000000000e+00 -8.642977488428041540e-04 -3.542819999757195436e-04 9.450551729696668934e-04 -1.544197010338706699e-04 -1.143510354414455039e-04 -4.526560535211486243e-04 1.486089003225699555e-03
-1.905807047668895500e-04 -6.834101886245469350e-04 -8.275570824247103184e-04 9.524149241480695449e-04 -8.642977488428041540e-04 0.000000000000000000e+00 1.637289500088047521e-04 1.682246771176819540e-03 3.235064464993949547e-05 4.111639639535535147e-04 -6.720508062856811156e-04 -1.538951971735195122e-03
-1.404471328489621156e-04 3.756674181322181060e-05 2.362166045499987149e-04 -4.444489807525338842e-05 -3.542819999757195436e-04 1.637289500088047521e-04 0.000000000000000000e+00 -6.377377129891068650e-04 7.819689201883753315e-05 -1.942390317275859125e-04 -1.557343021990666436e-05 -1.172305641082491541e-04
1.271580583229384945e-03 -3.355770676528276649e-04 2.358267410690132989e-04 -1.812345811237692401e-03 9.450551729696668934e-04 1.682246771176819540e-03 -6.377377129891068650e-04 0.000000000000000000e+00 1.860305115569016899e-04 1.153908607919150280e-03 -2.261350396877042160e-03 -2.118629886209444282e-03
-4.397724110655956828e-04 1.378008866923789331e-04 -2.200992360518584472e-04 5.131528770165223480e-04 -1.544197010338706699e-04 3.235064464993949547e-05 7.819689201883753315e-05 1.860305115569016899e-04 0.000000000000000000e+00 -6.454538869260217091e-04 -3.449161040871991622e-04 6.789347891897927955e-04
2.899850261131871700e-04 7.209094087946461837e-04 3.588215450777030059e-06 -4.584416381715122955e-04 -1.143510354414455039e-04 4.111639639535535147e-04 -1.942390317275859125e-04 1.153908607919150280e-03 -6.454538869260217091e-04 0.000000000000000000e+00 3.149284014694641903e-04 -1.071783754608742877e-03
5.269683629826548386e-04 -7.869321804495825294e-04 -4.035860521684761851e-04 2.181130772534332549e-04 -4.526560535211486243e-04 -6.720508062856811156e-04 -1.557343021990666436e-05 -2.261350396877042160e-03 -3.449161040871991622e-04 3.149284014694641903e-04 0.000000000000000000e+00 7.722285248971376024e-04
3.428932363598486701e-04 -1.753774057399354357e-04 7.855468266490088242e-04 -8.237593461004997933e-04 1.486089003225699555e-03 -1.538951971735195122e-03 -1.172305641082491541e-04 -2.118629886209444282e-03 6.789347891897927955e-04 -1.071783754608742877e-03 7.722285248971376024e-04 0.000000000000000000e+00
