0.000000000000000000e+00 1.528469589086001407e-04 6.366736607313264575e-04 3.339329069401267324e-04 3.508599265557935934e-04 -1.133922243949335575e-04 1.510826012204349021e-04 3.312717548394595538e-04 -2.281675263086579367e-04 -6.773395183149559517e-04 -1.644801123292126876e-04 1.078485388270701084e-03
1.528469589086001407e-04 0.000000000000000000e+00 -2.339924314940613256e-04 -8.654043760541251331e-05 7.733033745261522034e-04 4.270989751532544738e-04 6.761281892874543243e-04 -9.652930645644345708e-05 -6.374048620881296676e-04 -9.989095468518646541e-04 7.051690600402862842e-04 -1.514361473593244575e-03
6.366736607313264575e-04 -2.339924314940613256e-04 0.000000000000000000e+00 7.192877366228379356e-05 1.111745518033930750e-04 -7.525344690711699425e-04 5.878244578511865716e-04 -2.791896391751396821e-04 3.017658252011615888e-04 -1.995935512001080752e-03 1.130324262360005670e-04 -1.159953992832268247e-03
3.339329069401267324e-04 -8.654043760541251331e-05 7.192877366228379356e-05 0.000000000000000000e+00 4.433187755810561381e-04 -1.682861634364550107e-04 7.863159085691359381e-05 4.463153375416332330e-04 -3.315307761386011615e-04 1.469077120455672782e-04 1.714119176960259710e-04 3.989168647835868902e-04
3.508599265557935934e-04 7.733033745261522034e-04 1.111745518033930750e-04 4.433187755810561381e-04 0.000000000000000000e+00 -3.209469102900596387e-05 2.053383241570133839e-04 1.960707974805068544e-04 4.958677764619880092e-04 2.783043036010990107e-04 1.772716599036883452e-05 -1.281039439434842990e-03
-1.133922243949335575e-04 4.270989751532544738e-04 -7.525344690711699425e-04 -1.682861634364550107e-04 -3.209469102900596387e-05 0.000000000000000000e+00 -1.564715013038594127e-04 6.791371310211986780e-04 4.522144871885071921e-04 -1.493080655893140509e-03 1.027876433896732396e-03 8.999660726484833484e-04
1.510826012204349021e-04 6.761281892874543243e-04 5.878244578511865716e-04 7.863159085691359381e-05 2.053383241570133839e-04 -1.564715013038594127e-04 0.000000000000000000e+00 -8.700518386929589898e-04 -7.285837494093242697e-05 -3.910905431081851315e-04 1.001283120171185233e-03 9.503260349419615774e-04
3.312717548394595538e-04 -9.652930645644345708e-05 -2.791896391751396821e-04 4.463153375416332330e-04 1.960707974805068544e-04 6.791371310211986780e-04 -8.700518386929589898e-04 0.000000000000000000e+00 2.256261042175392321e-04 9.950801723200178132e-04 -3.307467209702281334e-05 6.694715006469575806e-05
-2.281675263086579367e-04 -6.374048620881296676e-04 3.017658252011615888e-04 -3.315307761386011615e-04 4.958677764619880092e-04 4.522144871885071921e-04 -7.285837494093242697e-05 2.256261042175392321e-04 0.000000000000000000e+00 -8.566689521966514877e-04 -7.813854963131038967e-04 -8.657286615492392878e-04
-6.773395183149559517e-04 -9.989095468518646541e-04 -1.995935512001080752e-03 1.469077120455672782e-04 2.783043036010990107e-04 -1.493080655893140509e-03 -3.910905431081851315e-04 9.950801723200178132e-04 -8.566689521966514877e-04 0.000000000000000000e+00 1.913147299512977378e-03 -4.136319017850775825e-03
-1.644801123292126876e-04 7.051690600402862842e-04 1.130324262360005670e-04 1.714119176960259710e-04 1.772716599036883452e-05 1.027876433896732396e-03 1.001283120171185233e-03 -3.307467209702281334e-05 -7.813854963131038967e-04 1.913147299512977378e-03 0.000000000000000000e+00 -2.280779894509523884e-03
1.078485388270701084e-03 -1.514361473593244575e-03 -1.159953992832268247e-03 3.989168647835868902e-04 -1.281039439434842990e-03 8.999660726484833484e-04 9.503260349419615774e-04 6.694715006469575806e-05 -8.657286615492392878e-04 -4.136319017850775825e-03 -2.280779894509523884e-03 0.000000000000000000e+00
