0.000000000000000000e+00 2.678313898663377312e-04 -2.136303427118794909e-04 5.914701140881958950e-05 4.688615742090182200e-04 -2.924367019681679771e-04 5.971611676126928195e-05 -1.854652410685106131e-04 1.161656490934443684e-04 -8.547769262202381101e-04 -1.341465387932066372e-04 4.239596512886323570e-04
2.678313898663377312e-04 0.000000000000000000e+00 4.592714926733027360e-04 3.151437658572648552e-04 5.520779273407672117e-04 -2.262567506021719802e-04 5.271271910080214214e-04 -6.790169154281110869e-04 1.415853168727007746e-04 1.010569100048282600e-03 -1.454781426693227018e-03 1.215099345413950998e-03
-2.136303427118794909e-04 4.592714926733027360e-04 0.000000000000000000e+00 7.184210052981529872e-04 3.185286416983958602e-04 1.935176061848616221e-04 -2.033366273625659016e-04 -7.174447230831226992e-04 7.823828043177242716e-04 -5.834077641547918318e-04 1.324977562968590117e-03 -1.263790910140789436e-03
5.914701140881958950e-05 3.151437658572648552e-04 7.184210052981529872e-04 0.000000000000000000e+00 -2.829818364822266245e-05 -3.890799256932753625e-04 -5.710966761693300493e-04 -2.159543161903079039e-04 -3.015337158164127507e-04 1.463452505678221804e-03 1.811438689359442210e-03 1.204839012774140119e-03
4.688615742090182200e-04 5.520779273407672117e-04 3.185286416983958602e-04 -2.829818364822266245e-05 0.000000000000000000e+00 -5.202858401178435616e-04 2.315043546559294053e-04 2.537968050007922971e-04 1.595922875877352144e-05 -3.082282604238498745e-04 4.956360959471067416e-04 -9.550098433591002649e-04
-2.924367019681679771e-04 -2.262567506021719802e-04 1.935176061848616221e-04 -3.890799256932753625e-04 -5.202858401178435616e-04 0.000000000000000000e+00 4.971136549952219963e-04 -5.057196560980407657e-04 -2.137072922783820987e-04 -1.032911485222546243e-03 7.348900725332590004e-04 7.781924039244146737e-04
5.971611676126928195e-05 5.271271910080214214e-04 -2.033366273625659016e-04 -5.710966761693300493e-04 2.315043546559294053e-04 4.971136549952219963e-04 0.000000000000000000e+00 -2.847693714815653477e-05 -3.168027196381634387e-04 4.515183849509895784e-04 2.115515294333575682e-04 -3.094494679897487311e-04
-1.854652410685106131e-04 -6.790169154281110869e-04 -7.174447230831226992e-04 -2.159543161903079039e-04 2.537968050007922971e-04 -5.057196560980407657e-04 -2.847693714815653477e-05 0.000000000000000000e+00 1.230779947123459130e-04 -4.409758663406218392e-05 9.282665307936131024e-05 -1.103001671043054611e-03
1.161656490934443684e-04 1.415853168727007746e-04 7.823828043177242716e-04 -3.015337158164127507e-04 1.595922875877352144e-05 -2.137072922783820987e-04 -3.168027196381634387e-04 1.230779947123459130e-04 0.000000000000000000e+00 -1.267911119597811293e-03 -1.302215364634290657e-03 -1.654338988511066611e-03
-8.547769262202381101e-04 1.010569100048282600e-03 -5.834077641547918318e-04 1.463452505678221804e-03 -3.082282604238498745e-04 -1.032911485222546243e-03 4.515183849509895784e-04 -4.409758663406218392e-05 -1.267911119597811293e-03 0.000000000000000000e+00 -1.357860823177413400e-03 -8.440485719534776554e-04
-1.341465387932066372e-04 -1.454781426693227018e-03 1.324977562968590117e-03 1.811438689359442210e-03 4.956360959471067416e-04 7.348900725332590004e-04 2.115515294333575682e-04 9.282665307936131024e-05 -1.302215364634290657e-03 -1.357860823177413400e-03 0.000000000000000000e+00 -9.271054313791266552e-04
4.239596512886323570e-04 1.215099345413950998e-03 -1.263790910140789436e-03 1.204839012774140119e-03 -9.550098433591002649e-04 7.781924039244146737e-04 -3.094494679897487311e-04 -1.103001671043054611e-03 -1.654338988511066611e-03 -8.440485719534776554e-04 -9.271054313791266552e-04 0.000000000000000000e+00
