0.000000000000000000e+00 -8.830183593141254449e-05 4.013448529438041665e-04 1.380309182310561370e-04 -6.639273228866028999e-04 6.073587196682261977e-05 1.169192367728738596e-04 3.109693076717557725e-04 -1.567369309969671664e-04 -1.256272582195846121e-04 3.891715262358264038e-04 -8.870401364277398374e-04
-8.830183593141254449e-05 0.000000000000000000e+00 7.647603734882964591e-04 1.489078594185409604e-04 -3.953669172673570905e-04 1.809234644065380623e-04 7.127635193708482418e-04 3.456827275789902082e-04 -2.277308671619751373e-04 5.969188053438461827e-04 7.328656336588916043e-04 1.141546400869112004e-03
4.013448529438041665e-04 7.647603734882964591e-04 0.000000000000000000e+00 9.205405806221279245e-04 2.567313871097765855e-04 -1.138784635968893540e-03 -1.377308007626715296e-06 -3.201715259986344679e-04 9.123432695919518739e-04 -8.678015317719206274e-04 1.462193460946972735e-03 -1.873618021041211596e-03
1.380309182310561370e-04 1.489078594185409604e-04 9.205405806221279245e-04 0.000000000000000000e+00 4.101803464588118955e-04 9.570764766089766328e-04 7.463982251054895921e-04 5.545938565244293251e-04 6.450172978651730728e-04 -6.766399402040630803e-04 4.462091542072774641e-04 -1.034453295283321948e-03
-6.639273228866028999e-04 -3.953669172673570905e-04 2.567313871097765855e-04 4.101803464588118955e-04 0.000000000000000000e+00 -1.402622703908009586e-06 -3.365152417030263673e-04 -9.283004992547982416e-05 3.278114287484883279e-04 -1.000318725546051881e-03 -5.828370922229018718e-05 1.920324588895737405e-04
6.073587196682261977e-05 1.809234644065380623e-04 -1.138784635968893540e-03 9.570764766089766328e-04 -1.402622703908009586e-06 0.000000000000000000e+00 3.305747317177115782e-04 -4.878791291248958027e-05 1.051675480783626415e-03 1.071875511095554461e-03 1.801686673322790361e-03 1.667264561641733020e-03
1.169192367728738596e-04 7.127635193708482418e-04 -1.377308007626715296e-06 7.463982251054895921e-04 -3.365152417030263673e-04 3.305747317177115782e-04 0.000000000000000000e+00 3.719427530294226150e-04 -5.218710931889506202e-04 1.250666349760375280e-03 -1.745244147832336612e-03 -3.594572293094712434e-04
3.109693076717557725e-04 3.456827275789902082e-04 -3.201715259986344679e-04 5.545938565244293251e-04 -9.283004992547982416e-05 -4.878791291248958027e-05 3.719427530294226150e-04 0.000000000000000000e+00 1.889550758471748705e-05 -1.556029182073110067e-03 -1.820495036963482396e-04 5.558383344024022668e-04
-1.567369309969671664e-04 -2.277308671619751373e-04 9.123432695919518739e-04 6.450172978651730728e-04 3.278114287484883279e-04 1.051675480783626415e-03 -5.218710931889506202e-04 1.889550758471748705e-05 0.000000000000000000e+00 -8.205758668926596631e-05 3.293376336877720367e-04 -1.549749764893136247e-03
-1.256272582195846121e-04 5.969188053438461827e-04 -8.678015317719206274e-04 -6.766399402040630803e-04 -1.000318725546051881e-03 1.071875511095554461e-03 1.250666349760375280e-03 -1.556029182073110067e-03 -8.205758668926596631e-05 0.000000000000000000e+00 1.482317824926026499e-03 -3.139828040726604704e-03
3.891715262358264038e-04 7.328656336588916043e-04 1.462193460946972735e-03 4.462091542072774641e-04 -5.828370922229018718e-05 1.801686673322790361e-03 -1.745244147832336612e-03 -1.820495036963482396e-04 3.293376336877720367e-04 1.482317824926026499e-03 0.000000000000000000e+00 1.063456758290477451e-03
-8.870401364277398374e-04 1.141546400869112004e-03 -1.873618021041211596e-03 -1.034453295283321948e-03 1.920324588895737405e-04 1.667264561641733020e-03 -3.594572293094712434e-04 5.558383344024022668e-04 -1.549749764893136247e-03 -3.139828040726604704e-03 1.063456758290477451e-03 0.000000000000000000e+00
