0.000000000000000000e+00 -7.664870981980344158e-05 4.474790316661285709e-04 1.736898588451243216e-05 -8.354231440860088718e-05 3.872061087384970129e-04 -2.743474452982148947e-04 2.965341635457109269e-04 -1.194992518805358943e-04 -4.643064816253395953e-04 -5.886564300724419704e-04 9.061906434338407902e-04
-7.664870981980344158e-05 0.000000000000000000e+00 3.706970267938653764e-04 1.129729688540386109e-04 -4.074618758742358721e-05 2.039969840601701186e-05 1.675634761222241610e-04 -2.995238842563494562e-04 1.536516644874465491e-04 -7.698204198710929163e-04 -3.118508884958459248e-04 -1.024321263209737988e-03
4.474790316661285709e-04 3.706970267938653764e-04 0.000000000000000000e+00 1.500424029355035911e-04 6.701081178798389080e-04 2.046868827676478109e-04 2.346222350280430117e-04 -2.966884381867956346e-04 1.191319961729553589e-04 -5.760010135840437509e-04 -1.706612210325300942e-03 -1.845590305752071699e-03
1.736898588451243216e-05 1.129729688540386109e-04 1.500424029355035911e-04 0.000000000000000000e+00 2.866819406313432170e-04 2.672354503149563295e-04 2.572191573841524684e-04 -1.062381479411837531e-04 -3.203236611735052843e-04 1.280090233002620457e-03 -2.012914842897085767e-04 4.540991115110951343e-04
-8.354231440860088718e-05 -4.074618758742358721e-05 6.701081178798389080e-04 2.866819406313432170e-04 0.000000000000000000e+00 -2.965768278515436653e-04 -1.096693398028418260e-04 2.304079024652640770e-04 2.948776895460992857e-04 -1.054970649881548442e-03 -8.490783406650752145e-04 3.084362078456993504e-04
3.872061087384970129e-04 2.039969840601701186e-05 2.046868827676478109e-04 2.672354503149563295e-04 -2.965768278515436653e-04 0.000000000000000000e+00 -3.763801115208184568e-04 2.469180389756009549e-04 6.480068129765171768e-04 -4.131366350324060374e-04 1.026682554523845577e-03 1.164945994234440566e-03
-2.743474452982148947e-04 1.675634761222241610e-04 2.346222350280430117e-04 2.572191573841524684e-04 -1.096693398028418260e-04 -3.763801115208184568e-04 0.000000000000000000e+00 -2.015464602084488617e-04 3.485100669434122484e-04 -1.281291088178195209e-04 -6.199369256902308167e-04 8.821335977115948510e-04
2.965341635457109269e-04 -2.995238842563494562e-04 -2.966884381867956346e-04 -1.062381479411837531e-04 2.304079024652640770e-04 2.469180389756009549e-04 -2.015464602084488617e-04 0.000000000000000000e+00 3.589506075976957051e-04 -7.595795205020727033e-05 1.670702746653804794e-03 -1.478785441066573928e-03
-1.194992518805358943e-04 1.536516644874465491e-04 1.191319961729553589e-04 -3.203236611735052843e-04 2.948776895460992857e-04 6.480068129765171768e-04 3.485100669434122484e-04 3.589506075976957051e-04 0.000000000000000000e+00 -4.747858647458998616e-04 1.678624012921256818e-03 8.316591926322575851e-04
-4.643064816253395953e-04 -7.698204198710929163e-04 -5.760010135840437509e-04 1.280090233002620457e-03 -1.054970649881548442e-03 -4.131366350324060374e-04 -1.281291088178195209e-04 -7.595795205020727033e-05 -4.747858647458998616e-04 0.000000000000000000e+00 2.145971581117216836e-03 -1.365444278640928419e-04
-5.886564300724419704e-04 -3.118508884958459248e-04 -1.706612210325300942e-03 -2.012914842897085767e-04 -8.490783406650752145e-04 1.026682554523845577e-03 -6.199369256902308167e-04 1.670702746653804794e-03 1.678624012921256818e-03 2.145971581117216836e-03 0.000000000000000000e+00 -3.281603197054109699e-03
9.061906434338407902e-04 -1.024321263209737988e-03 -1.845590305752071699e-03 4.540991115110951343e-04 3.084362078456993504e-04 1.164945994234440566e-03 8.821335977115948510e-04 -1.478785441066573928e-03 8.316591926322575851e-04 -1.365444278640928419e-04 -3.281603197054109699e-03 0.000000000000000000e+00
