0.000000000000000000e+00 -4.237244653400153247e-04 2.327629155801258401e-04 3.049879230432836789e-04 -1.874194618215840966e-05 -1.287296934801861518e-04 -2.425928018847421446e-05 2.384714404767020971e-04 -3.964668939992757536e-04 2.079889730446806524e-04 4.523194567257004628e-04 -7.374881246794640836e-05
-4.237244653400153247e-04 0.000000000000000000e+00 1.069439301120619478e-03 3.427662444897556344e-04 1.195694451761912968e-05 3.031486105384353653e-05 1.008062845584833164e-03 -8.112210842393377183e-04 -5.405866155251177639e-04 1.781674283710884448e-03 1.017508269500682488e-03 1.752965103876111047e-03
2.327629155801258401e-04 1.069439301120619478e-03 0.000000000000000000e+00 -4.276097560197316999e-04 3.228947752157024513e-04 -9.870990135266214088e-04 -4.790287161243585385e-04 8.909200236460753470e-04 5.104149333018224858e-04 1.417290728020548446e-03 1.114616831928887672e-03 -1.497136688479359500e-03
3.049879230432836789e-04 3.427662444897556344e-04 -4.276097560197316999e-04 0.000000000000000000e+00 3.372268456300678546e-04 -8.112172166158821958e-05 -9.202011232511814989e-05 2.244499647795934535e-05 -6.670001618081415693e-05 5.489904679186522439e-04 2.165071608949718578e-04 7.245770723532423329e-04
-1.874194618215840966e-05 1.195694451761912968e-05 3.228947752157024513e-04 3.372268456300678546e-04 0.000000000000000000e+00 -1.418158570003168455e-04 2.434894061521615982e-05 2.929355126424224424e-05 -1.403797903163806089e-04 -1.161095125476287139e-03 -1.062459814726658940e-03 1.240711844917759916e-03
-1.287296934801861518e-04 3.031486105384353653e-05 -9.870990135266214088e-04 -8.112172166158821958e-05 -1.418158570003168455e-04 0.000000000000000000e+00 2.757527461032263324e-04 5.807581194239007935e-04 6.765110209462363647e-04 -3.444479340899636935e-04 -2.507653216746035278e-04 1.146539912967475946e-03
-2.425928018847421446e-05 1.008062845584833164e-03 -4.790287161243585385e-04 -9.202011232511814989e-05 2.434894061521615982e-05 2.757527461032263324e-04 0.000000000000000000e+00 1.685803108381584781e-04 2.454819639330084761e-04 1.472503552427534279e-03 -1.680994305921050319e-03 -1.017183238060964667e-03
2.384714404767020971e-04 -8.112210842393377183e-04 8.909200236460753470e-04 2.244499647795934535e-05 2.929355126424224424e-05 5.807581194239007935e-04 1.685803108381584781e-04 0.000000000000000000e+00 -3.351454434658232171e-04 1.324013198299448229e-03 1.572638363590858168e-04 -1.075208608419147118e-03
-3.964668939992757536e-04 -5.405866155251177639e-04 5.104149333018224858e-04 -6.670001618081415693e-05 -1.403797903163806089e-04 6.765110209462363647e-04 2.454819639330084761e-04 -3.351454434658232171e-04 0.000000000000000000e+00 9.085166820449488935e-04 -6.396588655646673382e-04 -1.055674132234962932e-03
2.079889730446806524e-04 1.781674283710884448e-03 1.417290728020548446e-03 5.489904679186522439e-04 -1.161095125476287139e-03 -3.444479340899636935e-04 1.472503552427534279e-03 1.324013198299448229e-03 9.085166820449488935e-04 0.000000000000000000e+00 -1.155009032028751857e-03 -3.746518059553818371e-03
4.523194567257004628e-04 1.017508269500682488e-03 1.114616831928887672e-03 2.165071608949718578e-04 -1.062459814726658940e-03 -2.507653216746035278e-04 -1.680994305921050319e-03 1.572638363590858168e-04 -6.396588655646673382e-04 -1.155009032028751857e-03 0.000000000000000000e+00 1.932206562712932571e-03
-7.374881246794640836e-05 1.752965103876111047e-03 -1.497136688479359500e-03 7.245770723532423329e-04 1.240711844917759916e-03 1.146539912967475946e-03 -1.017183238060964667e-03 -1.075208608419147118e-03 -1.055674132234962932e-03 -3.746518059553818371e-03 1.932206562712932571e-03 0.000000000000000000e+00
