0.000000000000000000e+00 4.255522250956232872e-04 -2.046295433860440959e-04 -4.692445069723786373e-04 9.409511166425713448e-04 1.248009549591130212e-03 -1.136446178001372913e-03 1.660836412890123303e-03 3.446595488005493651e-04 -6.895728160112689223e-04 1.531336717981833116e-04 1.814461700390460541e-03
4.255522250956232872e-04 0.000000000000000000e+00 -1.718764938818465106e-05 6.802403088550620014e-04 1.097559982545260335e-04 9.485007970850718988e-04 -3.784130758045720603e-06 -4.525608798954938857e-04 -1.090827001547892318e-04 -2.827986145306677387e-04 -2.078356436671786574e-04 -3.689464578090145895e-04
-2.046295433860440959e-04 -1.718764938818465106e-05 0.000000000000000000e+00 -1.375531014444791487e-04 -9.333280394777715080e-04 -1.205108469222941327e-04 -8.671314111850044913e-04 -2.067892697225110106e-04 -5.370954361534232939e-04 -1.066040300956198417e-04 4.234821355128325993e-04 -7.941219568120338275e-05
-4.692445069723786373e-04 6.802403088550620014e-04 -1.375531014444791487e-04 0.000000000000000000e+00 -7.354345176778598683e-04 -3.264854072699404849e-04 2.281585580464534277e-04 -5.225397908408920466e-04 3.587891717089609976e-04 4.020458720531971952e-04 -2.407982375508189619e-04 -1.021768368372293978e-03
9.409511166425713448e-04 1.097559982545260335e-04 -9.333280394777715080e-04 -7.354345176778598683e-04 0.000000000000000000e+00 -9.501707899893047310e-04 4.564133870995329520e-04 2.043693480750069166e-03 7.005201535227188921e-05 5.337346532637880173e-04 -3.592285682181840497e-04 3.145477576448740126e-03
1.248009549591130212e-03 9.485007970850718988e-04 -1.205108469222941327e-04 -3.264854072699404849e-04 -9.501707899893047310e-04 0.000000000000000000e+00 5.157358629217275846e-04 -2.580645294097782920e-03 -1.054973168792919811e-04 -3.056516583337192360e-04 1.940251047422742563e-06 1.009967555306826416e-03
-1.136446178001372913e-03 -3.784130758045720603e-06 -8.671314111850044913e-04 2.281585580464534277e-04 4.564133870995329520e-04 5.157358629217275846e-04 0.000000000000000000e+00 6.504436432421642923e-04 3.480303136072598847e-04 1.909770464547857897e-04 1.557570183555498204e-04 4.959492249503716756e-04
1.660836412890123303e-03 -4.525608798954938857e-04 -2.067892697225110106e-04 -5.225397908408920466e-04 2.043693480750069166e-03 -2.580645294097782920e-03 6.504436432421642923e-04 0.000000000000000000e+00 -3.673198027616996820e-05 -7.978052259760640965e-04 1.321602252176809012e-03 -3.026039037765047932e-03
3.446595488005493651e-04 -1.090827001547892318e-04 -5.370954361534232939e-04 3.587891717089609976e-04 7.005201535227188921e-05 -1.054973168792919811e-04 3.480303136072598847e-04 -3.673198027616996820e-05 0.000000000000000000e+00 -1.811640758156669927e-04 1.068699070290391666e-04 4.232514195671156190e-05
-6.895728160112689223e-04 -2.827986145306677387e-04 -1.066040300956198417e-04 4.020458720531971952e-04 5.337346532637880173e-04 -3.056516583337192360e-04 1.909770464547857897e-04 -7.978052259760640965e-04 -1.811640758156669927e-04 0.000000000000000000e+00 3.354432530982376603e-05 4.921010421001540888e-04
1.531336717981833116e-04 -2.078356436671786574e-04 4.234821355128325993e-04 -2.407982375508189619e-04 -3.592285682181840497e-04 1.940251047422742563e-06 1.557570183555498204e-04 1.321602252176809012e-03 1.068699070290391666e-04 3.354432530982376603e-05 0.000000000000000000e+00 -1.019316377387261777e-03
1.814461700390460541e-03 -3.689464578090145895e-04 -7.941219568120338275e-05 -1.021768368372293978e-03 3.145477576448740126e-03 1.009967555306826416e-03 4.959492249503716756e-04 -3.026039037765047932e-03 4.232514195671156190e-05 4.921010421001540888e-04 -1.019316377387261777e-03 0.000000000000000000e+00
