0.000000000000000000e+00 6.582806090687088989e-04 1.053521523631427686e-03 2.913983063494144277e-04 1.750041141831439745e-03 -4.316711437769886949e-04 -4.294999735334122126e-04 2.274053646190934801e-03 -1.356398020900906689e-04 3.733504008046138311e-04 1.742554288123368805e-04 2.346470649124410279e-03
6.582806090687088989e-04 0.000000000000000000e+00 -6.081008884672476711e-04 -8.615350345255469694e-05 4.206555813777274576e-04 -3.361026891838968700e-04 8.274728975919309253e-05 -6.774059278870621717e-04 -4.545077095299934517e-04 2.023390943103657797e-04 -7.837750406103234906e-04 -9.819556493517362945e-04
1.053521523631427686e-03 -6.081008884672476711e-04 0.000000000000000000e+00 6.734382773834591369e-04 6.651807094495480700e-04 2.861603383721310258e-04 7.978343469092877326e-04 -1.188697680705556436e-03 -2.916615398563847730e-04 2.414176563308935062e-04 6.267781025270067769e-04 -1.458237340612326353e-03
2.913983063494144277e-04 -8.615350345255469694e-05 6.734382773834591369e-04 0.000000000000000000e+00 -7.336141343119564136e-05 8.764069744402236449e-04 -5.917220283156242972e-04 -6.663250199519048754e-04 -1.311371745580162636e-04 1.751527691094188722e-04 -4.396017790409680959e-04 1.128191801742832456e-03
1.750041141831439745e-03 4.206555813777274576e-04 6.651807094495480700e-04 -7.336141343119564136e-05 0.000000000000000000e+00 4.369068734751809457e-04 1.044977196360287073e-03 -1.138688395159240919e-04 4.583781592320068199e-04 3.095902263925880485e-04 -1.001023922906121725e-03 -2.806332543476936989e-04
-4.316711437769886949e-04 -3.361026891838968700e-04 2.861603383721310258e-04 8.764069744402236449e-04 4.369068734751809457e-04 0.000000000000000000e+00 1.954556689025056283e-04 -2.253791629825401140e-04 -6.179315421483118700e-04 5.971310088609932236e-05 5.044349885685861512e-04 2.099521927475059887e-03
-4.294999735334122126e-04 8.274728975919309253e-05 7.978343469092877326e-04 -5.917220283156242972e-04 1.044977196360287073e-03 1.954556689025056283e-04 0.000000000000000000e+00 -1.916957964287033201e-03 3.224298216239723076e-04 -2.065109677771066624e-04 -8.410792582379967707e-05 2.387657394351947859e-03
2.274053646190934801e-03 -6.774059278870621717e-04 -1.188697680705556436e-03 -6.663250199519048754e-04 -1.138688395159240919e-04 -2.253791629825401140e-04 -1.916957964287033201e-03 0.000000000000000000e+00 -1.921728710952427344e-04 1.084190934765819070e-03 -9.324577764337956551e-04 2.273245401386647570e-03
-1.356398020900906689e-04 -4.545077095299934517e-04 -2.916615398563847730e-04 -1.311371745580162636e-04 4.583781592320068199e-04 -6.179315421483118700e-04 3.224298216239723076e-04 -1.921728710952427344e-04 0.000000000000000000e+00 -1.631913238794577888e-04 2.531789802347837043e-04 5.026565846955623185e-05
3.733504008046138311e-04 2.023390943103657797e-04 2.414176563308935062e-04 1.751527691094188722e-04 3.095902263925880485e-04 5.971310088609932236e-05 -2.065109677771066624e-04 1.084190934765819070e-03 -1.631913238794577888e-04 0.000000000000000000e+00 -1.579083257934387288e-04 3.869177026943420813e-04
1.742554288123368805e-04 -7.837750406103234906e-04 6.267781025270067769e-04 -4.396017790409680959e-04 -1.001023922906121725e-03 5.044349885685861512e-04 -8.410792582379967707e-05 -9.324577764337956551e-04 2.531789802347837043e-04 -1.579083257934387288e-04 0.000000000000000000e+00 6.173100691742733348e-05
2.346470649124410279e-03 -9.819556493517362945e-04 -1.458237340612326353e-03 1.128191801742832456e-03 -2.806332543476936989e-04 2.099521927475059887e-03 2.387657394351947859e-03 2.273245401386647570e-03 5.026565846955623185e-05 3.869177026943420813e-04 6.173100691742733348e-05 0.000000000000000000e+00
