0.000000000000000000e+00 -3.577653260835170278e-04 -7.101025666202897494e-04 4.050553574780879607e-04 8.238623368397638390e-04 9.240917001012425355e-04 1.074081823677555799e-04 -1.923467120301972479e-03 3.881646939821131281e-04 5.567630383649532452e-05 -5.736927255329264848e-04 6.604936987760136758e-04
-3.577653260835170278e-04 0.000000000000000000e+00 -1.780799044260441622e-04 -3.621736770133229561e-05 -6.338585429420342697e-04 -4.714356680138800942e-05 -1.300514879605264829e-04 -1.040343040079312912e-03 1.542039669904564857e-04 1.933333251893678588e-05 -2.336923893105439783e-04 -1.460141049180966894e-03
-7.101025666202897494e-04 -1.780799044260441622e-04 0.000000000000000000e+00 1.173234120818396949e-03 -1.181646374190730006e-03 2.258484364199599408e-04 -5.896952844377210956e-05 2.050994472331756167e-03 4.575880897469774655e-04 1.193595971684923969e-04 -1.597583892233042665e-05 1.020543890874107181e-03
4.050553574780879607e-04 -3.621736770133229561e-05 1.173234120818396949e-03 0.000000000000000000e+00 -2.163884442062815152e-04 4.933047671160251807e-04 5.221421598181685353e-04 -1.497425063941628396e-03 3.636338963733060179e-04 -1.232236614208749071e-04 4.206630687402866230e-04 -1.790916130193677706e-03
8.238623368397638390e-04 -6.338585429420342697e-04 -1.181646374190730006e-03 -2.163884442062815152e-04 0.000000000000000000e+00 -1.462933589950799775e-04 -3.358532107541572879e-04 6.432371607520732818e-04 3.115018034396828915e-04 9.787243317850742846e-04 4.803662785398674149e-04 -1.016855262364253039e-03
9.240917001012425355e-04 -4.714356680138800942e-05 2.258484364199599408e-04 4.933047671160251807e-04 -1.462933589950799775e-04 0.000000000000000000e+00 3.827415654440312516e-04 5.492152258207925455e-04 2.456243320926831107e-04 8.377055225218027121e-05 4.728274891152017280e-05 4.265774232305246608e-04
1.074081823677555799e-04 -1.300514879605264829e-04 -5.896952844377210956e-05 5.221421598181685353e-04 -3.358532107541572879e-04 3.827415654440312516e-04 0.000000000000000000e+00 3.471302810300268510e-04 3.541706923378641820e-05 -1.011115582361374793e-04 1.920066314071990586e-04 2.009531116067386335e-04
-1.923467120301972479e-03 -1.040343040079312912e-03 2.050994472331756167e-03 -1.497425063941628396e-03 6.432371607520732818e-04 5.492152258207925455e-04 3.471302810300268510e-04 0.000000000000000000e+00 6.357782360137595717e-04 1.447013242636791767e-03 -4.251213338242578799e-04 2.639565024805867396e-03
3.881646939821131281e-04 1.542039669904564857e-04 4.575880897469774655e-04 3.636338963733060179e-04 3.115018034396828915e-04 2.456243320926831107e-04 3.541706923378641820e-05 6.357782360137595717e-04 0.000000000000000000e+00 1.657702492481425113e-06 -1.912557989741066940e-04 7.845009199278222189e-04
5.567630383649532452e-05 1.933333251893678588e-05 1.193595971684923969e-04 -1.232236614208749071e-04 9.787243317850742846e-04 8.377055225218027121e-05 -1.011115582361374793e-04 1.447013242636791767e-03 1.657702492481425113e-06 0.000000000000000000e+00 -1.867847976276565836e-04 -1.622854534413816115e-03
-5.736927255329264848e-04 -2.336923893105439783e-04 -1.597583892233042665e-05 4.206630687402866230e-04 4.803662785398674149e-04 4.728274891152017280e-05 1.920066314071990586e-04 -4.251213338242578799e-04 -1.912557989741066940e-04 -1.867847976276565836e-04 0.000000000000000000e+00 -5.616373893598759683e-04
6.604936987760136758e-04 -1.460141049180966894e-03 1.020543890874107181e-03 -1.790916130193677706e-03 -1.016855262364253039e-03 4.265774232305246608e-04 2.009531116067386335e-04 2.639565024805867396e-03 7.845009199278222189e-04 -1.622854534413816115e-03 -5.616373893598759683e-04 0.000000000000000000e+00
