0.000000000000000000e+00 -6.601434606822036187e-04 -9.076641233496200983e-04 2.503544432123728310e-04 6.074006187922046697e-04 6.569923739273349108e-05 -5.326003085330535333e-04 -1.941316865909677300e-03 3.681007794375090042e-04 9.002324716184214497e-04 1.221315459845277848e-04 -1.999815965201888306e-03
-6.601434606822036187e-04 0.000000000000000000e+00 4.389458081380005218e-04 5.457000616304951779e-04 -4.174994897955151222e-04 -1.651124558959974947e-04 -6.160726612657709336e-04 1.678565156286632208e-03 1.753082967466031957e-06 -1.557037394312806738e-04 -1.856721719007163520e-04 -1.129666546690337187e-03
-9.076641233496200983e-04 4.389458081380005218e-04 0.000000000000000000e+00 -6.007254784559753385e-04 -9.453359996660565050e-05 1.350918212628374649e-04 -9.665109600451659384e-04 -2.477362628507140310e-03 -2.576274338758291092e-04 1.260962391779729122e-04 -8.662208227187306230e-06 1.605194524562736673e-03
2.503544432123728310e-04 5.457000616304951779e-04 -6.007254784559753385e-04 0.000000000000000000e+00 8.201716987122478547e-04 7.509356125076793341e-04 8.758938810277851618e-05 6.039784112858997836e-04 1.627674658380433195e-04 6.840603987711668644e-05 1.999929791814100731e-04 1.512672464225631955e-03
6.074006187922046697e-04 -4.174994897955151222e-04 -9.453359996660565050e-05 8.201716987122478547e-04 0.000000000000000000e+00 8.518712174505081508e-04 -3.862608687165347749e-04 -2.072194279329415793e-03 4.959327671400227651e-04 -2.561689760341983191e-04 3.967139942660994462e-05 -7.291989850395568873e-04
6.569923739273349108e-05 -1.651124558959974947e-04 1.350918212628374649e-04 7.509356125076793341e-04 8.518712174505081508e-04 0.000000000000000000e+00 2.815384137927784305e-04 2.560553774282981425e-05 2.363107553496960321e-04 1.269184353250703490e-06 -2.373914437316726803e-04 -6.667346455137371794e-04
-5.326003085330535333e-04 -6.160726612657709336e-04 -9.665109600451659384e-04 8.758938810277851618e-05 -3.862608687165347749e-04 2.815384137927784305e-04 0.000000000000000000e+00 -9.834076450944619508e-04 -4.712810035874178956e-04 2.926203612709331998e-04 2.532600347550945791e-04 7.206311963554585913e-04
-1.941316865909677300e-03 1.678565156286632208e-03 -2.477362628507140310e-03 6.039784112858997836e-04 -2.072194279329415793e-03 2.560553774282981425e-05 -9.834076450944619508e-04 0.000000000000000000e+00 5.119330844809025314e-04 8.292912157480934483e-04 -1.231972351881274567e-04 3.343000276189981202e-04
3.681007794375090042e-04 1.753082967466031957e-06 -2.576274338758291092e-04 1.627674658380433195e-04 4.959327671400227651e-04 2.363107553496960321e-04 -4.712810035874178956e-04 5.119330844809025314e-04 0.000000000000000000e+00 7.772734376700940245e-05 4.511357876256462049e-04 -1.138340312577874663e-03
9.002324716184214497e-04 -1.557037394312806738e-04 1.260962391779729122e-04 6.840603987711668644e-05 -2.561689760341983191e-04 1.269184353250703490e-06 2.926203612709331998e-04 8.292912157480934483e-04 7.772734376700940245e-05 0.000000000000000000e+00 2.345285759153957917e-04 -2.034668698206393636e-04
1.221315459845277848e-04 -1.856721719007163520e-04 -8.662208227187306230e-06 1.999929791814100731e-04 3.967139942660994462e-05 -2.373914437316726803e-04 2.532600347550945791e-04 -1.231972351881274567e-04 4.511357876256462049e-04 2.345285759153957917e-04 0.000000000000000000e+00 6.845821629550111241e-04
-1.999815965201888306e-03 -1.129666546690337187e-03 1.605194524562736673e-03 1.512672464225631955e-03 -7.291989850395568873e-04 -6.667346455137371794e-04 7.206311963554585913e-04 3.343000276189981202e-04 -1.138340312577874663e-03 -2.034668698206393636e-04 6.845821629550111241e-04 0.000000000000000000e+00
