0.000000000000000000e+00 4.350113122735276873e-04 2.475177901371932452e-04 1.202693674781481680e-04 2.914998459441398471e-04 1.320825437333714787e-04 1.072513593447685506e-03 -1.947304620313890710e-03 -8.722673908716055381e-05 3.598491669156694134e-04 9.994173961156915201e-04 1.943137782856128989e-04
4.350113122735276873e-04 0.000000000000000000e+00 4.894567486893737192e-04 -1.638826712066622862e-04 8.281974814225410726e-04 -1.109316331430321964e-04 -3.299771515419565706e-04 -9.114168970839224082e-04 3.097676927232226465e-05 1.927268814121815203e-04 3.372041438482007315e-04 1.297393079023541600e-03
2.475177901371932452e-04 4.894567486893737192e-04 0.000000000000000000e+00 1.497572084327829624e-03 1.676926660348616687e-04 -8.547946390391065455e-04 -1.012805976482912627e-03 5.468995981141285337e-04 -7.924328266828100211e-04 -2.491984731236411305e-04 1.059146426977771214e-04 2.380508638764378560e-03
1.202693674781481680e-04 -1.638826712066622862e-04 1.497572084327829624e-03 0.000000000000000000e+00 4.257779944523469259e-04 4.912719691126865226e-04 7.979903510285245478e-04 9.471904658906720592e-04 -3.419968805683678528e-04 2.304083311893130148e-04 -3.038572922499100239e-04 -1.299977411962740300e-03
2.914998459441398471e-04 8.281974814225410726e-04 1.676926660348616687e-04 4.257779944523469259e-04 0.000000000000000000e+00 -7.706329158191783501e-04 -3.207384221868324684e-04 1.620639952509779491e-03 5.902221039382788293e-04 -4.774470726583307793e-04 -2.780599314157355430e-04 1.272623250718319656e-03
1.320825437333714787e-04 -1.109316331430321964e-04 -8.547946390391065455e-04 4.912719691126865226e-04 -7.706329158191783501e-04 0.000000000000000000e+00 -7.981247119061981535e-04 -8.644552726556383859e-04 5.684675492931686933e-04 1.332622855416139393e-04 -3.908048758626481091e-04 -6.546086419031381647e-04
1.072513593447685506e-03 -3.299771515419565706e-04 -1.012805976482912627e-03 7.979903510285245478e-04 -3.207384221868324684e-04 -7.981247119061981535e-04 0.000000000000000000e+00 8.164030735072064487e-04 9.095993018814160812e-05 2.626395512068356044e-04 -4.530298595633478831e-04 1.010363709872001692e-03
-1.947304620313890710e-03 -9.114168970839224082e-04 5.468995981141285337e-04 9.471904658906720592e-04 1.620639952509779491e-03 -8.644552726556383859e-04 8.164030735072064487e-04 0.000000000000000000e+00 1.090553095533525717e-03 3.398152451213576038e-04 -6.620878856638865275e-04 -3.808379007469602385e-03
-8.722673908716055381e-05 3.097676927232226465e-05 -7.924328266828100211e-04 -3.419968805683678528e-04 5.902221039382788293e-04 5.684675492931686933e-04 9.095993018814160812e-05 1.090553095533525717e-03 0.000000000000000000e+00 -1.396332858097053937e-04 -2.301457821486739661e-04 3.186178478584246248e-04
3.598491669156694134e-04 1.927268814121815203e-04 -2.491984731236411305e-04 2.304083311893130148e-04 -4.774470726583307793e-04 1.332622855416139393e-04 2.626395512068356044e-04 3.398152451213576038e-04 -1.396332858097053937e-04 0.000000000000000000e+00 8.167345857365751049e-05 -8.236391051712241935e-04
9.994173961156915201e-04 3.372041438482007315e-04 1.059146426977771214e-04 -3.038572922499100239e-04 -2.780599314157355430e-04 -3.908048758626481091e-04 -4.530298595633478831e-04 -6.620878856638865275e-04 -2.301457821486739661e-04 8.167345857365751049e-05 0.000000000000000000e+00 1.055676849515759571e-03
1.943137782856128989e-04 1.297393079023541600e-03 2.380508638764378560e-03 -1.299977411962740300e-03 1.272623250718319656e-03 -6.546086419031381647e-04 1.010363709872001692e-03 -3.808379007469602385e-03 3.186178478584246248e-04 -8.236391051712241935e-04 1.055676849515759571e-03 0.000000000000000000e+00
