0.000000000000000000e+00 -2.742343176872411416e-04 4.940364430278579950e-04 1.600620033819497197e-03 1.474452724016407602e-03 4.725652530412199621e-04 -4.911157727959022251e-04 -1.366277491608392826e-03 -2.279268451533720771e-04 8.577303037237138383e-04 8.585527823542594766e-05 1.762896113361262450e-04
-2.742343176872411416e-04 0.000000000000000000e+00 -6.661355795774282504e-04 1.746821037604295889e-04 5.015321752131735684e-04 -2.549701841389701105e-04 2.756044261310947518e-04 1.083760508524594631e-03 5.309328888645633519e-04 6.753949204983440572e-04 -3.263919836573389447e-04 -4.348288104437636990e-04
4.940364430278579950e-04 -6.661355795774282504e-04 0.000000000000000000e+00 3.918012048645294729e-04 1.480490213011176131e-04 -1.057177739272657839e-05 1.970985298253856476e-04 7.335417644920133743e-06 -4.353913380030546691e-04 -6.275832660003691633e-05 -2.512165328403272689e-04 -1.571124087084339275e-04
1.600620033819497197e-03 1.746821037604295889e-04 3.918012048645294729e-04 0.000000000000000000e+00 -1.935032516377501897e-03 8.525459058810465980e-05 -1.729488249855952063e-03 -1.703236390035462377e-03 7.421345314412339895e-04 -5.395182249609834424e-04 -3.313980955707966983e-03 5.660845886159329146e-05
1.474452724016407602e-03 5.015321752131735684e-04 1.480490213011176131e-04 -1.935032516377501897e-03 0.000000000000000000e+00 -1.162082689398701366e-03 2.352283882117036198e-04 1.787695999300737597e-03 5.826080565187106942e-04 6.364969244030373651e-04 6.614393240873448453e-05 2.111052516509208106e-04
4.725652530412199621e-04 -2.549701841389701105e-04 -1.057177739272657839e-05 8.525459058810465980e-05 -1.162082689398701366e-03 0.000000000000000000e+00 -3.079012135679461701e-04 -8.052942784266070922e-04 -3.939789327985455058e-04 -9.515376948122613492e-05 -8.632863415195849658e-04 -8.503390253114037617e-06
-4.911157727959022251e-04 2.756044261310947518e-04 1.970985298253856476e-04 -1.729488249855952063e-03 2.352283882117036198e-04 -3.079012135679461701e-04 0.000000000000000000e+00 -1.591226862659423985e-03 9.063449194916792023e-04 -9.915201310360854860e-04 -5.357505596840741362e-04 4.890750692155740841e-04
-1.366277491608392826e-03 1.083760508524594631e-03 7.335417644920133743e-06 -1.703236390035462377e-03 1.787695999300737597e-03 -8.052942784266070922e-04 -1.591226862659423985e-03 0.000000000000000000e+00 8.700729513250694477e-04 -1.029419684880196560e-03 -8.494170116894668747e-04 1.073696971678757273e-03
-2.279268451533720771e-04 5.309328888645633519e-04 -4.353913380030546691e-04 7.421345314412339895e-04 5.826080565187106942e-04 -3.939789327985455058e-04 9.063449194916792023e-04 8.700729513250694477e-04 0.000000000000000000e+00 6.546969660707961354e-04 -9.067541650788759830e-04 9.167647747544997380e-05
8.577303037237138383e-04 6.753949204983440572e-04 -6.275832660003691633e-05 -5.395182249609834424e-04 6.364969244030373651e-04 -9.515376948122613492e-05 -9.915201310360854860e-04 -1.029419684880196560e-03 6.546969660707961354e-04 0.000000000000000000e+00 1.702868420104384183e-03 -2.421779006064332361e-05
8.585527823542594766e-05 -3.263919836573389447e-04 -2.512165328403272689e-04 -3.313980955707966983e-03 6.614393240873448453e-05 -8.632863415195849658e-04 -5.357505596840741362e-04 -8.494170116894668747e-04 -9.067541650788759830e-04 1.702868420104384183e-03 0.000000000000000000e+00 -3.840672307889021162e-05
1.762896113361262450e-04 -4.348288104437636990e-04 -1.571124087084339275e-04 5.660845886159329146e-05 2.111052516509208106e-04 -8.503390253114037617e-06 4.890750692155740841e-04 1.073696971678757273e-03 9.167647747544997380e-05 -2.421779006064332361e-05 -3.840672307889021162e-05 0.000000000000000000e+00
