0.000000000000000000e+00 -7.633307810564730770e-04 -4.957070296826573356e-04 9.294287926616391724e-04 -6.483552630257761627e-04 2.899262546803748512e-06 2.417098128824827065e-04 -5.464276009599163160e-04 -4.560351804009910547e-04 -2.181290868814028271e-04 -1.607640870277629499e-03 -3.257945801132986169e-04
-7.633307810564730770e-04 0.000000000000000000e+00 3.785661046080899655e-05 -1.342732068045909529e-03 -5.680729296512768362e-04 6.515227353632470483e-04 -3.464452669432757192e-05 1.163398498046512618e-03 -3.217121497230630346e-04 3.422618712131492115e-04 -2.340049324568920213e-03 1.643847840133945740e-04
-4.957070296826573356e-04 3.785661046080899655e-05 0.000000000000000000e+00 1.711416879996793155e-04 -4.765784857007889582e-04 -1.423425278033443246e-04 5.778984352511331652e-05 4.969314075723638147e-04 -2.281923235175245914e-04 2.706088792064264959e-05 2.079022298015582783e-04 -1.299319238016569025e-04
9.294287926616391724e-04 -1.342732068045909529e-03 1.711416879996793155e-04 0.000000000000000000e+00 -7.857508763214831422e-04 1.079745403707104649e-03 2.264160060401366071e-04 8.796285283801909749e-04 -1.360892097343840054e-05 -1.073336997789170119e-03 1.454728170507006485e-03 1.965758581536292333e-04
-6.483552630257761627e-04 -5.680729296512768362e-04 -4.765784857007889582e-04 -7.857508763214831422e-04 0.000000000000000000e+00 4.154655354328279111e-04 -1.073144586017557150e-04 1.099566857654334009e-03 6.881009968330104249e-04 3.706237937919053542e-04 6.229749316464410804e-04 -5.518573181021436914e-04
2.899262546803748512e-06 6.515227353632470483e-04 -1.423425278033443246e-04 1.079745403707104649e-03 4.154655354328279111e-04 0.000000000000000000e+00 4.245164306042648094e-04 4.480336808690951246e-04 -3.364178130216528102e-04 7.294410768562388460e-05 -2.329100742700534500e-04 2.483252413532389133e-04
2.417098128824827065e-04 -3.464452669432757192e-05 5.778984352511331652e-05 2.264160060401366071e-04 -1.073144586017557150e-04 4.245164306042648094e-04 0.000000000000000000e+00 -3.485523235170177739e-04 -1.701406560575142437e-04 2.592767166046776317e-04 8.551217088414479143e-04 -4.169675594236464254e-04
-5.464276009599163160e-04 1.163398498046512618e-03 4.969314075723638147e-04 8.796285283801909749e-04 1.099566857654334009e-03 4.480336808690951246e-04 -3.485523235170177739e-04 0.000000000000000000e+00 1.269053326540750841e-03 -1.501137187678063456e-03 -1.181664563167087638e-03 -7.546668457753052343e-04
-4.560351804009910547e-04 -3.217121497230630346e-04 -2.281923235175245914e-04 -1.360892097343840054e-05 6.881009968330104249e-04 -3.364178130216528102e-04 -1.701406560575142437e-04 1.269053326540750841e-03 0.000000000000000000e+00 1.990950562723825773e-04 6.227145573777603891e-04 -2.117290737480938593e-04
-2.181290868814028271e-04 3.422618712131492115e-04 2.706088792064264959e-05 -1.073336997789170119e-03 3.706237937919053542e-04 7.294410768562388460e-05 2.592767166046776317e-04 -1.501137187678063456e-03 1.990950562723825773e-04 0.000000000000000000e+00 6.966519180204092110e-04 1.374644402255301124e-04
-1.607640870277629499e-03 -2.340049324568920213e-03 2.079022298015582783e-04 1.454728170507006485e-03 6.229749316464410804e-04 -2.329100742700534500e-04 8.551217088414479143e-04 -1.181664563167087638e-03 6.227145573777603891e-04 6.966519180204092110e-04 0.000000000000000000e+00 3.931575636732660391e-04
-3.257945801132986169e-04 1.643847840133945740e-04 -1.299319238016569025e-04 1.965758581536292333e-04 -5.518573181021436914e-04 2.483252413532389133e-04 -4.169675594236464254e-04 -7.546668457753052343e-04 -2.117290737480938593e-04 1.374644402255301124e-04 3.931575636732660391e-04 0.000000000000000000e+00
