0.000000000000000000e+00 -4.403139547007228391e-04 1.082175944645813502e-03 -1.397595114293911315e-03 -2.993662635416774334e-04 -2.517953750899971251e-06 7.078537285296565649e-04 1.498740638066119396e-03 6.559334778696675932e-04 -9.837227380998362671e-04 -5.926154559549940337e-04 -5.170176381927614820e-04
-4.403139547007228391e-04 0.000000000000000000e+00 -3.331498647353721529e-05 -6.005512755397667338e-04 2.179256290350914556e-04 -2.069015953012892780e-04 1.018265709945873109e-03 2.499005637747644514e-04 7.409091724161141453e-04 -3.072783733835738641e-04 5.315295233723649638e-04 -2.001454970321463861e-04
1.082175944645813502e-03 -3.331498647353721529e-05 0.000000000000000000e+00 7.686202091576845767e-04 8.687093728139538688e-05 -5.395506076096554839e-04 3.318218329710450514e-04 -2.595752590453577089e-04 -2.110117044839879806e-04 -2.181380133232675288e-04 -1.215768467155491447e-04 -2.798891087401353481e-04
-1.397595114293911315e-03 -6.005512755397667338e-04 7.686202091576845767e-04 0.000000000000000000e+00 1.282269156897215053e-04 -1.147461419059675209e-03 3.056378670653115727e-03 5.616629074110136149e-04 -4.852105391779938355e-04 1.280174054189963740e-03 1.251065000398940202e-03 4.033529418744248585e-04
-2.993662635416774334e-04 2.179256290350914556e-04 8.687093728139538688e-05 1.282269156897215053e-04 0.000000000000000000e+00 -1.010096532816748879e-03 -1.093611266049183744e-03 1.310178887150661477e-03 -4.117168696213693402e-04 -2.492997994949648329e-04 8.380103855829191444e-05 -1.446946239909497420e-05
-2.517953750899971251e-06 -2.069015953012892780e-04 -5.395506076096554839e-04 -1.147461419059675209e-03 -1.010096532816748879e-03 0.000000000000000000e+00 -3.659872651098351661e-03 -1.418038376399103013e-03 -2.975357708559834592e-03 6.071568011141827755e-04 5.101959607624376690e-04 3.022689315246928992e-04
7.078537285296565649e-04 1.018265709945873109e-03 3.318218329710450514e-04 3.056378670653115727e-03 -1.093611266049183744e-03 -3.659872651098351661e-03 0.000000000000000000e+00 -2.452687096760430667e-03 5.174854138708763008e-04 -1.387783406332206235e-03 -4.903100473803871434e-04 -2.876108356030175443e-04
1.498740638066119396e-03 2.499005637747644514e-04 -2.595752590453577089e-04 5.616629074110136149e-04 1.310178887150661477e-03 -1.418038376399103013e-03 -2.452687096760430667e-03 0.000000000000000000e+00 8.102581899290490575e-04 4.449289382709133091e-04 3.287927034890727736e-04 9.194498588281731818e-06
6.559334778696675932e-04 7.409091724161141453e-04 -2.110117044839879806e-04 -4.852105391779938355e-04 -4.117168696213693402e-04 -2.975357708559834592e-03 5.174854138708763008e-04 8.102581899290490575e-04 0.000000000000000000e+00 -1.460904454809860628e-04 -8.126422076608584555e-05 2.499782968734115800e-04
-9.837227380998362671e-04 -3.072783733835738641e-04 -2.181380133232675288e-04 1.280174054189963740e-03 -2.492997994949648329e-04 6.071568011141827755e-04 -1.387783406332206235e-03 4.449289382709133091e-04 -1.460904454809860628e-04 0.000000000000000000e+00 3.575138109800086832e-04 -2.926999594200866144e-04
-5.926154559549940337e-04 5.315295233723649638e-04 -1.215768467155491447e-04 1.251065000398940202e-03 8.380103855829191444e-05 5.101959607624376690e-04 -4.903100473803871434e-04 3.287927034890727736e-04 -8.126422076608584555e-05 3.575138109800086832e-04 0.000000000000000000e+00 -5.826064153869259991e-05
-5.170176381927614820e-04 -2.001454970321463861e-04 -2.798891087401353481e-04 4.033529418744248585e-04 -1.446946239909497420e-05 3.022689315246928992e-04 -2.876108356030175443e-04 9.194498588281731818e-06 2.499782968734115800e-04 -2.926999594200866144e-04 -5.826064153869259991e-05 0.000000000000000000e+00
