0.000000000000000000e+00 1.091613372170522223e-03 2.444938144109561865e-04 -1.501304629048464973e-03 -1.668549778752323389e-04 -9.621211596758139388e-04 -1.692867472694111744e-03 -1.717893524444861738e-03 1.657691749152742319e-04 3.076689662406291567e-04 2.197556374764818115e-04 -2.235672034874239690e-04
1.091613372170522223e-03 0.000000000000000000e+00 -7.364732566767865089e-05 7.405369201652829984e-05 -6.176378990476601128e-05 -3.589441845008623801e-04 -6.079660192162048395e-04 -2.588294802028806856e-04 -7.862650124080917740e-04 5.848152574125364128e-04 -4.622092944149809395e-04 -5.398853997550329348e-04
2.444938144109561865e-04 -7.364732566767865089e-05 0.000000000000000000e+00 1.581522759706852684e-04 1.291953558985849072e-04 -1.592474071399845210e-03 1.454044976816781147e-03 1.065019933879483187e-04 -8.415042984896069179e-04 1.754329401071976521e-04 5.260417578448841242e-05 -4.236883310631545921e-05
-1.501304629048464973e-03 7.405369201652829984e-05 1.581522759706852684e-04 0.000000000000000000e+00 5.989176756993613978e-04 -2.222817823538428186e-03 1.189618356220021721e-03 -1.625024924882910037e-04 4.136298260046319822e-04 6.667293578994381328e-05 6.095702986359170274e-04 7.488310518490170369e-05
-1.668549778752323389e-04 -6.176378990476601128e-05 1.291953558985849072e-04 5.989176756993613978e-04 0.000000000000000000e+00 -5.480025174316574326e-04 -3.264320601094607924e-04 -3.303254134285880960e-04 5.621713767952257529e-04 3.057273553624822744e-04 4.064143473689938823e-04 -1.318255858225734676e-04
-9.621211596758139388e-04 -3.589441845008623801e-04 -1.592474071399845210e-03 -2.222817823538428186e-03 -5.480025174316574326e-04 0.000000000000000000e+00 -3.317168573456561321e-04 -1.495621933566186309e-03 -4.442960950817135017e-04 2.118592971567294044e-04 -1.901895550181119865e-04 -1.291784647977701258e-04
-1.692867472694111744e-03 -6.079660192162048395e-04 1.454044976816781147e-03 1.189618356220021721e-03 -3.264320601094607924e-04 -3.317168573456561321e-04 0.000000000000000000e+00 -3.910942421495442649e-04 -1.817234407269065514e-03 -7.103375938044275166e-04 -1.151689507321509466e-03 -6.234626710686181836e-04
-1.717893524444861738e-03 -2.588294802028806856e-04 1.065019933879483187e-04 -1.625024924882910037e-04 -3.303254134285880960e-04 -1.495621933566186309e-03 -3.910942421495442649e-04 0.000000000000000000e+00 1.139001650349729527e-03 1.792819297597755108e-04 -7.715899747635878141e-04 1.568626798259534194e-06
1.657691749152742319e-04 -7.862650124080917740e-04 -8.415042984896069179e-04 4.136298260046319822e-04 5.621713767952257529e-04 -4.442960950817135017e-04 -1.817234407269065514e-03 1.139001650349729527e-03 0.000000000000000000e+00 6.298449509157425874e-04 3.862276872361217975e-04 -8.415244703471985417e-04
3.076689662406291567e-04 5.848152574125364128e-04 1.754329401071976521e-04 6.667293578994381328e-05 3.057273553624822744e-04 2.118592971567294044e-04 -7.103375938044275166e-04 1.792819297597755108e-04 6.298449509157425874e-04 0.000000000000000000e+00 -3.341148807645153096e-05 -2.164861908948708205e-04
2.197556374764818115e-04 -4.622092944149809395e-04 5.260417578448841242e-05 6.095702986359170274e-04 4.064143473689938823e-04 -1.901895550181119865e-04 -1.151689507321509466e-03 -7.715899747635878141e-04 3.862276872361217975e-04 -3.341148807645153096e-05 0.000000000000000000e+00 3.847642317142951625e-04
-2.235672034874239690e-04 -5.398853997550329348e-04 -4.236883310631545921e-05 7.488310518490170369e-05 -1.318255858225734676e-04 -1.291784647977701258e-04 -6.234626710686181836e-04 1.568626798259534194e-06 -8.415244703471985417e-04 -2.164861908948708205e-04 3.847642317142951625e-04 0.000000000000000000e+00
