0.000000000000000000e+00 2.264268669292946855e-04 -7.486646346242158221e-04 -4.597549567887919018e-04 5.943856286439131928e-04 7.860260693987588740e-04 -4.713009672687523623e-04 9.823109243121252304e-04 -6.137626194169358302e-04 2.283785939879651248e-04 -7.268725471791697475e-04 -2.626841391139921977e-04
2.264268669292946855e-04 0.000000000000000000e+00 -1.959003844097233638e-05 -1.810484904632099815e-04 -2.781484907065446600e-04 -2.709004583324420659e-04 -3.886982733506107938e-05 8.188219000825008680e-05 3.039866243515582057e-04 9.522619650016334204e-06 6.810300016120503404e-04 2.194654488575528922e-04
-7.486646346242158221e-04 -1.959003844097233638e-05 0.000000000000000000e+00 -9.622200136124992162e-04 -4.062892899877324480e-04 1.162563847057504571e-04 -1.224444304858755524e-03 3.979369927082198190e-04 1.120029576323158501e-03 5.656179687561550774e-04 5.002299631700561199e-04 -1.297610056842542756e-04
-4.597549567887919018e-04 -1.810484904632099815e-04 -9.622200136124992162e-04 0.000000000000000000e+00 6.728425597425251098e-04 -1.963841353781086915e-03 -1.627215001112394897e-03 -6.506192240783659556e-04 -8.986083442626391880e-04 9.930950450744856391e-04 -3.133757595644840236e-04 -5.057049045066013947e-04
5.943856286439131928e-04 -2.781484907065446600e-04 -4.062892899877324480e-04 6.728425597425251098e-04 0.000000000000000000e+00 8.762276385831889707e-04 1.531223454192380280e-04 -1.608387187757406487e-04 -8.419287666385830539e-04 2.538714828748782348e-04 6.405324453754145803e-04 -2.324850013540166515e-05
7.860260693987588740e-04 -2.709004583324420659e-04 1.162563847057504571e-04 -1.963841353781086915e-03 8.762276385831889707e-04 0.000000000000000000e+00 -1.888327465508479828e-03 5.952262254558565897e-04 -3.187288748778368229e-03 3.950029432257041225e-04 -2.607007710207217091e-04 5.154403413271566817e-04
-4.713009672687523623e-04 -3.886982733506107938e-05 -1.224444304858755524e-03 -1.627215001112394897e-03 1.531223454192380280e-04 -1.888327465508479828e-03 0.000000000000000000e+00 -1.318970174655270102e-03 -2.119079986627063310e-03 -1.038379459318684080e-03 1.409824622887782646e-03 9.648135596872850364e-04
9.823109243121252304e-04 8.188219000825008680e-05 3.979369927082198190e-04 -6.506192240783659556e-04 -1.608387187757406487e-04 5.952262254558565897e-04 -1.318970174655270102e-03 0.000000000000000000e+00 5.308379696397326963e-04 -2.952324877346377608e-04 2.700510096343522286e-04 -6.055255193520709929e-04
-6.137626194169358302e-04 3.039866243515582057e-04 1.120029576323158501e-03 -8.986083442626391880e-04 -8.419287666385830539e-04 -3.187288748778368229e-03 -2.119079986627063310e-03 5.308379696397326963e-04 0.000000000000000000e+00 -2.274378412248394461e-04 8.144934711087591637e-05 1.683183827185197551e-04
2.283785939879651248e-04 9.522619650016334204e-06 5.656179687561550774e-04 9.930950450744856391e-04 2.538714828748782348e-04 3.950029432257041225e-04 -1.038379459318684080e-03 -2.952324877346377608e-04 -2.274378412248394461e-04 0.000000000000000000e+00 6.710285682018967746e-05 3.018549538800436921e-04
-7.268725471791697475e-04 6.810300016120503404e-04 5.002299631700561199e-04 -3.133757595644840236e-04 6.405324453754145803e-04 -2.607007710207217091e-04 1.409824622887782646e-03 2.700510096343522286e-04 8.144934711087591637e-05 6.710285682018967746e-05 0.000000000000000000e+00 2.511094289266725655e-04
-2.626841391139921977e-04 2.194654488575528922e-04 -1.297610056842542756e-04 -5.057049045066013947e-04 -2.324850013540166515e-05 5.154403413271566817e-04 9.648135596872850364e-04 -6.055255193520709929e-04 1.683183827185197551e-04 3.018549538800436921e-04 2.511094289266725655e-04 0.000000000000000000e+00
