0.000000000000000000e+00 -9.594434989378092899e-04 -3.464438591687131605e-04 9.682212734499282946e-04 -2.596929275363564298e-04 -2.588759906618768713e-03 2.938700985542927902e-03 3.013102677652596179e-04 2.490599080427689273e-03 1.019539376447349500e-03 1.122266861533517668e-04 -5.102179554925310003e-04
-9.594434989378092899e-04 0.000000000000000000e+00 1.087110964888543174e-06 6.028952202893223265e-05 3.048756831512947269e-04 7.899869307890898008e-04 -1.187911453370277536e-04 1.082310997227636985e-04 1.259811495884972411e-04 3.295739130090052558e-04 -1.443402999167709604e-04 -3.084651523002187234e-04
-3.464438591687131605e-04 1.087110964888543174e-06 0.000000000000000000e+00 2.384053933455571809e-04 -4.105204966343645396e-04 8.413549030680506731e-04 7.341762155879602569e-04 1.042417974930314340e-03 -7.483422669568268008e-04 3.218444011923453672e-05 -3.353462854189925694e-04 -8.670648456365930489e-05
9.682212734499282946e-04 6.028952202893223265e-05 2.384053933455571809e-04 0.000000000000000000e+00 7.440700433464468707e-04 -9.799521090480844444e-04 2.639426735253813292e-04 -7.228266626000199712e-04 -5.910624629517610739e-04 -2.760365877229214483e-04 -8.512206229821059778e-04 -1.847575030966633347e-04
-2.596929275363564298e-04 3.048756831512947269e-04 -4.105204966343645396e-04 7.440700433464468707e-04 0.000000000000000000e+00 -2.324448060042435713e-04 2.301564180833541476e-04 3.841480902975705908e-04 -3.579767803161294093e-05 8.704762891779870763e-05 2.564125188840964673e-04 1.404071845703607575e-04
-2.588759906618768713e-03 7.899869307890898008e-04 8.413549030680506731e-04 -9.799521090480844444e-04 -2.324448060042435713e-04 0.000000000000000000e+00 -2.517884228703867657e-03 1.058756563196306809e-04 -1.826442412662698236e-03 6.683901181347902962e-04 2.802379855841504461e-04 -2.502465191211353834e-05
2.938700985542927902e-03 -1.187911453370277536e-04 7.341762155879602569e-04 2.639426735253813292e-04 2.301564180833541476e-04 -2.517884228703867657e-03 0.000000000000000000e+00 -1.347739567705770990e-03 -2.717430429125867932e-03 1.424045929610926896e-04 1.068296568639029356e-03 -6.081236764475648647e-04
3.013102677652596179e-04 1.082310997227636985e-04 1.042417974930314340e-03 -7.228266626000199712e-04 3.841480902975705908e-04 1.058756563196306809e-04 -1.347739567705770990e-03 0.000000000000000000e+00 2.480856652036810862e-03 1.292123332839229467e-05 7.202679619185020123e-04 3.066584178272861879e-04
2.490599080427689273e-03 1.259811495884972411e-04 -7.483422669568268008e-04 -5.910624629517610739e-04 -3.579767803161294093e-05 -1.826442412662698236e-03 -2.717430429125867932e-03 2.480856652036810862e-03 0.000000000000000000e+00 9.914653974024445785e-05 -1.247966136095101210e-03 4.856683840453801591e-04
1.019539376447349500e-03 3.295739130090052558e-04 3.218444011923453672e-05 -2.760365877229214483e-04 8.704762891779870763e-05 6.683901181347902962e-04 1.424045929610926896e-04 1.292123332839229467e-05 9.914653974024445785e-05 0.000000000000000000e+00 -1.657763526624058087e-04 2.911981245073721309e-04
1.122266861533517668e-04 -1.443402999167709604e-04 -3.353462854189925694e-04 -8.512206229821059778e-04 2.564125188840964673e-04 2.802379855841504461e-04 1.068296568639029356e-03 7.202679619185020123e-04 -1.247966136095101210e-03 -1.657763526624058087e-04 0.000000000000000000e+00 1.464734399991871690e-04
-5.102179554925310003e-04 -3.084651523002187234e-04 -8.670648456365930489e-05 -1.847575030966633347e-04 1.404071845703607575e-04 -2.502465191211353834e-05 -6.081236764475648647e-04 3.066584178272861879e-04 4.856683840453801591e-04 2.911981245073721309e-04 1.464734399991871690e-04 0.000000000000000000e+00
