0.000000000000000000e+00 6.527650055461536264e-04 -2.989176318370119077e-04 4.295865641104278879e-04 -5.316917919294947888e-04 8.067878488448123643e-04 1.789233982894466654e-03 -9.415987425320351324e-05 2.535450214998140675e-04 -4.781245581791304308e-04 -1.391155141278741566e-03 2.132706743474620085e-04
6.527650055461536264e-04 0.000000000000000000e+00 8.293751975979047340e-05 6.790752915443138500e-05 2.047416515602481618e-05 -8.977467397383617591e-04 1.449750217187533883e-03 -2.150024841024250025e-04 -8.964064735438593266e-05 5.103926563932443660e-04 -1.141961490327274861e-04 -4.037596980481318381e-04
-2.989176318370119077e-04 8.293751975979047340e-05 0.000000000000000000e+00 4.104106958876929922e-05 2.609279474183851628e-04 -1.167771256918934651e-03 7.018607383142461175e-04 -1.688197881865276934e-04 -2.558301581936164317e-04 1.446921530538740177e-05 7.221973270503472778e-05 2.461264996853339032e-04
4.295865641104278879e-04 6.790752915443138500e-05 4.104106958876929922e-05 0.000000000000000000e+00 2.003400131437325720e-04 1.158118251462173648e-03 6.039006506153287443e-04 4.787527736143034089e-04 -7.449391086322699725e-04 -4.216349470027001573e-04 -4.877529707520363066e-04 -3.256741247542625567e-04
-5.316917919294947888e-04 2.047416515602481618e-05 2.609279474183851628e-04 2.003400131437325720e-04 0.000000000000000000e+00 -4.733073376983203844e-04 2.807658155145892754e-04 1.088606883940107517e-05 -6.306005966821337560e-04 -2.725976982855566754e-04 1.500833080529391072e-04 3.773823037584128537e-06
8.067878488448123643e-04 -8.977467397383617591e-04 -1.167771256918934651e-03 1.158118251462173648e-03 -4.733073376983203844e-04 0.000000000000000000e+00 1.387425733009479576e-03 -3.801455537995242239e-04 3.957119524490687579e-04 1.683836727237484558e-04 1.131776241454457259e-03 1.931678136200936638e-04
1.789233982894466654e-03 1.449750217187533883e-03 7.018607383142461175e-04 6.039006506153287443e-04 2.807658155145892754e-04 1.387425733009479576e-03 0.000000000000000000e+00 -9.437021611358735636e-04 -1.946553697191385308e-03 1.220286902516514761e-03 1.362477008537613500e-03 4.801855160227387512e-04
-9.415987425320351324e-05 -2.150024841024250025e-04 -1.688197881865276934e-04 4.787527736143034089e-04 1.088606883940107517e-05 -3.801455537995242239e-04 -9.437021611358735636e-04 0.000000000000000000e+00 8.492453998986859882e-04 2.186083832779523090e-04 1.863728139347277466e-04 -2.386290641384193969e-04
2.535450214998140675e-04 -8.964064735438593266e-05 -2.558301581936164317e-04 -7.449391086322699725e-04 -6.306005966821337560e-04 3.957119524490687579e-04 -1.946553697191385308e-03 8.492453998986859882e-04 0.000000000000000000e+00 1.058173526260398033e-03 -7.803329604933674675e-04 2.822526643695238394e-04
-4.781245581791304308e-04 5.103926563932443660e-04 1.446921530538740177e-05 -4.216349470027001573e-04 -2.725976982855566754e-04 1.683836727237484558e-04 1.220286902516514761e-03 2.186083832779523090e-04 1.058173526260398033e-03 0.000000000000000000e+00 5.612087390615844986e-04 3.709810776725680481e-05
-1.391155141278741566e-03 -1.141961490327274861e-04 7.221973270503472778e-05 -4.877529707520363066e-04 1.500833080529391072e-04 1.131776241454457259e-03 1.362477008537613500e-03 1.863728139347277466e-04 -7.803329604933674675e-04 5.612087390615844986e-04 0.000000000000000000e+00 -6.104818436955821055e-05
2.132706743474620085e-04 -4.037596980481318381e-04 2.461264996853339032e-04 -3.256741247542625567e-04 3.773823037584128537e-06 1.931678136200936638e-04 4.801855160227387512e-04 -2.386290641384193969e-04 2.822526643695238394e-04 3.709810776725680481e-05 -6.104818436955821055e-05 0.000000000000000000e+00
