0.000000000000000000e+00 2.274885365155425790e-04 -2.223273021879270967e-03 -3.766774953207437430e-04 8.006327997604577437e-05 1.128515802954535617e-03 -5.815079698296107043e-04 2.777837002746302007e-04 -1.466192359374982740e-03 -1.434396815677565964e-03 8.063472859521358949e-04 -1.314998196064354370e-03
2.274885365155425790e-04 0.000000000000000000e+00 8.409683529134688367e-04 5.907856544599028863e-05 1.168618859405991532e-04 -8.516620165787479151e-04 1.598277503120281925e-04 5.055746079975570939e-04 -3.459751463136080869e-05 -4.290710152575850705e-04 2.568933458128087356e-04 -1.642342928564375325e-04
-2.223273021879270967e-03 8.409683529134688367e-04 0.000000000000000000e+00 9.208034748288298869e-05 6.713266058068276384e-04 1.055875846653825346e-03 8.690546915794044930e-04 -1.032106431439873710e-03 -1.757783634187028588e-03 2.671745321897551258e-03 8.587442126846656044e-04 3.230270291670240298e-04
-3.766774953207437430e-04 5.907856544599028863e-05 9.208034748288298869e-05 0.000000000000000000e+00 3.227710090820724593e-04 -1.997057166947227742e-04 1.454964666025607926e-04 1.233582473286196111e-05 5.242652087257610631e-04 -2.569704773056394852e-04 1.844513307924984275e-04 3.747630991809250997e-05
8.006327997604577437e-05 1.168618859405991532e-04 6.713266058068276384e-04 3.227710090820724593e-04 0.000000000000000000e+00 5.047741098531272888e-04 4.210235335183744689e-04 3.812083508233968221e-04 -6.670226776537073162e-04 -4.185860379431016027e-04 8.560969617383289599e-05 -2.658697221785997025e-04
1.128515802954535617e-03 -8.516620165787479151e-04 1.055875846653825346e-03 -1.997057166947227742e-04 5.047741098531272888e-04 0.000000000000000000e+00 -1.404725338304122677e-04 4.355024541187283446e-04 -5.651246381521757072e-04 -7.008852430755754511e-04 -4.325604750901912736e-04 5.956151124270098358e-04
-5.815079698296107043e-04 1.598277503120281925e-04 8.690546915794044930e-04 1.454964666025607926e-04 4.210235335183744689e-04 -1.404725338304122677e-04 0.000000000000000000e+00 -5.157087433531326592e-04 -1.343606672704058653e-05 -6.064566102027172485e-04 -6.326846041789391945e-05 -2.148395313982594962e-04
2.777837002746302007e-04 5.055746079975570939e-04 -1.032106431439873710e-03 1.233582473286196111e-05 3.812083508233968221e-04 4.355024541187283446e-04 -5.157087433531326592e-04 0.000000000000000000e+00 2.210863310982011821e-03 -9.103401030315994621e-04 1.286441291505249556e-03 1.877318324062973015e-04
-1.466192359374982740e-03 -3.459751463136080869e-05 -1.757783634187028588e-03 5.242652087257610631e-04 -6.670226776537073162e-04 -5.651246381521757072e-04 -1.343606672704058653e-05 2.210863310982011821e-03 0.000000000000000000e+00 2.303860433238183957e-04 -1.017378218437611954e-04 -3.583370810745549148e-04
-1.434396815677565964e-03 -4.290710152575850705e-04 2.671745321897551258e-03 -2.569704773056394852e-04 -4.185860379431016027e-04 -7.008852430755754511e-04 -6.064566102027172485e-04 -9.103401030315994621e-04 2.303860433238183957e-04 0.000000000000000000e+00 9.212305338414995034e-05 -9.493122571747877663e-04
8.063472859521358949e-04 2.568933458128087356e-04 8.587442126846656044e-04 1.844513307924984275e-04 8.560969617383289599e-05 -4.325604750901912736e-04 -6.326846041789391945e-05 1.286441291505249556e-03 -1.017378218437611954e-04 9.212305338414995034e-05 0.000000000000000000e+00 -3.679822081064977883e-04
-1.314998196064354370e-03 -1.642342928564375325e-04 3.230270291670240298e-04 3.747630991809250997e-05 -2.658697221785997025e-04 5.956151124270098358e-04 -2.148395313982594962e-04 1.877318324062973015e-04 -3.583370810745549148e-04 -9.493122571747877663e-04 -3.679822081064977883e-04 0.000000000000000000e+00
