0.000000000000000000e+00 -5.752000803279547865e-04 -3.044812802162302767e-03 2.198583477968980469e-05 3.513436895372718449e-04 -8.823091594750828706e-06 -1.568983179220985740e-04 2.342689474320478144e-04 -1.536671058498462888e-03 1.838392394975816918e-03 -1.692009710286219992e-03 1.343318362928559630e-03
-5.752000803279547865e-04 0.000000000000000000e+00 8.990436795837622886e-04 1.942902522994379181e-05 8.716516024124976321e-05 -2.699436339176820396e-05 4.374272191498126613e-04 5.668479735554814462e-04 3.643719157276158042e-04 -1.127495973135990903e-03 7.338208028567590928e-04 5.105052587988684765e-04
-3.044812802162302767e-03 8.990436795837622886e-04 0.000000000000000000e+00 3.981679251174941644e-04 9.383959460392205573e-04 -2.136202586259051094e-03 3.942974903071954750e-05 -1.138882716525487730e-03 -1.109685079033156333e-03 1.671723262867337665e-03 2.522446886864385552e-03 -1.629069971295088546e-03
2.198583477968980469e-05 1.942902522994379181e-05 3.981679251174941644e-04 0.000000000000000000e+00 3.811889868133901409e-04 -2.620020238927009176e-04 2.522589469821897635e-04 -2.837284817586724697e-04 6.700326914539914873e-04 -4.970018071819833159e-04 -5.135489050440008533e-04 -2.165517337902666075e-04
3.513436895372718449e-04 8.716516024124976321e-05 9.383959460392205573e-04 3.811889868133901409e-04 0.000000000000000000e+00 6.553314160336116316e-04 -1.199737069332349035e-04 -9.113549882398482059e-04 -4.067472960017278491e-04 -1.856585472756837319e-04 5.230907346994047562e-05 5.130129330147757639e-04
-8.823091594750828706e-06 -2.699436339176820396e-05 -2.136202586259051094e-03 -2.620020238927009176e-04 6.553314160336116316e-04 0.000000000000000000e+00 4.466640741323904843e-04 -6.179593250751073052e-04 3.380102465349891713e-04 -9.870065247655690141e-04 8.440712853591749863e-05 1.032225586534363509e-03
-1.568983179220985740e-04 4.374272191498126613e-04 3.942974903071954750e-05 2.522589469821897635e-04 -1.199737069332349035e-04 4.466640741323904843e-04 0.000000000000000000e+00 -2.555867437614521955e-04 8.326296292677061797e-05 -6.736472513096537339e-04 -3.456989901590664661e-06 -1.146689294485353012e-04
2.342689474320478144e-04 5.668479735554814462e-04 -1.138882716525487730e-03 -2.837284817586724697e-04 -9.113549882398482059e-04 -6.179593250751073052e-04 -2.555867437614521955e-04 0.000000000000000000e+00 9.643989837680815285e-04 9.923874660796170775e-05 -2.989160291198746794e-04 -2.420188973535705593e-04
-1.536671058498462888e-03 3.643719157276158042e-04 -1.109685079033156333e-03 6.700326914539914873e-04 -4.067472960017278491e-04 3.380102465349891713e-04 8.326296292677061797e-05 9.643989837680815285e-04 0.000000000000000000e+00 1.085612421568283876e-03 7.312268075449615328e-04 3.032793771499579056e-04
1.838392394975816918e-03 -1.127495973135990903e-03 1.671723262867337665e-03 -4.970018071819833159e-04 -1.856585472756837319e-04 -9.870065247655690141e-04 -6.736472513096537339e-04 9.923874660796170775e-05 1.085612421568283876e-03 0.000000000000000000e+00 1.698947837729716890e-03 1.318522666245516362e-03
-1.692009710286219992e-03 7.338208028567590928e-04 2.522446886864385552e-03 -5.135489050440008533e-04 5.230907346994047562e-05 8.440712853591749863e-05 -3.456989901590664661e-06 -2.989160291198746794e-04 7.312268075449615328e-04 1.698947837729716890e-03 0.000000000000000000e+00 4.985275320807008078e-04
1.343318362928559630e-03 5.105052587988684765e-04 -1.629069971295088546e-03 -2.165517337902666075e-04 5.130129330147757639e-04 1.032225586534363509e-03 -1.146689294485353012e-04 -2.420188973535705593e-04 3.032793771499579056e-04 1.318522666245516362e-03 4.985275320807008078e-04 0.000000000000000000e+00
