0.000000000000000000e+00 5.016578303432345709e-04 1.858330682074615806e-03 7.134605429942216784e-05 -4.172124053274019889e-04 5.020093415361965927e-05 -2.091223843826133118e-04 -1.224531394031152056e-04 1.774029440777063604e-03 -1.553988115711327092e-03 4.611293379752184050e-04 4.524474394779682044e-04
5.016578303432345709e-04 0.000000000000000000e+00 -4.591445536166394365e-04 -1.686034474095677530e-04 -3.692982830148944522e-04 6.182885744216690170e-04 1.490040060530087871e-04 -4.679940028481661528e-04 1.118192650421604654e-03 3.382729005104074291e-04 4.477529239144002727e-04 1.650889448564514907e-04
1.858330682074615806e-03 -4.591445536166394365e-04 0.000000000000000000e+00 6.693131712798452808e-04 1.349792085073901965e-03 1.799496605763828893e-03 5.800899084273355207e-04 3.781981793910411385e-04 3.184964641661860996e-03 2.400984668760269922e-03 1.033477011011215470e-03 -1.460990993280811018e-03
7.134605429942216784e-05 -1.686034474095677530e-04 6.693131712798452808e-04 0.000000000000000000e+00 4.017217005406902475e-04 -2.121199601212181321e-04 -1.580470264136394232e-04 -5.102296840514954166e-05 1.056250777977495989e-04 -1.675111413186500492e-04 -3.234264873451889199e-04 1.253196892571552713e-05
-4.172124053274019889e-04 -3.692982830148944522e-04 1.349792085073901965e-03 4.017217005406902475e-04 0.000000000000000000e+00 -2.005076625861269932e-05 -2.727227372212187866e-04 -3.918686419773176289e-04 -2.773304632632995776e-04 4.673853147487557163e-04 -5.170813228286727211e-04 2.963688436969862225e-04
5.020093415361965927e-05 6.182885744216690170e-04 1.799496605763828893e-03 -2.121199601212181321e-04 -2.005076625861269932e-05 0.000000000000000000e+00 4.089319572188930899e-04 2.592280074661129793e-04 1.046207585889901218e-03 4.683215631929099013e-04 -1.106065620926448105e-03 -4.541224429388183276e-04
-2.091223843826133118e-04 1.490040060530087871e-04 5.800899084273355207e-04 -1.580470264136394232e-04 -2.727227372212187866e-04 4.089319572188930899e-04 0.000000000000000000e+00 -4.042427622647410974e-04 1.824046898620473943e-04 -2.594078212214885625e-04 -4.599748368334120657e-04 -3.483745008744821171e-04
-1.224531394031152056e-04 -4.679940028481661528e-04 3.781981793910411385e-04 -5.102296840514954166e-05 -3.918686419773176289e-04 2.592280074661129793e-04 -4.042427622647410974e-04 0.000000000000000000e+00 -2.101012149250401292e-03 1.124021891036748079e-03 -2.665130025490791468e-05 6.164026594569802864e-04
1.774029440777063604e-03 1.118192650421604654e-03 3.184964641661860996e-03 1.056250777977495989e-04 -2.773304632632995776e-04 1.046207585889901218e-03 1.824046898620473943e-04 -2.101012149250401292e-03 0.000000000000000000e+00 1.380074894863423393e-03 -6.408046928170881224e-04 1.230683081016509576e-04
-1.553988115711327092e-03 3.382729005104074291e-04 2.400984668760269922e-03 -1.675111413186500492e-04 4.673853147487557163e-04 4.683215631929099013e-04 -2.594078212214885625e-04 1.124021891036748079e-03 1.380074894863423393e-03 0.000000000000000000e+00 1.905867874004868370e-03 -9.543338783473616664e-04
4.611293379752184050e-04 4.477529239144002727e-04 1.033477011011215470e-03 -3.234264873451889199e-04 -5.170813228286727211e-04 -1.106065620926448105e-03 -4.599748368334120657e-04 -2.665130025490791468e-05 -6.408046928170881224e-04 1.905867874004868370e-03 0.000000000000000000e+00 -9.604758097409048841e-04
4.524474394779682044e-04 1.650889448564514907e-04 -1.460990993280811018e-03 1.253196892571552713e-05 2.963688436969862225e-04 -4.541224429388183276e-04 -3.483745008744821171e-04 6.164026594569802864e-04 1.230683081016509576e-04 -9.543338783473616664e-04 -9.604758097409048841e-04 0.000000000000000000e+00
