0.000000000000000000e+00 1.332042477992267427e-04 -3.747010201528644738e-04 1.637723979885348860e-04 -7.788723479601667625e-04 7.213609585238946339e-05 -7.724013232600288319e-05 4.559304735671731133e-05 1.777125367829286619e-04 6.599826945103060742e-04 -3.582055122812561557e-04 -1.842977311306875010e-04
1.332042477992267427e-04 0.000000000000000000e+00 9.067814806289674562e-04 -1.008110562678503829e-03 2.038180363001954672e-04 -1.425391379163317958e-04 1.385150861369750732e-04 -3.815161880257758684e-04 1.952931875945783282e-04 -1.071894314924732661e-03 3.723465808925749973e-04 5.277948026778598841e-04
-3.747010201528644738e-04 9.067814806289674562e-04 0.000000000000000000e+00 -1.722877464397296922e-03 1.549447004981003261e-03 -5.601825398753236974e-04 -5.121147880125909808e-04 1.180600374559823010e-03 3.817185996833082941e-04 1.580420460013788912e-03 6.700039042308664683e-04 -1.074016715436670747e-03
1.637723979885348860e-04 -1.008110562678503829e-03 -1.722877464397296922e-03 0.000000000000000000e+00 -3.733943156880851935e-04 -5.052159394930099117e-04 4.541855372127240288e-04 -2.533113671882493642e-05 -1.643195912494059172e-04 -1.829421615217703733e-03 1.966985599697576408e-03 -1.148299376207227241e-03
-7.788723479601667625e-04 2.038180363001954672e-04 1.549447004981003261e-03 -3.733943156880851935e-04 0.000000000000000000e+00 -5.322346332366258148e-04 -1.011338528187912759e-03 -1.320513203769696801e-03 -8.563584185945381441e-04 -6.911156164415949935e-04 -3.897951703438527022e-04 -1.752860807572521841e-03
7.213609585238946339e-05 -1.425391379163317958e-04 -5.601825398753236974e-04 -5.052159394930099117e-04 -5.322346332366258148e-04 0.000000000000000000e+00 2.716337028700651892e-05 1.959728019067022149e-04 -4.064062438984700627e-05 7.075068822624713577e-05 -4.816697079270529152e-04 4.936913204905353557e-04
-7.724013232600288319e-05 1.385150861369750732e-04 -5.121147880125909808e-04 4.541855372127240288e-04 -1.011338528187912759e-03 2.716337028700651892e-05 0.000000000000000000e+00 -7.388738742711445460e-04 -3.509627140401435865e-05 1.370712015010310328e-03 9.676124728213901050e-05 -4.460419015942540012e-04
4.559304735671731133e-05 -3.815161880257758684e-04 1.180600374559823010e-03 -2.533113671882493642e-05 -1.320513203769696801e-03 1.959728019067022149e-04 -7.388738742711445460e-04 0.000000000000000000e+00 2.509453961410242572e-04 1.910237373618877332e-03 5.881922264331789245e-04 -4.483956102944526480e-04
1.777125367829286619e-04 1.952931875945783282e-04 3.817185996833082941e-04 -1.643195912494059172e-04 -8.563584185945381441e-04 -4.064062438984700627e-05 -3.509627140401435865e-05 2.509453961410242572e-04 0.000000000000000000e+00 -1.334785859970185674e-04 4.909959983167244647e-04 -1.536092636742100693e-04
6.599826945103060742e-04 -1.071894314924732661e-03 1.580420460013788912e-03 -1.829421615217703733e-03 -6.911156164415949935e-04 7.075068822624713577e-05 1.370712015010310328e-03 1.910237373618877332e-03 -1.334785859970185674e-04 0.000000000000000000e+00 -2.293114661690904936e-03 -2.937428085418583405e-03
-3.582055122812561557e-04 3.723465808925749973e-04 6.700039042308664683e-04 1.966985599697576408e-03 -3.897951703438527022e-04 -4.816697079270529152e-04 9.676124728213901050e-05 5.881922264331789245e-04 4.909959983167244647e-04 -2.293114661690904936e-03 0.000000000000000000e+00 -5.753753052241987118e-04
-1.842977311306875010e-04 5.277948026778598841e-04 -1.074016715436670747e-03 -1.148299376207227241e-03 -1.752860807572521841e-03 4.936913204905353557e-04 -4.460419015942540012e-04 -4.483956102944526480e-04 -1.536092636742100693e-04 -2.937428085418583405e-03 -5.753753052241987118e-04 0.000000000000000000e+00
