0.000000000000000000e+00 -2.799965156049647776e-04 -1.012352122920878385e-05 -1.629251451045271787e-04 3.369343225871808140e-05 -4.647396807606264018e-04 -5.557221500123366758e-04 6.563922077964469328e-04 2.808372176879295193e-05 1.350153615849297543e-03 1.453351029277410273e-04 4.518481122963510115e-04
-2.799965156049647776e-04 0.000000000000000000e+00 2.136901705313593199e-04 -6.726237655881129934e-04 7.011542576113933200e-04 -1.092632493027307494e-04 6.658791557873731705e-06 1.853766871995517749e-04 -4.988113938764083280e-05 7.995261068979105015e-04 -5.598976674113211515e-04 -3.537271838263297244e-04
-1.012352122920878385e-05 2.136901705313593199e-04 0.000000000000000000e+00 -7.375257476491185564e-04 -4.909376326415192419e-04 2.464534871941123574e-04 8.721965759080023265e-05 2.796550328647419794e-04 -4.612722755709169268e-04 -1.555912201728004100e-03 2.774370404452011231e-04 -1.063685259582184935e-03
-1.629251451045271787e-04 -6.726237655881129934e-04 -7.375257476491185564e-04 0.000000000000000000e+00 -5.976986231913859965e-04 9.045469607462069787e-05 -2.137028940922537331e-04 2.471368622887131893e-03 -3.551700981081990036e-04 -2.562407741900771772e-03 -2.995663533998332937e-04 4.792111514295595824e-05
3.369343225871808140e-05 7.011542576113933200e-04 -4.909376326415192419e-04 -5.976986231913859965e-04 0.000000000000000000e+00 1.911628513438722000e-04 4.315303897355373644e-04 1.178360119825616267e-03 -2.483059500471181667e-04 -1.786825829896356846e-03 -1.456783107038880486e-03 -1.891822690962292192e-04
-4.647396807606264018e-04 -1.092632493027307494e-04 2.464534871941123574e-04 9.045469607462069787e-05 1.911628513438722000e-04 0.000000000000000000e+00 3.127106316969803209e-04 3.213046392101846327e-04 1.847227485453342081e-04 -3.370913999011748664e-04 5.515281984323084762e-04 1.935733335546001982e-04
-5.557221500123366758e-04 6.658791557873731705e-06 8.721965759080023265e-05 -2.137028940922537331e-04 4.315303897355373644e-04 3.127106316969803209e-04 0.000000000000000000e+00 4.942764783854650124e-04 -1.141462135859052025e-04 1.563261017433600171e-03 7.181822911177626438e-04 -4.580210102400691257e-04
6.563922077964469328e-04 1.853766871995517749e-04 2.796550328647419794e-04 2.471368622887131893e-03 1.178360119825616267e-03 3.213046392101846327e-04 4.942764783854650124e-04 0.000000000000000000e+00 3.155324032161297971e-04 5.007732232615808108e-04 -3.461283094172982241e-04 3.877630907958858997e-04
2.808372176879295193e-05 -4.988113938764083280e-05 -4.612722755709169268e-04 -3.551700981081990036e-04 -2.483059500471181667e-04 1.847227485453342081e-04 -1.141462135859052025e-04 3.155324032161297971e-04 0.000000000000000000e+00 1.544722262525625263e-03 -3.975123537368819475e-04 1.827876707645379177e-04
1.350153615849297543e-03 7.995261068979105015e-04 -1.555912201728004100e-03 -2.562407741900771772e-03 -1.786825829896356846e-03 -3.370913999011748664e-04 1.563261017433600171e-03 5.007732232615808108e-04 1.544722262525625263e-03 0.000000000000000000e+00 4.220380024249998307e-04 5.275460226001832745e-04
1.453351029277410273e-04 -5.598976674113211515e-04 2.774370404452011231e-04 -2.995663533998332937e-04 -1.456783107038880486e-03 5.515281984323084762e-04 7.181822911177626438e-04 -3.461283094172982241e-04 -3.975123537368819475e-04 4.220380024249998307e-04 0.000000000000000000e+00 4.943819141356068465e-04
4.518481122963510115e-04 -3.537271838263297244e-04 -1.063685259582184935e-03 4.792111514295595824e-05 -1.891822690962292192e-04 1.935733335546001982e-04 -4.580210102400691257e-04 3.877630907958858997e-04 1.827876707645379177e-04 5.275460226001832745e-04 4.943819141356068465e-04 0.000000000000000000e+00
