0.000000000000000000e+00 4.928608663485851233e-04 -5.446936203875225608e-04 8.563162158512231583e-04 -4.776918174116103269e-04 7.433905338414550056e-05 6.610671816489863714e-05 5.295094049850505424e-04 2.159877412018820200e-04 -1.303135103760471323e-03 -6.526842691972729264e-04 1.161429232583375393e-04
4.928608663485851233e-04 0.000000000000000000e+00 9.813318811299038495e-04 -7.458643522064579545e-04 -2.025479526019487901e-04 -3.494636419560226805e-04 -5.075179275373948445e-04 4.482753833285232068e-04 -6.009042387783227759e-05 5.857817099501614385e-04 -6.173320636536946786e-04 -9.124898806864551295e-04
-5.446936203875225608e-04 9.813318811299038495e-04 0.000000000000000000e+00 4.250385893511453381e-04 4.618466205427404795e-04 -1.870195036726376070e-04 -3.810054447558927204e-04 3.879242250825443400e-04 1.513118486040658170e-04 -1.927447059350887804e-03 -1.710988775804624085e-04 1.099071662336410619e-03
8.563162158512231583e-04 -7.458643522064579545e-04 4.250385893511453381e-04 0.000000000000000000e+00 -2.179077645199586650e-03 -1.228670087926418816e-03 -3.359537843038291850e-04 5.511687032940302102e-04 2.636883842886184916e-04 3.196886418458890714e-03 -1.831875608188300347e-04 6.141404464489216668e-04
-4.776918174116103269e-04 -2.025479526019487901e-04 4.618466205427404795e-04 -2.179077645199586650e-03 0.000000000000000000e+00 8.639349232845073461e-04 6.409296232490225905e-06 1.149995136150271406e-03 -2.764392593465882187e-04 -1.363678473596060267e-03 1.105273854122226437e-03 -1.856902450939289066e-03
7.433905338414550056e-05 -3.494636419560226805e-04 -1.870195036726376070e-04 -1.228670087926418816e-03 8.639349232845073461e-04 0.000000000000000000e+00 -9.391998217810713511e-05 5.169486914320994397e-04 -5.262112120057736887e-05 -2.937734142497345526e-04 -3.264665191716049865e-04 -2.412124297237061706e-04
6.610671816489863714e-05 -5.075179275373948445e-04 -3.810054447558927204e-04 -3.359537843038291850e-04 6.409296232490225905e-06 -9.391998217810713511e-05 0.000000000000000000e+00 3.524578263680160930e-04 4.729577560292661333e-04 7.423541948005667104e-04 3.988333664509528288e-04 -2.409438105590601997e-05
5.295094049850505424e-04 4.482753833285232068e-04 3.879242250825443400e-04 5.511687032940302102e-04 1.149995136150271406e-03 5.169486914320994397e-04 3.524578263680160930e-04 0.000000000000000000e+00 -3.190716326820234114e-05 -2.892838855182892823e-03 3.278990115096471706e-04 1.043237112050307428e-03
2.159877412018820200e-04 -6.009042387783227759e-05 1.513118486040658170e-04 2.636883842886184916e-04 -2.764392593465882187e-04 -5.262112120057736887e-05 4.729577560292661333e-04 -3.190716326820234114e-05 0.000000000000000000e+00 -9.218634488838599664e-04 -1.124353597768451872e-04 -5.145319410153791550e-04
-1.303135103760471323e-03 5.857817099501614385e-04 -1.927447059350887804e-03 3.196886418458890714e-03 -1.363678473596060267e-03 -2.937734142497345526e-04 7.423541948005667104e-04 -2.892838855182892823e-03 -9.218634488838599664e-04 0.000000000000000000e+00 -1.223210781625439251e-03 1.065374494940349130e-03
-6.526842691972729264e-04 -6.173320636536946786e-04 -1.710988775804624085e-04 -1.831875608188300347e-04 1.105273854122226437e-03 -3.264665191716049865e-04 3.988333664509528288e-04 3.278990115096471706e-04 -1.124353597768451872e-04 -1.223210781625439251e-03 0.000000000000000000e+00 4.293604985885006138e-04
1.161429232583375393e-04 -9.124898806864551295e-04 1.099071662336410619e-03 6.141404464489216668e-04 -1.856902450939289066e-03 -2.412124297237061706e-04 -2.409438105590601997e-05 1.043237112050307428e-03 -5.145319410153791550e-04 1.065374494940349130e-03 4.293604985885006138e-04 0.000000000000000000e+00
