0.000000000000000000e+00 -2.527509086377701590e-04 6.279782111430104281e-06 -9.215677934165699466e-04 6.316800165188253937e-04 -4.301786487228325870e-05 2.699586843271263169e-04 8.615797107113629832e-05 3.125489397392487148e-04 9.881302888042329570e-04 5.343700336608225778e-05 6.511141289113620001e-04
-2.527509086377701590e-04 0.000000000000000000e+00 -4.571277251908498511e-04 4.301784031540356953e-05 -3.256935433837163866e-05 -3.266624099185567510e-04 -3.343248951482360862e-05 3.322278703331424583e-04 2.069738020204933378e-04 1.018957653695063597e-03 4.725052395940031831e-04 -4.189001020041907292e-04
6.279782111430104281e-06 -4.571277251908498511e-04 0.000000000000000000e+00 -7.150018646445944689e-04 -1.781055565823810903e-03 -9.754476468884680312e-05 -9.974456577681683448e-05 5.992480328117294952e-04 -1.147399403916347970e-03 9.763239326235868343e-04 9.065742548836834384e-04 8.609726215919497831e-04
-9.215677934165699466e-04 4.301784031540356953e-05 -7.150018646445944689e-04 0.000000000000000000e+00 -3.318641667084494627e-03 -7.137293109819758713e-05 4.746182919079145628e-04 1.398744547234745687e-04 5.541000164036564524e-05 2.236922423121007978e-03 -5.797026803599845783e-04 -1.257742379801272741e-03
6.316800165188253937e-04 -3.256935433837163866e-05 -1.781055565823810903e-03 -3.318641667084494627e-03 0.000000000000000000e+00 -3.682978568948880684e-04 -5.801329337273480663e-04 -1.175063614235789247e-03 9.804349498112947987e-04 -2.441455419931789789e-03 -7.361222087388203609e-04 -3.542610228376815497e-05
-4.301786487228325870e-05 -3.266624099185567510e-04 -9.754476468884680312e-05 -7.137293109819758713e-05 -3.682978568948880684e-04 0.000000000000000000e+00 -9.301011074418197820e-05 -2.914159308764175077e-04 3.379445257839136562e-04 4.888817904830472348e-05 4.120814598787360720e-04 -4.552431389010678717e-04
2.699586843271263169e-04 -3.343248951482360862e-05 -9.974456577681683448e-05 4.746182919079145628e-04 -5.801329337273480663e-04 -9.301011074418197820e-05 0.000000000000000000e+00 3.550880452604229586e-05 6.463318751738612942e-05 1.538145522347632364e-04 -5.578902744952362198e-05 5.417584845274445735e-04
8.615797107113629832e-05 3.322278703331424583e-04 5.992480328117294952e-04 1.398744547234745687e-04 -1.175063614235789247e-03 -2.914159308764175077e-04 3.550880452604229586e-05 0.000000000000000000e+00 4.739798093244823872e-05 9.918405319765571360e-06 -8.009752355554420082e-04 4.571065786913866775e-04
3.125489397392487148e-04 2.069738020204933378e-04 -1.147399403916347970e-03 5.541000164036564524e-05 9.804349498112947987e-04 3.379445257839136562e-04 6.463318751738612942e-05 4.739798093244823872e-05 0.000000000000000000e+00 9.931644360803998112e-04 -8.628158211746334580e-04 -1.337702084067139393e-04
9.881302888042329570e-04 1.018957653695063597e-03 9.763239326235868343e-04 2.236922423121007978e-03 -2.441455419931789789e-03 4.888817904830472348e-05 1.538145522347632364e-04 9.918405319765571360e-06 9.931644360803998112e-04 0.000000000000000000e+00 2.636408933720734110e-04 -1.403387248034497102e-03
5.343700336608225778e-05 4.725052395940031831e-04 9.065742548836834384e-04 -5.797026803599845783e-04 -7.361222087388203609e-04 4.120814598787360720e-04 -5.578902744952362198e-05 -8.009752355554420082e-04 -8.628158211746334580e-04 2.636408933720734110e-04 0.000000000000000000e+00 4.924869880933600494e-04
6.511141289113620001e-04 -4.189001020041907292e-04 8.609726215919497831e-04 -1.257742379801272741e-03 -3.542610228376815497e-05 -4.552431389010678717e-04 5.417584845274445735e-04 4.571065786913866775e-04 -1.337702084067139393e-04 -1.403387248034497102e-03 4.924869880933600494e-04 0.000000000000000000e+00
