0.000000000000000000e+00 1.433729258960125168e-03 1.924461824112725562e-05 -7.451000031753145627e-04 -8.373556508381404834e-05 -1.455793640417594320e-03 1.078183025358178367e-03 6.418230046385058041e-05 -6.763980892332810673e-04 4.815434606907138967e-04 8.926049879203319876e-04 -2.309032384295004760e-04
1.433729258960125168e-03 0.000000000000000000e+00 -1.155256944076151577e-03 1.860192959491517367e-03 2.956041251590818455e-03 -2.670630216874729772e-03 2.217382195799822917e-03 -7.529867257753663232e-04 -1.137917823433065069e-04 -4.258779055485674078e-04 -1.231131919316827417e-03 3.857704175313966246e-04
1.924461824112725562e-05 -1.155256944076151577e-03 0.000000000000000000e+00 4.490550420311520126e-04 1.189016972771341765e-04 -3.094341682627339249e-05 -7.268177368802206237e-04 3.457276321099056427e-04 -7.277912118770542976e-04 -2.248649737595893947e-04 4.970200668933091783e-04 -3.581356451186618723e-04
-7.451000031753145627e-04 1.860192959491517367e-03 4.490550420311520126e-04 0.000000000000000000e+00 -1.436081639340160588e-04 -1.242308395727318446e-03 -7.947203776240801794e-04 4.673248077201251323e-04 -3.448470343558542755e-04 4.119386151252894487e-04 -1.619838853512911136e-03 -5.550228675628039992e-04
-8.373556508381404834e-05 2.956041251590818455e-03 1.189016972771341765e-04 -1.436081639340160588e-04 0.000000000000000000e+00 7.080997001582810821e-04 -2.510367064321414841e-03 -5.286961390345096485e-04 -5.869791112109918642e-04 -8.872000190545417881e-04 -8.268421124869014625e-04 5.123363096884191777e-04
-1.455793640417594320e-03 -2.670630216874729772e-03 -3.094341682627339249e-05 -1.242308395727318446e-03 7.080997001582810821e-04 0.000000000000000000e+00 5.668698450707705054e-05 8.556287095447073733e-04 -2.924854290819362576e-04 -7.783088620095991337e-04 -5.062645449142787147e-04 -2.611642696552918383e-04
1.078183025358178367e-03 2.217382195799822917e-03 -7.268177368802206237e-04 -7.947203776240801794e-04 -2.510367064321414841e-03 5.668698450707705054e-05 0.000000000000000000e+00 1.072801447034720944e-04 9.556677181489096938e-04 -4.977278522101417566e-04 2.475579676441674588e-04 -1.214942579199568485e-05
6.418230046385058041e-05 -7.529867257753663232e-04 3.457276321099056427e-04 4.673248077201251323e-04 -5.286961390345096485e-04 8.556287095447073733e-04 1.072801447034720944e-04 0.000000000000000000e+00 -3.676968593677003034e-05 7.467066271043103502e-05 -4.241396972058520515e-04 -1.813369669708311924e-04
-6.763980892332810673e-04 -1.137917823433065069e-04 -7.277912118770542976e-04 -3.448470343558542755e-04 -5.869791112109918642e-04 -2.924854290819362576e-04 9.556677181489096938e-04 -3.676968593677003034e-05 0.000000000000000000e+00 -5.508416298382486607e-04 -1.061890527023931019e-03 -8.395713311902134940e-04
4.815434606907138967e-04 -4.258779055485674078e-04 -2.248649737595893947e-04 4.119386151252894487e-04 -8.872000190545417881e-04 -7.783088620095991337e-04 -4.977278522101417566e-04 7.467066271043103502e-05 -5.508416298382486607e-04 0.000000000000000000e+00 -4.107454371953890072e-04 -8.733331289383247881e-05
8.926049879203319876e-04 -1.231131919316827417e-03 4.970200668933091783e-04 -1.619838853512911136e-03 -8.268421124869014625e-04 -5.062645449142787147e-04 2.475579676441674588e-04 -4.241396972058520515e-04 -1.061890527023931019e-03 -4.107454371953890072e-04 0.000000000000000000e+00 -6.699462731138036394e-04
-2.309032384295004760e-04 3.857704175313966246e-04 -3.581356451186618723e-04 -5.550228675628039992e-04 5.123363096884191777e-04 -2.611642696552918383e-04 -1.214942579199568485e-05 -1.813369669708311924e-04 -8.395713311902134940e-04 -8.733331289383247881e-05 -6.699462731138036394e-04 0.000000000000000000e+00
