0.000000000000000000e+00 1.918044193670034479e-03 1.911920866609983323e-04 -5.440037229396526295e-04 8.175107876880533713e-04 5.056938101454444209e-04 9.378117745651658958e-04 2.329714782995187549e-04 -3.064378747481858400e-04 3.203036161935565875e-05 2.763248465446933866e-04 -6.221735763597111045e-04
1.918044193670034479e-03 0.000000000000000000e+00 -1.143572301917249266e-03 -2.428376534208528427e-03 3.041298422187415241e-03 1.326607963052576318e-03 -2.620211329578771720e-03 2.537127304984175200e-04 9.487593561300174854e-04 6.672306865431530502e-04 -1.840328362874795766e-03 -1.882710046712520249e-03
1.911920866609983323e-04 -1.143572301917249266e-03 0.000000000000000000e+00 -4.174092785358665052e-05 1.492480006696040933e-04 -7.982049797153488360e-04 3.198263219753212931e-04 3.503775270659516164e-04 5.129974169262769852e-04 -2.383008134503292771e-04 -3.279644518855738067e-04 -1.147778341554454786e-06
-5.440037229396526295e-04 -2.428376534208528427e-03 -4.174092785358665052e-05 0.000000000000000000e+00 4.400749049382003176e-04 -5.001719004003971373e-04 1.618044459817164393e-04 -5.779631188088078802e-05 -6.674324104620867667e-04 1.482121913165065145e-05 -1.248425224819879348e-03 4.401134338449260819e-04
8.175107876880533713e-04 3.041298422187415241e-03 1.492480006696040933e-04 4.400749049382003176e-04 0.000000000000000000e+00 -1.173263666741133487e-04 1.033434341862176980e-03 4.380682704577949478e-04 4.794633581812967563e-04 6.450091860174676144e-05 -2.499242564944274781e-04 6.546570237835577007e-04
5.056938101454444209e-04 1.326607963052576318e-03 -7.982049797153488360e-04 -5.001719004003971373e-04 -1.173263666741133487e-04 0.000000000000000000e+00 6.299125878731439863e-04 -4.192397479559512052e-04 -1.153593506872536414e-04 -6.222818701403715676e-04 1.330902168850178324e-03 -1.681178508957008452e-03
9.378117745651658958e-04 -2.620211329578771720e-03 3.198263219753212931e-04 1.618044459817164393e-04 1.033434341862176980e-03 6.299125878731439863e-04 0.000000000000000000e+00 8.414096385195233001e-05 -1.684626597823116038e-04 -5.257615654568186534e-04 2.713007161657410575e-04 6.149460195104851368e-04
2.329714782995187549e-04 2.537127304984175200e-04 3.503775270659516164e-04 -5.779631188088078802e-05 4.380682704577949478e-04 -4.192397479559512052e-04 8.414096385195233001e-05 0.000000000000000000e+00 -9.000455387605226919e-05 2.820043856050261869e-04 3.001965498133374603e-04 -1.698770647507876039e-04
-3.064378747481858400e-04 9.487593561300174854e-04 5.129974169262769852e-04 -6.674324104620867667e-04 4.794633581812967563e-04 -1.153593506872536414e-04 -1.684626597823116038e-04 -9.000455387605226919e-05 0.000000000000000000e+00 -2.116689684856166889e-04 -3.147084810956413754e-04 2.658071421252004005e-04
3.203036161935565875e-05 6.672306865431530502e-04 -2.383008134503292771e-04 1.482121913165065145e-05 6.450091860174676144e-05 -6.222818701403715676e-04 -5.257615654568186534e-04 2.820043856050261869e-04 -2.116689684856166889e-04 0.000000000000000000e+00 8.956934190571013343e-04 1.830785935626367698e-04
2.763248465446933866e-04 -1.840328362874795766e-03 -3.279644518855738067e-04 -1.248425224819879348e-03 -2.499242564944274781e-04 1.330902168850178324e-03 2.713007161657410575e-04 3.001965498133374603e-04 -3.147084810956413754e-04 8.956934190571013343e-04 0.000000000000000000e+00 -1.023058342607599275e-03
-6.221735763597111045e-04 -1.882710046712520249e-03 -1.147778341554454786e-06 4.401134338449260819e-04 6.546570237835577007e-04 -1.681178508957008452e-03 6.149460195104851368e-04 -1.698770647507876039e-04 2.658071421252004005e-04 1.830785935626367698e-04 -1.023058342607599275e-03 0.000000000000000000e+00
