0.000000000000000000e+00 1.281976422035440875e-03 -3.976004144876118369e-04 6.549391811463690623e-05 6.261118143352941258e-04 3.944768987900047113e-04 -5.733364915399049438e-04 2.414159590282557945e-04 9.829778054946194954e-05 -4.532412349910667050e-04 3.280405257065710858e-04 2.095647206623408191e-05
1.281976422035440875e-03 0.000000000000000000e+00 -1.717737638281711878e-04 -2.347911454167303860e-03 -2.368771098371040031e-03 -3.115899525310858280e-04 -6.672101132691463446e-04 -8.302086865521298483e-04 4.241935759608675503e-04 -1.266804114231565026e-03 -1.927547216439881583e-03 -7.259179348613921520e-04
-3.976004144876118369e-04 -1.717737638281711878e-04 0.000000000000000000e+00 -1.391810936350804508e-04 -7.071660972696896565e-04 4.602625720889154103e-06 -1.032232438470107505e-04 2.533888665180592989e-04 4.317492574073570288e-04 6.583899771244343174e-04 -4.754764513091339030e-04 2.376829226165475786e-04
6.549391811463690623e-05 -2.347911454167303860e-03 -1.391810936350804508e-04 0.000000000000000000e+00 -6.312595652551605038e-04 9.806219956178027081e-04 -7.146404303074313990e-04 -5.470681014952084517e-04 -3.913678919455225902e-04 -2.078715716380554834e-04 1.031516379615079505e-03 -2.799476631127237021e-04
6.261118143352941258e-04 -2.368771098371040031e-03 -7.071660972696896565e-04 -6.312595652551605038e-04 0.000000000000000000e+00 -7.434483241847636295e-04 2.972940931536910766e-06 8.773363725448563369e-04 -1.307815846506116492e-04 -6.210416922516918611e-04 -3.755108262220726526e-04 -1.801612572230890455e-04
3.944768987900047113e-04 -3.115899525310858280e-04 4.602625720889154103e-06 9.806219956178027081e-04 -7.434483241847636295e-04 0.000000000000000000e+00 5.769668620682265282e-04 -5.684962974573766958e-04 -7.120529723429972618e-04 -3.194616284587262992e-04 -2.196022751179322469e-03 -1.462979688275973427e-03
-5.733364915399049438e-04 -6.672101132691463446e-04 -1.032232438470107505e-04 -7.146404303074313990e-04 2.972940931536910766e-06 5.769668620682265282e-04 0.000000000000000000e+00 3.021311385411341020e-04 4.994968189119850741e-05 -8.955288460649754936e-05 -1.196279261816075726e-03 1.112863311887961597e-03
2.414159590282557945e-04 -8.302086865521298483e-04 2.533888665180592989e-04 -5.470681014952084517e-04 8.773363725448563369e-04 -5.684962974573766958e-04 3.021311385411341020e-04 0.000000000000000000e+00 8.196654972519339306e-05 -1.077949293266762738e-04 -4.361598121669251122e-04 2.528917478776138302e-04
9.829778054946194954e-05 4.241935759608675503e-04 4.317492574073570288e-04 -3.913678919455225902e-04 -1.307815846506116492e-04 -7.120529723429972618e-04 4.994968189119850741e-05 8.196654972519339306e-05 0.000000000000000000e+00 -1.137645761132516824e-05 -4.851589483574298236e-04 5.786050316161471399e-05
-4.532412349910667050e-04 -1.266804114231565026e-03 6.583899771244343174e-04 -2.078715716380554834e-04 -6.210416922516918611e-04 -3.194616284587262992e-04 -8.955288460649754936e-05 -1.077949293266762738e-04 -1.137645761132516824e-05 0.000000000000000000e+00 4.627413787275520525e-04 2.507387986456995651e-04
3.280405257065710858e-04 -1.927547216439881583e-03 -4.754764513091339030e-04 1.031516379615079505e-03 -3.755108262220726526e-04 -2.196022751179322469e-03 -1.196279261816075726e-03 -4.361598121669251122e-04 -4.851589483574298236e-04 4.627413787275520525e-04 0.000000000000000000e+00 1.325258141691355862e-03
2.095647206623408191e-05 -7.259179348613921520e-04 2.376829226165475786e-04 -2.799476631127237021e-04 -1.801612572230890455e-04 -1.462979688275973427e-03 1.112863311887961597e-03 2.528917478776138302e-04 5.786050316161471399e-05 2.507387986456995651e-04 1.325258141691355862e-03 0.000000000000000000e+00
