0.000000000000000000e+00 1.367918379721335190e-03 1.356005353835182425e-04 4.119708593480543601e-04 -7.005083610531025315e-04 -7.127192442959837289e-04 -4.334112428697340638e-04 1.535101877752719879e-04 -3.269277075728913603e-04 -2.260366576566662288e-04 -3.526338438078196612e-04 9.255630352617060051e-04
1.367918379721335190e-03 0.000000000000000000e+00 2.044335563058033022e-04 8.490432497613739724e-04 -7.934420743367740381e-05 -2.666690278241855977e-03 -7.265600788037918538e-06 1.124872118032476222e-03 2.562186691355365902e-03 8.277720730377039794e-04 2.181224297758221561e-03 -1.878633506316483960e-03
1.356005353835182425e-04 2.044335563058033022e-04 0.000000000000000000e+00 7.105141825513918981e-05 3.786913128213103289e-05 -1.478637484683579877e-04 -2.714438669988318413e-04 4.359633723325856479e-05 1.788531174240058251e-04 -2.544267883784503791e-05 2.815407743837426138e-04 2.952773081028747413e-04
4.119708593480543601e-04 8.490432497613739724e-04 7.105141825513918981e-05 0.000000000000000000e+00 -7.779042706153940778e-04 5.657428199660280649e-04 -1.831556929091300340e-04 -4.748120668277738040e-05 -1.108199442688843000e-04 5.045381136214965563e-04 -2.816766691623019767e-04 1.207907271698121447e-04
-7.005083610531025315e-04 -7.934420743367740381e-05 3.786913128213103289e-05 -7.779042706153940778e-04 0.000000000000000000e+00 -1.775768518346586191e-03 -2.763125713360954248e-04 6.586587066625012286e-05 -8.619296006312463388e-04 3.332020687228406768e-04 -3.086027605427931831e-04 5.227193036504908675e-04
-7.127192442959837289e-04 -2.666690278241855977e-03 -1.478637484683579877e-04 5.657428199660280649e-04 -1.775768518346586191e-03 0.000000000000000000e+00 -7.484051733221619082e-04 8.926610291856311224e-05 -1.371796962295624691e-03 -1.962769553940675723e-04 -3.916389544156535308e-04 -1.453928573067739044e-03
-4.334112428697340638e-04 -7.265600788037918538e-06 -2.714438669988318413e-04 -1.831556929091300340e-04 -2.763125713360954248e-04 -7.484051733221619082e-04 0.000000000000000000e+00 -1.521194364789640137e-04 1.382596234070337807e-03 1.380760176495075852e-04 -1.247650154090278185e-03 8.296529786342231154e-05
1.535101877752719879e-04 1.124872118032476222e-03 4.359633723325856479e-05 -4.748120668277738040e-05 6.586587066625012286e-05 8.926610291856311224e-05 -1.521194364789640137e-04 0.000000000000000000e+00 -2.251467777092880168e-04 -1.395194574525834125e-04 3.143688423778593982e-05 -8.861854278490705170e-05
-3.269277075728913603e-04 2.562186691355365902e-03 1.788531174240058251e-04 -1.108199442688843000e-04 -8.619296006312463388e-04 -1.371796962295624691e-03 1.382596234070337807e-03 -2.251467777092880168e-04 0.000000000000000000e+00 -1.814208536365762557e-04 -1.899850473348129809e-04 -6.170772364987308104e-04
-2.260366576566662288e-04 8.277720730377039794e-04 -2.544267883784503791e-05 5.045381136214965563e-04 3.332020687228406768e-04 -1.962769553940675723e-04 1.380760176495075852e-04 -1.395194574525834125e-04 -1.814208536365762557e-04 0.000000000000000000e+00 -2.593944710981680476e-04 -2.034279422607142534e-04
-3.526338438078196612e-04 2.181224297758221561e-03 2.815407743837426138e-04 -2.816766691623019767e-04 -3.086027605427931831e-04 -3.916389544156535308e-04 -1.247650154090278185e-03 3.143688423778593982e-05 -1.899850473348129809e-04 -2.593944710981680476e-04 0.000000000000000000e+00 -4.872409410159690897e-04
9.255630352617060051e-04 -1.878633506316483960e-03 2.952773081028747413e-04 1.207907271698121447e-04 5.227193036504908675e-04 -1.453928573067739044e-03 8.296529786342231154e-05 -8.861854278490705170e-05 -6.170772364987308104e-04 -2.034279422607142534e-04 -4.872409410159690897e-04 0.000000000000000000e+00
