0.000000000000000000e+00 5.773669061612483064e-04 -2.042445039696881570e-03 -7.519186385412734248e-04 4.848893884506608101e-04 -2.383499536597483430e-04 2.397801563829932026e-05 2.514271042582632404e-04 7.925688214219257094e-04 2.342397249237145539e-04 -9.175550214082248493e-05 -1.079504913273780016e-04
5.773669061612483064e-04 0.000000000000000000e+00 1.498365754832340063e-03 6.023853538566397228e-04 -3.739022044652260670e-04 9.797898733800746492e-04 -1.033129736139084404e-03 -2.237182920763406812e-04 4.168539766323054786e-04 -1.003776387412520527e-03 1.806892593632978650e-04 -4.384654181089201234e-04
-2.042445039696881570e-03 1.498365754832340063e-03 0.000000000000000000e+00 6.272707089755527208e-04 -2.031387490707454221e-03 1.962119357330898719e-04 1.096909325946818659e-03 -1.895899956565798511e-04 -5.676202406500824521e-04 -1.239361578884352151e-03 5.378516958137847343e-04 4.748776416530501514e-04
-7.519186385412734248e-04 6.023853538566397228e-04 6.272707089755527208e-04 0.000000000000000000e+00 1.005620131428641202e-04 -9.980619537543783826e-04 -8.725247399992969296e-04 3.325897359960887779e-04 -1.770519223584549834e-05 -6.728415269681600579e-04 -9.415821459983408364e-06 1.720403241873369547e-04
4.848893884506608101e-04 -3.739022044652260670e-04 -2.031387490707454221e-03 1.005620131428641202e-04 0.000000000000000000e+00 3.871117896547027247e-04 6.356007980443384843e-05 1.892496528995831699e-04 -2.833251344657761487e-04 -1.822429243513751891e-03 -4.552857768853988963e-06 -1.659744496314191945e-04
-2.383499536597483430e-04 9.797898733800746492e-04 1.962119357330898719e-04 -9.980619537543783826e-04 3.871117896547027247e-04 0.000000000000000000e+00 -2.806981386338687229e-04 -5.320956562365251972e-04 -3.588226636630543635e-05 2.141635853255913430e-04 5.749267413757959497e-04 6.076584252561718176e-04
2.397801563829932026e-05 -1.033129736139084404e-03 1.096909325946818659e-03 -8.725247399992969296e-04 6.356007980443384843e-05 -2.806981386338687229e-04 0.000000000000000000e+00 -2.371215939587858774e-04 6.568353624541069388e-05 -4.638132981179378194e-04 -2.126622641399856861e-05 -7.826729667369128427e-05
2.514271042582632404e-04 -2.237182920763406812e-04 -1.895899956565798511e-04 3.325897359960887779e-04 1.892496528995831699e-04 -5.320956562365251972e-04 -2.371215939587858774e-04 0.000000000000000000e+00 -4.031067056226952830e-04 6.030243460299842531e-04 3.326942224117001375e-04 2.872657612514596909e-04
7.925688214219257094e-04 4.168539766323054786e-04 -5.676202406500824521e-04 -1.770519223584549834e-05 -2.833251344657761487e-04 -3.588226636630543635e-05 6.568353624541069388e-05 -4.031067056226952830e-04 0.000000000000000000e+00 1.403203481837034352e-05 7.462397068672669718e-05 -2.018106542666696986e-04
2.342397249237145539e-04 -1.003776387412520527e-03 -1.239361578884352151e-03 -6.728415269681600579e-04 -1.822429243513751891e-03 2.141635853255913430e-04 -4.638132981179378194e-04 6.030243460299842531e-04 1.403203481837034352e-05 0.000000000000000000e+00 -2.274583132446894270e-04 3.818939627254611569e-04
-9.175550214082248493e-05 1.806892593632978650e-04 5.378516958137847343e-04 -9.415821459983408364e-06 -4.552857768853988963e-06 5.749267413757959497e-04 -2.126622641399856861e-05 3.326942224117001375e-04 7.462397068672669718e-05 -2.274583132446894270e-04 0.000000000000000000e+00 -3.068896813512817867e-05
-1.079504913273780016e-04 -4.384654181089201234e-04 4.748776416530501514e-04 1.720403241873369547e-04 -1.659744496314191945e-04 6.076584252561718176e-04 -7.826729667369128427e-05 2.872657612514596909e-04 -2.018106542666696986e-04 3.818939627254611569e-04 -3.068896813512817867e-05 0.000000000000000000e+00
