0.000000000000000000e+00 2.715619852332396781e-03 1.999810514822319193e-03 8.238890604247951169e-04 -8.781444816499439686e-04 2.584685801074707630e-03 7.576516950277599547e-05 -2.179294057159972362e-04 -3.717119993931515065e-04 -7.495337425471486955e-04 -1.457367226832482479e-04 -1.669513302356065551e-04
2.715619852332396781e-03 0.000000000000000000e+00 9.880296520996796703e-04 -1.521939120904735536e-04 7.711732559480717619e-04 2.810280832464215903e-04 2.743622643545363894e-05 -3.629282340723998554e-04 -9.092974536960942485e-04 6.868458071218910789e-04 -7.089568118784956999e-04 -1.409289278910153489e-05
1.999810514822319193e-03 9.880296520996796703e-04 0.000000000000000000e+00 -5.409948265239220488e-04 -7.850891087042871262e-05 2.372415634034031988e-03 5.365512719154072029e-04 -4.342274296994080287e-04 8.122282320538478338e-04 -5.649596089607355391e-04 -1.177119036271405492e-03 -1.020607554958932522e-03
8.238890604247951169e-04 -1.521939120904735536e-04 -5.409948265239220488e-04 0.000000000000000000e+00 1.585367045954807520e-03 -1.306521997584183170e-03 -8.859575696326755438e-05 2.160156483917309155e-04 1.865389238071117357e-04 -1.501623740621769532e-03 -3.099182963438744712e-04 2.380119659104234717e-04
-8.781444816499439686e-04 7.711732559480717619e-04 -7.850891087042871262e-05 1.585367045954807520e-03 0.000000000000000000e+00 -9.893736706117475452e-04 -8.482331517746869972e-04 4.242835980342662223e-04 1.588849766757034255e-04 4.334830473019687350e-04 -7.044655048962691467e-04 -6.914508104962928305e-04
2.584685801074707630e-03 2.810280832464215903e-04 2.372415634034031988e-03 -1.306521997584183170e-03 -9.893736706117475452e-04 0.000000000000000000e+00 4.792990005166091957e-04 3.437364442797476247e-04 -9.111404925590159886e-04 -6.164397837895978791e-04 -2.615554562402973445e-04 6.836106671802378914e-04
7.576516950277599547e-05 2.743622643545363894e-05 5.365512719154072029e-04 -8.859575696326755438e-05 -8.482331517746869972e-04 4.792990005166091957e-04 0.000000000000000000e+00 1.521630628981936520e-04 8.682097492743930472e-06 -1.646275409550887014e-04 -1.842460582827101713e-04 4.291676736478096193e-04
-2.179294057159972362e-04 -3.629282340723998554e-04 -4.342274296994080287e-04 2.160156483917309155e-04 4.242835980342662223e-04 3.437364442797476247e-04 1.521630628981936520e-04 0.000000000000000000e+00 -2.377839291877852914e-04 1.332631764878531146e-04 5.632002222128795853e-06 6.845452062018229228e-04
-3.717119993931515065e-04 -9.092974536960942485e-04 8.122282320538478338e-04 1.865389238071117357e-04 1.588849766757034255e-04 -9.111404925590159886e-04 8.682097492743930472e-06 -2.377839291877852914e-04 0.000000000000000000e+00 6.443989200235393597e-04 9.801342335870208379e-05 2.068386055020278718e-04
-7.495337425471486955e-04 6.868458071218910789e-04 -5.649596089607355391e-04 -1.501623740621769532e-03 4.334830473019687350e-04 -6.164397837895978791e-04 -1.646275409550887014e-04 1.332631764878531146e-04 6.443989200235393597e-04 0.000000000000000000e+00 4.505733361376578123e-04 2.404203364899162583e-04
-1.457367226832482479e-04 -7.089568118784956999e-04 -1.177119036271405492e-03 -3.099182963438744712e-04 -7.044655048962691467e-04 -2.615554562402973445e-04 -1.842460582827101713e-04 5.632002222128795853e-06 9.801342335870208379e-05 4.505733361376578123e-04 0.000000000000000000e+00 1.919863528591914115e-05
-1.669513302356065551e-04 -1.409289278910153489e-05 -1.020607554958932522e-03 2.380119659104234717e-04 -6.914508104962928305e-04 6.836106671802378914e-04 4.291676736478096193e-04 6.845452062018229228e-04 2.068386055020278718e-04 2.404203364899162583e-04 1.919863528591914115e-05 0.000000000000000000e+00
