0.000000000000000000e+00 1.455780853281317616e-03 1.589948696367062420e-03 1.349695058381654477e-03 -1.566175402672679001e-03 -8.980696199916847651e-04 7.602102368400461517e-04 -7.724226879401243934e-04 -1.700063726538309959e-04 7.810345588747569148e-04 9.343347437870675159e-05 -1.967467493782633033e-04
1.455780853281317616e-03 0.000000000000000000e+00 -2.138180007346735141e-03 -5.131066730561458948e-05 -2.246635055607844583e-03 -3.006131535042706315e-03 5.630933219561644982e-04 -2.320008213170366806e-04 -4.149689599101351995e-04 -5.467017921372753931e-04 2.851130185434120104e-04 -9.604273668236876617e-05
1.589948696367062420e-03 -2.138180007346735141e-03 0.000000000000000000e+00 2.314658053784444166e-03 2.585846822468525728e-03 -2.563036349924423946e-03 -7.154570730009081250e-04 7.515998841375048922e-04 2.734121821932241074e-04 1.852419210772602394e-03 -5.778121932287654840e-04 -8.690467222315353740e-04
1.349695058381654477e-03 -5.131066730561458948e-05 2.314658053784444166e-03 0.000000000000000000e+00 1.672688359374528970e-04 6.159800277630616194e-04 4.312149449927355611e-04 8.917056701154410167e-04 -3.516268648805413819e-04 -1.336924100335583343e-03 7.540181181472642327e-05 -3.960615816131862299e-05
-1.566175402672679001e-03 -2.246635055607844583e-03 2.585846822468525728e-03 1.672688359374528970e-04 0.000000000000000000e+00 -1.698471330199950290e-03 -5.625985735573963299e-04 1.143137720220377710e-03 3.433971097116321459e-04 -1.340704375103413679e-03 4.650503592784252624e-04 -7.182911946412691645e-04
-8.980696199916847651e-04 -3.006131535042706315e-03 -2.563036349924423946e-03 6.159800277630616194e-04 -1.698471330199950290e-03 0.000000000000000000e+00 -2.056993220310333198e-04 9.062157184678725809e-04 4.373374468654947934e-04 -1.838361296348465243e-04 6.588944264218342959e-04 -7.824536531100510783e-04
7.602102368400461517e-04 5.630933219561644982e-04 -7.154570730009081250e-04 4.312149449927355611e-04 -5.625985735573963299e-04 -2.056993220310333198e-04 0.000000000000000000e+00 -4.415956159915745646e-04 1.770306159304464342e-04 -7.697997750868083681e-04 -1.266008798649285430e-04 -7.849493656921857979e-05
-7.724226879401243934e-04 -2.320008213170366806e-04 7.515998841375048922e-04 8.917056701154410167e-04 1.143137720220377710e-03 9.062157184678725809e-04 -4.415956159915745646e-04 0.000000000000000000e+00 2.559719903374508458e-04 -3.627199835383162823e-04 4.885622186204648327e-04 -1.012024330556600686e-04
-1.700063726538309959e-04 -4.149689599101351995e-04 2.734121821932241074e-04 -3.516268648805413819e-04 3.433971097116321459e-04 4.373374468654947934e-04 1.770306159304464342e-04 2.559719903374508458e-04 0.000000000000000000e+00 2.275063309671129959e-04 2.816302372854150027e-04 1.440838558354847116e-04
7.810345588747569148e-04 -5.467017921372753931e-04 1.852419210772602394e-03 -1.336924100335583343e-03 -1.340704375103413679e-03 -1.838361296348465243e-04 -7.697997750868083681e-04 -3.627199835383162823e-04 2.275063309671129959e-04 0.000000000000000000e+00 -3.368650862570668047e-04 -1.037144004630154376e-03
9.343347437870675159e-05 2.851130185434120104e-04 -5.778121932287654840e-04 7.540181181472642327e-05 4.650503592784252624e-04 6.588944264218342959e-04 -1.266008798649285430e-04 4.885622186204648327e-04 2.816302372854150027e-04 -3.368650862570668047e-04 0.000000000000000000e+00 -2.738437971510901598e-04
-1.967467493782633033e-04 -9.604273668236876617e-05 -8.690467222315353740e-04 -3.960615816131862299e-05 -7.182911946412691645e-04 -7.824536531100510783e-04 -7.849493656921857979e-05 -1.012024330556600686e-04 1.440838558354847116e-04 -1.037144004630154376e-03 -2.738437971510901598e-04 0.000000000000000000e+00
