0.000000000000000000e+00 -1.231388528740524001e-04 -2.189807649039794235e-04 -5.825205406449069897e-04 2.876245389803201149e-04 3.476783975929044826e-04 -5.443882235491328110e-05 3.541800465752831814e-04 1.885358403213178839e-04 1.826605943870482775e-04 2.239755722984097623e-04 1.808218642436772020e-04
-1.231388528740524001e-04 0.000000000000000000e+00 4.307376044118637042e-04 3.453686564145887314e-05 -3.057872462489011171e-04 4.022997615935347700e-04 -2.112776214688578784e-04 -2.323195187061315777e-04 -2.485344506517897728e-04 2.639853747944976301e-04 -2.117209100439829193e-04 -4.575886422428194025e-04
-2.189807649039794235e-04 4.307376044118637042e-04 0.000000000000000000e+00 -4.645529718383903275e-04 2.584764298856142986e-04 1.221498217796397135e-03 -6.413659824076041287e-04 -1.523175592827011315e-03 -1.833696298345615901e-03 -5.107411838306467715e-04 3.716797566050077345e-04 5.531478734618319780e-04
-5.825205406449069897e-04 3.453686564145887314e-05 -4.645529718383903275e-04 0.000000000000000000e+00 2.703929776680882467e-04 1.247332141238588835e-03 -7.073848326697862595e-05 7.736681099739199782e-04 3.607335780531290351e-03 7.424336564317985917e-04 -3.420012858384161763e-04 -4.509009443077627180e-05
2.876245389803201149e-04 -3.057872462489011171e-04 2.584764298856142986e-04 2.703929776680882467e-04 0.000000000000000000e+00 6.216343509516330211e-04 1.563046069972460453e-04 1.066197888702388871e-03 8.255110603343915809e-04 -1.018517524990846619e-03 -4.934625124011257202e-04 9.405777973982335470e-04
3.476783975929044826e-04 4.022997615935347700e-04 1.221498217796397135e-03 1.247332141238588835e-03 6.216343509516330211e-04 0.000000000000000000e+00 3.650695507025878447e-04 1.993062645171808699e-04 -8.151797147488985991e-04 6.724610766679915740e-04 -4.276400399895527579e-04 1.095747005884911262e-03
-5.443882235491328110e-05 -2.112776214688578784e-04 -6.413659824076041287e-04 -7.073848326697862595e-05 1.563046069972460453e-04 3.650695507025878447e-04 0.000000000000000000e+00 -2.658225305979048368e-04 4.441150391239996934e-04 3.034369587706658598e-04 -1.156764664694363826e-04 4.153736167925749906e-04
3.541800465752831814e-04 -2.323195187061315777e-04 -1.523175592827011315e-03 7.736681099739199782e-04 1.066197888702388871e-03 1.993062645171808699e-04 -2.658225305979048368e-04 0.000000000000000000e+00 -1.923413077056169344e-04 -1.136580751703326854e-03 -8.161348369368619802e-05 4.338605243727628184e-04
1.885358403213178839e-04 -2.485344506517897728e-04 -1.833696298345615901e-03 3.607335780531290351e-03 8.255110603343915809e-04 -8.151797147488985991e-04 4.441150391239996934e-04 -1.923413077056169344e-04 0.000000000000000000e+00 6.387645426012758662e-04 -1.039226204455094213e-03 7.494285658530105065e-04
1.826605943870482775e-04 2.639853747944976301e-04 -5.107411838306467715e-04 7.424336564317985917e-04 -1.018517524990846619e-03 6.724610766679915740e-04 3.034369587706658598e-04 -1.136580751703326854e-03 6.387645426012758662e-04 0.000000000000000000e+00 -3.852622146477040015e-04 -9.352443042098259555e-05
2.239755722984097623e-04 -2.117209100439829193e-04 3.716797566050077345e-04 -3.420012858384161763e-04 -4.934625124011257202e-04 -4.276400399895527579e-04 -1.156764664694363826e-04 -8.161348369368619802e-05 -1.039226204455094213e-03 -3.852622146477040015e-04 0.000000000000000000e+00 1.967955609062859180e-05
1.808218642436772020e-04 -4.575886422428194025e-04 5.531478734618319780e-04 -4.509009443077627180e-05 9.405777973982335470e-04 1.095747005884911262e-03 4.153736167925749906e-04 4.338605243727628184e-04 7.494285658530105065e-04 -9.352443042098259555e-05 1.967955609062859180e-05 0.000000000000000000e+00
