0.000000000000000000e+00 2.873716555381995936e-04 4.641381390530477700e-05 -1.797769301033102422e-04 -1.812263825257250333e-04 -2.519001813052338984e-04 1.741917660075902301e-04 1.210284152372079745e-04 3.998943558982390243e-04 -3.803236708311673596e-05 -2.750117310796759912e-04 7.483721907928527319e-04
2.873716555381995936e-04 0.000000000000000000e+00 6.073628387034987579e-04 1.468291698091408288e-04 -8.387938221252885318e-05 -1.710637432450691942e-05 -1.135329770662020784e-05 -6.968145999015093548e-04 -1.623503330752483010e-03 1.032688058297783840e-03 -2.088813769279405008e-04 7.424187733879374649e-04
4.641381390530477700e-05 6.073628387034987579e-04 0.000000000000000000e+00 -1.989133102431625381e-03 1.405601071967269413e-03 6.452320415430943005e-04 5.226979628414400681e-04 5.480720809575577489e-04 -1.353028284811805097e-04 1.113133392543689702e-03 -9.291808491855598601e-05 3.937483591707340871e-04
-1.797769301033102422e-04 1.468291698091408288e-04 -1.989133102431625381e-03 0.000000000000000000e+00 4.186008091874263040e-04 1.017817509366541204e-03 8.080715331480159110e-04 -7.793896425071166444e-04 -1.971043920615078108e-03 -2.282121374686206343e-03 1.255262250268462465e-03 2.016412765090475328e-03
-1.812263825257250333e-04 -8.387938221252885318e-05 1.405601071967269413e-03 4.186008091874263040e-04 0.000000000000000000e+00 3.884404602451634742e-04 3.323190883131691429e-04 -8.875982501880595819e-04 1.676401665738721201e-03 -7.250412981704239517e-04 5.665910401615580766e-04 -9.635192616100486218e-05
-2.519001813052338984e-04 -1.710637432450691942e-05 6.452320415430943005e-04 1.017817509366541204e-03 3.884404602451634742e-04 0.000000000000000000e+00 -2.116882436952155405e-05 5.335199328063494010e-04 -1.871032131770284691e-03 -7.551115581906278759e-04 -5.491742571348879644e-04 -3.451744281500177848e-04
1.741917660075902301e-04 -1.135329770662020784e-05 5.226979628414400681e-04 8.080715331480159110e-04 3.323190883131691429e-04 -2.116882436952155405e-05 0.000000000000000000e+00 3.011308302763119346e-04 5.644775994248772168e-04 -4.264808456739434392e-04 2.343231593388345979e-06 6.672470169467668421e-04
1.210284152372079745e-04 -6.968145999015093548e-04 5.480720809575577489e-04 -7.793896425071166444e-04 -8.875982501880595819e-04 5.335199328063494010e-04 3.011308302763119346e-04 0.000000000000000000e+00 -8.266590537882490160e-04 2.437352880340395143e-04 -8.977301637971416340e-05 1.944737279770513815e-04
3.998943558982390243e-04 -1.623503330752483010e-03 -1.353028284811805097e-04 -1.971043920615078108e-03 1.676401665738721201e-03 -1.871032131770284691e-03 5.644775994248772168e-04 -8.266590537882490160e-04 0.000000000000000000e+00 -2.057802170371839535e-03 -9.928939163620807348e-04 -1.027073490019475040e-04
-3.803236708311673596e-05 1.032688058297783840e-03 1.113133392543689702e-03 -2.282121374686206343e-03 -7.250412981704239517e-04 -7.551115581906278759e-04 -4.264808456739434392e-04 2.437352880340395143e-04 -2.057802170371839535e-03 0.000000000000000000e+00 1.008589756322224740e-03 -6.968464025576089809e-04
-2.750117310796759912e-04 -2.088813769279405008e-04 -9.291808491855598601e-05 1.255262250268462465e-03 5.665910401615580766e-04 -5.491742571348879644e-04 2.343231593388345979e-06 -8.977301637971416340e-05 -9.928939163620807348e-04 1.008589756322224740e-03 0.000000000000000000e+00 1.609883746847910985e-04
7.483721907928527319e-04 7.424187733879374649e-04 3.937483591707340871e-04 2.016412765090475328e-03 -9.635192616100486218e-05 -3.451744281500177848e-04 6.672470169467668421e-04 1.944737279770513815e-04 -1.027073490019475040e-04 -6.968464025576089809e-04 1.609883746847910985e-04 0.000000000000000000e+00
