0.000000000000000000e+00 2.030235237417202514e-04 4.506964794035232363e-05 5.422175367274082889e-04 -1.197794340250275401e-04 -2.816313309669650033e-04 2.249042645009632598e-04 1.437047133803361185e-04 -1.671328050173558207e-04 -8.031906268706124523e-04 -1.802408343431248310e-04 1.063281031270909893e-04
2.030235237417202514e-04 0.000000000000000000e+00 -5.024212401710292973e-04 -1.909185706008775189e-04 2.320708800677680564e-04 6.700309091919965450e-05 3.095951381163978416e-04 -1.201601668004270555e-04 6.066647146309028793e-04 4.575271480089086761e-04 2.265613108157405375e-04 1.105940053505742371e-04
4.506964794035232363e-05 -5.024212401710292973e-04 0.000000000000000000e+00 1.900911067212452971e-03 1.101426865862176847e-03 9.539822631102501957e-04 -3.837037565325063953e-04 -3.010911036150736348e-05 -5.449657786613578423e-04 2.453397964644397737e-04 -4.100148636404328723e-04 1.623476823653058300e-03
5.422175367274082889e-04 -1.909185706008775189e-04 1.900911067212452971e-03 0.000000000000000000e+00 -6.282255066797949594e-04 -1.613555416598549789e-04 -8.424364168077205089e-04 -1.272570006654192599e-03 4.393437140114173772e-03 1.565731551273197558e-03 -1.069600098746482540e-03 1.189122117906259764e-03
-1.197794340250275401e-04 2.320708800677680564e-04 1.101426865862176847e-03 -6.282255066797949594e-04 0.000000000000000000e+00 4.967128403252606128e-04 7.571366141879969525e-04 5.137610033111612981e-04 -1.730235294988045165e-03 9.098175055315422394e-04 1.884198716485023994e-04 1.599863162074981020e-03
-2.816313309669650033e-04 6.700309091919965450e-05 9.539822631102501957e-04 -1.613555416598549789e-04 4.967128403252606128e-04 0.000000000000000000e+00 -2.331194493117495650e-04 -4.828793085644867832e-05 -1.697190360577990106e-03 8.307273210220748796e-04 -5.733498610358372770e-05 -4.579493188312134676e-04
2.249042645009632598e-04 3.095951381163978416e-04 -3.837037565325063953e-04 -8.424364168077205089e-04 7.571366141879969525e-04 -2.331194493117495650e-04 0.000000000000000000e+00 1.222243033525404485e-04 -3.435442106085950196e-05 -1.895073510166400709e-04 -1.448067404951146439e-04 -1.101740254305238630e-04
1.437047133803361185e-04 -1.201601668004270555e-04 -3.010911036150736348e-05 -1.272570006654192599e-03 5.137610033111612981e-04 -4.828793085644867832e-05 1.222243033525404485e-04 0.000000000000000000e+00 9.753983394114114532e-04 6.736520974301202398e-04 -5.236267290362116257e-04 -6.132356660512933893e-04
-1.671328050173558207e-04 6.066647146309028793e-04 -5.449657786613578423e-04 4.393437140114173772e-03 -1.730235294988045165e-03 -1.697190360577990106e-03 -3.435442106085950196e-05 9.753983394114114532e-04 0.000000000000000000e+00 9.743765523706991987e-04 3.898386170973813770e-04 2.059342843867114671e-03
-8.031906268706124523e-04 4.575271480089086761e-04 2.453397964644397737e-04 1.565731551273197558e-03 9.098175055315422394e-04 8.307273210220748796e-04 -1.895073510166400709e-04 6.736520974301202398e-04 9.743765523706991987e-04 0.000000000000000000e+00 -7.738711907830427429e-05 -1.499430114202718409e-03
-1.802408343431248310e-04 2.265613108157405375e-04 -4.100148636404328723e-04 -1.069600098746482540e-03 1.884198716485023994e-04 -5.733498610358372770e-05 -1.448067404951146439e-04 -5.236267290362116257e-04 3.898386170973813770e-04 -7.738711907830427429e-05 0.000000000000000000e+00 3.609167122960161406e-04
1.063281031270909893e-04 1.105940053505742371e-04 1.623476823653058300e-03 1.189122117906259764e-03 1.599863162074981020e-03 -4.579493188312134676e-04 -1.101740254305238630e-04 -6.132356660512933893e-04 2.059342843867114671e-03 -1.499430114202718409e-03 3.609167122960161406e-04 0.000000000000000000e+00
