0.000000000000000000e+00 -2.732862862766247190e-04 4.164141185520288586e-04 1.135416942523969882e-03 -2.651526298161483428e-04 -2.405575326131448256e-04 -1.510157834928930174e-04 -2.055860678311094696e-04 6.970784686903779134e-04 -5.315412900818276571e-04 1.784753962771108856e-04 3.961399778939775416e-04
-2.732862862766247190e-04 0.000000000000000000e+00 -1.327006970159488376e-04 -4.912200731982905308e-04 -4.481290211835099887e-04 1.449581228750262518e-04 -3.487452226542480890e-04 1.123035754266072869e-03 -1.082909956447138675e-03 -2.137526531268946314e-04 1.800061978442203604e-04 5.000301474839071890e-04
4.164141185520288586e-04 -1.327006970159488376e-04 0.000000000000000000e+00 6.366085814786428924e-04 -8.156560728960423907e-04 -7.767894968818557077e-04 -4.379718427770862895e-04 8.494817858597694237e-04 2.347407760447390418e-04 3.152472043076586807e-04 -7.076496678199841817e-04 -1.883663452641155507e-03
1.135416942523969882e-03 -4.912200731982905308e-04 6.366085814786428924e-04 0.000000000000000000e+00 -1.687578951103796811e-04 -1.775236559721309580e-03 6.207962320851815685e-05 8.559239503625764201e-06 2.558143476168936881e-03 3.413581335915636403e-04 8.076817300242944680e-04 2.360234257662049799e-03
-2.651526298161483428e-04 -4.481290211835099887e-04 -8.156560728960423907e-04 -1.687578951103796811e-04 0.000000000000000000e+00 3.486500160797670388e-05 4.416506877680695213e-04 -1.073039562064166582e-04 7.537647204685974083e-04 -8.371739125625202085e-04 4.511288039549114001e-04 -4.289911743690212696e-04
-2.405575326131448256e-04 1.449581228750262518e-04 -7.767894968818557077e-04 -1.775236559721309580e-03 3.486500160797670388e-05 0.000000000000000000e+00 3.011662601827787061e-04 4.569111335720676893e-04 4.745640439122240277e-04 1.730510269894856590e-05 5.200384513163767508e-04 -5.109938203757553431e-04
-1.510157834928930174e-04 -3.487452226542480890e-04 -4.379718427770862895e-04 6.207962320851815685e-05 4.416506877680695213e-04 3.011662601827787061e-04 0.000000000000000000e+00 4.379982754528980701e-05 3.949516993516141565e-04 3.638094038234344755e-04 -2.801260746756432810e-04 -4.980336851023466055e-05
-2.055860678311094696e-04 1.123035754266072869e-03 8.494817858597694237e-04 8.559239503625764201e-06 -1.073039562064166582e-04 4.569111335720676893e-04 4.379982754528980701e-05 0.000000000000000000e+00 2.074763217130186094e-03 5.486298141992333385e-04 -2.981702138639576844e-04 1.262074426038925458e-03
6.970784686903779134e-04 -1.082909956447138675e-03 2.347407760447390418e-04 2.558143476168936881e-03 7.537647204685974083e-04 4.745640439122240277e-04 3.949516993516141565e-04 2.074763217130186094e-03 0.000000000000000000e+00 -2.160891291199204794e-03 6.033670189897890690e-04 -2.169343748225899433e-03
-5.315412900818276571e-04 -2.137526531268946314e-04 3.152472043076586807e-04 3.413581335915636403e-04 -8.371739125625202085e-04 1.730510269894856590e-05 3.638094038234344755e-04 5.486298141992333385e-04 -2.160891291199204794e-03 0.000000000000000000e+00 -1.953900253412804906e-04 1.770293833157589184e-03
1.784753962771108856e-04 1.800061978442203604e-04 -7.076496678199841817e-04 8.076817300242944680e-04 4.511288039549114001e-04 5.200384513163767508e-04 -2.801260746756432810e-04 -2.981702138639576844e-04 6.033670189897890690e-04 -1.953900253412804906e-04 0.000000000000000000e+00 7.261314576180662476e-04
3.961399778939775416e-04 5.000301474839071890e-04 -1.883663452641155507e-03 2.360234257662049799e-03 -4.289911743690212696e-04 -5.109938203757553431e-04 -4.980336851023466055e-05 1.262074426038925458e-03 -2.169343748225899433e-03 1.770293833157589184e-03 7.261314576180662476e-04 0.000000000000000000e+00
