0.000000000000000000e+00 7.833125062690096630e-05 3.187357343149473392e-04 -3.664280727016432310e-04 4.159946889366274750e-05 1.455367384292215074e-04 -5.066091934633867909e-04 -7.176744179397525627e-05 -4.927267456552907390e-04 1.062889119591687269e-04 8.652387360460536139e-05 -1.549429463142021378e-04
7.833125062690096630e-05 0.000000000000000000e+00 -7.262662406032824574e-04 -5.333607075610394656e-04 2.843593605014356485e-04 -4.305846863646401682e-04 -5.823624526400161859e-04 6.597891262430586310e-05 4.273265711816046260e-04 3.456200996055469967e-04 2.509436214927852405e-04 8.913724949488198608e-04
3.187357343149473392e-04 -7.262662406032824574e-04 0.000000000000000000e+00 -4.863881549279204064e-04 -6.103836475005029088e-04 1.644580032372231217e-05 -3.142903626980029261e-04 -1.102190232819943733e-03 -2.084067356357510552e-03 -8.357237932091155994e-04 -9.121088444822549740e-04 1.152322089520073324e-04
-3.664280727016432310e-04 -5.333607075610394656e-04 -4.863881549279204064e-04 0.000000000000000000e+00 1.231881072256529527e-03 -8.188521970217730412e-04 8.334054974772690761e-04 -8.459349252198959321e-04 1.506298604307776011e-03 -3.703412211713744519e-04 5.510894613909602096e-04 1.981470761912772389e-03
4.159946889366274750e-05 2.843593605014356485e-04 -6.103836475005029088e-04 1.231881072256529527e-03 0.000000000000000000e+00 1.870215499194524201e-04 1.592432578068644320e-05 3.319535457181798039e-04 -8.169539577829220203e-04 -1.151563303068531188e-03 -5.298031269507747041e-05 9.313126206357540560e-04
1.455367384292215074e-04 -4.305846863646401682e-04 1.644580032372231217e-05 -8.188521970217730412e-04 1.870215499194524201e-04 0.000000000000000000e+00 1.219860993737977858e-05 -1.094854481285155532e-03 -1.693569598702777046e-03 8.514224553019370022e-04 3.779531237305582881e-04 -2.741653864210283017e-04
-5.066091934633867909e-04 -5.823624526400161859e-04 -3.142903626980029261e-04 8.334054974772690761e-04 1.592432578068644320e-05 1.219860993737977858e-05 0.000000000000000000e+00 -4.556209530611617336e-04 -4.334473667189423754e-04 -1.689790285806529093e-04 5.177377025649088039e-04 -6.212120355635598564e-05
-7.176744179397525627e-05 6.597891262430586310e-05 -1.102190232819943733e-03 -8.459349252198959321e-04 3.319535457181798039e-04 -1.094854481285155532e-03 -4.556209530611617336e-04 0.000000000000000000e+00 -1.997563650282247697e-03 2.620092847088706064e-05 -6.890626446099019659e-04 7.298110736843819698e-04
-4.927267456552907390e-04 4.273265711816046260e-04 -2.084067356357510552e-03 1.506298604307776011e-03 -8.169539577829220203e-04 -1.693569598702777046e-03 -4.334473667189423754e-04 -1.997563650282247697e-03 0.000000000000000000e+00 2.154970155707158080e-03 -4.470468567406958994e-04 -1.915438308867156020e-03
1.062889119591687269e-04 3.456200996055469967e-04 -8.357237932091155994e-04 -3.703412211713744519e-04 -1.151563303068531188e-03 8.514224553019370022e-04 -1.689790285806529093e-04 2.620092847088706064e-05 2.154970155707158080e-03 0.000000000000000000e+00 -7.480009302550699908e-04 1.606819630919289360e-04
8.652387360460536139e-05 2.509436214927852405e-04 -9.121088444822549740e-04 5.510894613909602096e-04 -5.298031269507747041e-05 3.779531237305582881e-04 5.177377025649088039e-04 -6.890626446099019659e-04 -4.470468567406958994e-04 -7.480009302550699908e-04 0.000000000000000000e+00 -9.057641387973777627e-04
-1.549429463142021378e-04 8.913724949488198608e-04 1.152322089520073324e-04 1.981470761912772389e-03 9.313126206357540560e-04 -2.741653864210283017e-04 -6.212120355635598564e-05 7.298110736843819698e-04 -1.915438308867156020e-03 1.606819630919289360e-04 -9.057641387973777627e-04 0.000000000000000000e+00
