0.000000000000000000e+00 -2.768537666336459160e-04 5.598849666969366056e-05 3.253768013899582421e-04 3.109668761973888719e-04 -5.488267312226033888e-04 7.776145287970972955e-05 6.474702770816251471e-04 3.768196366548723472e-04 -2.991978111795537193e-04 3.027224123194885625e-04 3.834851968231589320e-04
-2.768537666336459160e-04 0.000000000000000000e+00 -5.121654788700957036e-05 -2.059178947178334188e-04 6.706928983040655410e-04 -6.825555058931545396e-06 -7.755533915296267599e-04 -3.368894466226796960e-04 1.057685734622200143e-03 -1.743980059165133739e-03 4.692943359049734698e-04 3.098692220661156561e-04
5.598849666969366056e-05 -5.121654788700957036e-05 0.000000000000000000e+00 -4.193340561597057856e-04 -2.022470755726915950e-04 -6.761009061945909455e-04 2.542391207009900723e-04 5.689423201344318779e-05 1.199512141643034125e-03 9.747071864528448939e-05 4.912117035260977640e-06 -4.407089788752718514e-04
3.253768013899582421e-04 -2.059178947178334188e-04 -4.193340561597057856e-04 0.000000000000000000e+00 4.548473372835978108e-05 9.000028977801955159e-05 -5.566491491163961408e-05 5.092407842966633163e-06 6.524752386509419071e-04 1.275138579683060167e-04 2.675578581963222475e-04 -2.752645797379123859e-05
3.109668761973888719e-04 6.706928983040655410e-04 -2.022470755726915950e-04 4.548473372835978108e-05 0.000000000000000000e+00 -5.629866797052235491e-04 6.841835736021818033e-04 1.772366091828665269e-04 6.235590388764516295e-04 5.749699546437272860e-04 -5.504497431910535671e-04 2.269526845527322265e-04
-5.488267312226033888e-04 -6.825555058931545396e-06 -6.761009061945909455e-04 9.000028977801955159e-05 -5.629866797052235491e-04 0.000000000000000000e+00 -1.167891373629932877e-03 -3.214267829704939988e-03 6.650086506040711869e-04 1.950970346488017969e-03 -7.832091341864971887e-04 5.867794352978900193e-04
7.776145287970972955e-05 -7.755533915296267599e-04 2.542391207009900723e-04 -5.566491491163961408e-05 6.841835736021818033e-04 -1.167891373629932877e-03 0.000000000000000000e+00 -2.335725905680804878e-05 4.281892722923854872e-05 2.683623370312146939e-04 5.020815162836573522e-04 -9.562373760136135556e-04
6.474702770816251471e-04 -3.368894466226796960e-04 5.689423201344318779e-05 5.092407842966633163e-06 1.772366091828665269e-04 -3.214267829704939988e-03 -2.335725905680804878e-05 0.000000000000000000e+00 2.377155331169349909e-03 -2.282505457074487844e-03 7.153696333242275758e-04 -6.638249802684765589e-05
3.768196366548723472e-04 1.057685734622200143e-03 1.199512141643034125e-03 6.524752386509419071e-04 6.235590388764516295e-04 6.650086506040711869e-04 4.281892722923854872e-05 2.377155331169349909e-03 0.000000000000000000e+00 4.306593519351738317e-04 -4.122228536073836822e-04 2.968908917566740174e-03
-2.991978111795537193e-04 -1.743980059165133739e-03 9.747071864528448939e-05 1.275138579683060167e-04 5.749699546437272860e-04 1.950970346488017969e-03 2.683623370312146939e-04 -2.282505457074487844e-03 4.306593519351738317e-04 0.000000000000000000e+00 -4.932389451402260754e-04 -2.024901840468271976e-04
3.027224123194885625e-04 4.692943359049734698e-04 4.912117035260977640e-06 2.675578581963222475e-04 -5.504497431910535671e-04 -7.832091341864971887e-04 5.020815162836573522e-04 7.153696333242275758e-04 -4.122228536073836822e-04 -4.932389451402260754e-04 0.000000000000000000e+00 4.456544994255400667e-04
3.834851968231589320e-04 3.098692220661156561e-04 -4.407089788752718514e-04 -2.752645797379123859e-05 2.269526845527322265e-04 5.867794352978900193e-04 -9.562373760136135556e-04 -6.638249802684765589e-05 2.968908917566740174e-03 -2.024901840468271976e-04 4.456544994255400667e-04 0.000000000000000000e+00
