0.000000000000000000e+00 4.966436506725418831e-05 3.132160593739704798e-04 2.484828767810941903e-04 5.253268964470929808e-05 -6.694031328918405722e-05 1.855651190398243603e-04 -3.116835238122861256e-04 1.524711569624845927e-04 -6.264284725649162892e-04 -1.654163858159063801e-05 -1.412459693740244311e-04
4.966436506725418831e-05 0.000000000000000000e+00 1.450137245063797594e-03 3.700415056933177224e-04 -1.211303832050622601e-04 1.193810455285499415e-03 4.550187604579699913e-04 1.079664623181337624e-03 1.297348339270412796e-03 1.064751815438005596e-03 -2.409475485857317547e-04 1.315267882990423355e-03
3.132160593739704798e-04 1.450137245063797594e-03 0.000000000000000000e+00 2.195110860787000552e-04 -3.469630685094093458e-04 -1.244158674940653046e-04 4.256082290824281521e-05 -6.066009842326530602e-04 -2.653162269408928685e-04 -4.149232926258209116e-04 3.275471346461968341e-04 8.010865612277219636e-04
2.484828767810941903e-04 3.700415056933177224e-04 2.195110860787000552e-04 0.000000000000000000e+00 4.225876891022566323e-04 6.927250866269981560e-04 1.967626511088886316e-04 3.152020865734456731e-04 -7.313982586862206306e-04 5.795937414779829544e-04 5.143172716681168512e-04 8.866894177984828429e-04
5.253268964470929808e-05 -1.211303832050622601e-04 -3.469630685094093458e-04 4.225876891022566323e-04 0.000000000000000000e+00 -1.765610798804337757e-04 -1.996828566825905519e-04 1.028351128227493558e-03 6.075469989093721431e-04 9.989986272732993757e-05 2.825599635786389609e-05 4.110790500494794389e-04
-6.694031328918405722e-05 1.193810455285499415e-03 -1.244158674940653046e-04 6.927250866269981560e-04 -1.765610798804337757e-04 0.000000000000000000e+00 1.682111731120259138e-04 6.819253535131927866e-05 1.940632542327045979e-03 1.586243907665310302e-03 1.483606416809356288e-03 2.919915120131040889e-03
1.855651190398243603e-04 4.550187604579699913e-04 4.256082290824281521e-05 1.967626511088886316e-04 -1.996828566825905519e-04 1.682111731120259138e-04 0.000000000000000000e+00 1.363159124500081540e-04 -6.518225230016306453e-04 -1.322604852827911491e-04 9.643873643488295165e-05 1.033632927634553847e-03
-3.116835238122861256e-04 1.079664623181337624e-03 -6.066009842326530602e-04 3.152020865734456731e-04 1.028351128227493558e-03 6.819253535131927866e-05 1.363159124500081540e-04 0.000000000000000000e+00 2.280832015842990980e-03 -2.060921374019276768e-03 -5.088631654817267610e-04 1.833165216142481615e-03
1.524711569624845927e-04 1.297348339270412796e-03 -2.653162269408928685e-04 -7.313982586862206306e-04 6.075469989093721431e-04 1.940632542327045979e-03 -6.518225230016306453e-04 2.280832015842990980e-03 0.000000000000000000e+00 8.977843496910345878e-04 6.472561247096763129e-04 -8.678146699612742385e-04
-6.264284725649162892e-04 1.064751815438005596e-03 -4.149232926258209116e-04 5.795937414779829544e-04 9.989986272732993757e-05 1.586243907665310302e-03 -1.322604852827911491e-04 -2.060921374019276768e-03 8.977843496910345878e-04 0.000000000000000000e+00 6.950346600804011184e-04 -1.261144831663023455e-03
-1.654163858159063801e-05 -2.409475485857317547e-04 3.275471346461968341e-04 5.143172716681168512e-04 2.825599635786389609e-05 1.483606416809356288e-03 9.643873643488295165e-05 -5.088631654817267610e-04 6.472561247096763129e-04 6.950346600804011184e-04 0.000000000000000000e+00 1.002829293357046469e-05
-1.412459693740244311e-04 1.315267882990423355e-03 8.010865612277219636e-04 8.866894177984828429e-04 4.110790500494794389e-04 2.919915120131040889e-03 1.033632927634553847e-03 1.833165216142481615e-03 -8.678146699612742385e-04 -1.261144831663023455e-03 1.002829293357046469e-05 0.000000000000000000e+00
