0.000000000000000000e+00 -2.820128929434892202e-04 -1.821764687300034453e-04 -8.909609062821019303e-05 2.763442101812075983e-04 5.245648445414885421e-04 -1.207085739998766522e-04 5.368996262513479499e-04 3.139837377722048658e-04 -8.997731711359832933e-05 1.842018690951321448e-04 -6.029649456915797288e-05
-2.820128929434892202e-04 0.000000000000000000e+00 -3.886613378719902848e-05 -4.926345712162411505e-05 7.652580810362252534e-04 8.457782843501693249e-04 -2.477280923515693821e-04 -1.294255542707408542e-03 -6.479532799730153064e-04 4.148269123433242361e-04 -7.295553717304388607e-04 -7.547618676110481699e-04
-1.821764687300034453e-04 -3.886613378719902848e-05 0.000000000000000000e+00 -1.673039960005043151e-04 6.205166428649539173e-05 -1.273126783818954479e-04 1.201935872398081378e-04 -9.491005901791150275e-04 8.303833892539252840e-04 3.284454242806392307e-04 -2.676902840939732948e-05 9.245938212558266114e-04
-8.909609062821019303e-05 -4.926345712162411505e-05 -1.673039960005043151e-04 0.000000000000000000e+00 -2.461978212578392147e-04 1.204959230136886647e-04 -2.841889791493438502e-04 -7.953525551528649058e-04 7.193176782609087255e-04 3.666878300912285909e-04 1.302119319077166618e-04 -1.521420624403719592e-04
2.763442101812075983e-04 7.652580810362252534e-04 6.205166428649539173e-05 -2.461978212578392147e-04 0.000000000000000000e+00 7.326439033549343120e-04 -2.578253720462669418e-05 5.527846721234786842e-04 -6.950976312183271624e-04 -1.138740246207815485e-03 2.665638735446390108e-04 6.151600580009466144e-04
5.245648445414885421e-04 8.457782843501693249e-04 -1.273126783818954479e-04 1.204959230136886647e-04 7.326439033549343120e-04 0.000000000000000000e+00 4.837432838636526559e-04 -2.014461380054372898e-03 9.553614436492352448e-04 -8.382104151920754219e-04 3.229700981379813630e-04 7.966289063187351931e-04
-1.207085739998766522e-04 -2.477280923515693821e-04 1.201935872398081378e-04 -2.841889791493438502e-04 -2.578253720462669418e-05 4.837432838636526559e-04 0.000000000000000000e+00 -1.864148336986938017e-04 -1.215145261828155695e-04 1.517285353339131390e-05 -4.495026353903837200e-05 9.373210766057884103e-04
5.368996262513479499e-04 -1.294255542707408542e-03 -9.491005901791150275e-04 -7.953525551528649058e-04 5.527846721234786842e-04 -2.014461380054372898e-03 -1.864148336986938017e-04 0.000000000000000000e+00 -9.198756508792269374e-04 -2.670469180317191159e-04 1.847435207011341229e-05 2.121585834885099473e-03
3.139837377722048658e-04 -6.479532799730153064e-04 8.303833892539252840e-04 7.193176782609087255e-04 -6.950976312183271624e-04 9.553614436492352448e-04 -1.215145261828155695e-04 -9.198756508792269374e-04 0.000000000000000000e+00 3.780512061425042873e-04 4.094712493879811423e-04 1.861251069132853486e-03
-8.997731711359832933e-05 4.148269123433242361e-04 3.284454242806392307e-04 3.666878300912285909e-04 -1.138740246207815485e-03 -8.382104151920754219e-04 1.517285353339131390e-05 -2.670469180317191159e-04 3.780512061425042873e-04 0.000000000000000000e+00 -2.754511205866748847e-04 -8.991438905569508087e-04
1.842018690951321448e-04 -7.295553717304388607e-04 -2.676902840939732948e-05 1.302119319077166618e-04 2.665638735446390108e-04 3.229700981379813630e-04 -4.495026353903837200e-05 1.847435207011341229e-05 4.094712493879811423e-04 -2.754511205866748847e-04 0.000000000000000000e+00 -1.004201727773508046e-03
-6.029649456915797288e-05 -7.547618676110481699e-04 9.245938212558266114e-04 -1.521420624403719592e-04 6.151600580009466144e-04 7.966289063187351931e-04 9.373210766057884103e-04 2.121585834885099473e-03 1.861251069132853486e-03 -8.991438905569508087e-04 -1.004201727773508046e-03 0.000000000000000000e+00
