0.000000000000000000e+00 2.969863373642175138e-04 -7.420564002326989232e-04 1.476030936708431661e-03 8.275621863314862672e-04 7.055471252187698683e-04 -1.634344181239188185e-03 7.681613734736524556e-04 -1.291083409670273831e-04 6.910702254290774322e-04 -1.484766783419544996e-04 2.127583572782322117e-04
2.969863373642175138e-04 0.000000000000000000e+00 -8.054213181177949767e-04 4.575500493634205592e-04 -3.361999407755931948e-04 -2.632995229405623141e-04 7.348618072852748260e-04 -1.434900319647213396e-04 -1.546019559920397413e-04 3.953363017256146918e-04 -2.691042843319489805e-04 -3.755686673054233816e-04
-7.420564002326989232e-04 -8.054213181177949767e-04 0.000000000000000000e+00 -3.511647729881708143e-05 -5.725857063478704059e-04 1.433343157950390514e-03 -8.553312436043497731e-04 -8.410039195478654760e-04 -4.547578205763026229e-04 6.372213416476660936e-04 -9.603561115981788235e-04 -6.264184731129718731e-05
1.476030936708431661e-03 4.575500493634205592e-04 -3.511647729881708143e-05 0.000000000000000000e+00 1.407029937007885957e-03 1.901205566500525088e-03 -1.544412948549045948e-03 -9.433064912947378405e-04 -1.082276953415775870e-03 8.547655198913925835e-05 -2.406360414496028829e-04 3.840577230311556034e-04
8.275621863314862672e-04 -3.361999407755931948e-04 -5.725857063478704059e-04 1.407029937007885957e-03 0.000000000000000000e+00 1.178793674166682577e-03 4.749210379950031147e-05 3.930881893676430548e-05 -1.709380956483004919e-06 2.098984998358068336e-04 6.318208728172997231e-04 8.305897183898610660e-05
7.055471252187698683e-04 -2.632995229405623141e-04 1.433343157950390514e-03 1.901205566500525088e-03 1.178793674166682577e-03 0.000000000000000000e+00 -1.567543415490123227e-04 4.445982199828602032e-04 6.644935584222837243e-04 -5.321096398318463701e-04 1.711833185990459531e-04 -4.702284333289825577e-04
-1.634344181239188185e-03 7.348618072852748260e-04 -8.553312436043497731e-04 -1.544412948549045948e-03 4.749210379950031147e-05 -1.567543415490123227e-04 0.000000000000000000e+00 -3.955650383602484204e-04 6.120929791091599126e-04 -1.197988383490133837e-03 7.493474238099525524e-04 5.504337411711942088e-04
7.681613734736524556e-04 -1.434900319647213396e-04 -8.410039195478654760e-04 -9.433064912947378405e-04 3.930881893676430548e-05 4.445982199828602032e-04 -3.955650383602484204e-04 0.000000000000000000e+00 -8.184476839512907099e-05 7.415362115903581866e-04 2.109025385423690462e-04 -8.323935214798132811e-05
-1.291083409670273831e-04 -1.546019559920397413e-04 -4.547578205763026229e-04 -1.082276953415775870e-03 -1.709380956483004919e-06 6.644935584222837243e-04 6.120929791091599126e-04 -8.184476839512907099e-05 0.000000000000000000e+00 -4.850753412704212242e-04 -4.211775213770585068e-04 -2.035234787922292484e-04
6.910702254290774322e-04 3.953363017256146918e-04 6.372213416476660936e-04 8.547655198913925835e-05 2.098984998358068336e-04 -5.321096398318463701e-04 -1.197988383490133837e-03 7.415362115903581866e-04 -4.850753412704212242e-04 0.000000000000000000e+00 2.994645616243778001e-04 4.931911857389664451e-04
-1.484766783419544996e-04 -2.691042843319489805e-04 -9.603561115981788235e-04 -2.406360414496028829e-04 6.318208728172997231e-04 1.711833185990459531e-04 7.493474238099525524e-04 2.109025385423690462e-04 -4.211775213770585068e-04 2.994645616243778001e-04 0.000000000000000000e+00 8.749244842683186023e-04
2.127583572782322117e-04 -3.755686673054233816e-04 -6.264184731129718731e-05 3.840577230311556034e-04 8.305897183898610660e-05 -4.702284333289825577e-04 5.504337411711942088e-04 -8.323935214798132811e-05 -2.035234787922292484e-04 4.931911857389664451e-04 8.749244842683186023e-04 0.000000000000000000e+00
