0.000000000000000000e+00 1.414445464319222354e-04 1.980844607912968063e-03 -2.609913807625085895e-03 1.872082942439975896e-04 1.832636775870653866e-03 1.554414177554802080e-03 -8.847696226845848692e-04 3.434164389402952233e-04 -1.123214275758091692e-03 7.586818584136183815e-04 -1.009745820983372041e-03
1.414445464319222354e-04 0.000000000000000000e+00 -8.077237148123333934e-05 -5.213214645846443062e-05 4.372800796258590893e-04 -1.326424869533934965e-04 9.678743889958085701e-05 4.375235629949877252e-05 1.122063826367075999e-04 -3.965616888729646666e-04 -4.643737695760089511e-04 -2.731353346619889099e-04
1.980844607912968063e-03 -8.077237148123333934e-05 0.000000000000000000e+00 -8.482191936400340388e-05 2.086171904762346640e-04 5.749483727943973874e-04 2.878157571518453767e-03 5.397789231247385232e-04 -1.569865563268295382e-04 -1.213352571621121754e-03 -1.223378188009581870e-03 7.216469269889001868e-04
-2.609913807625085895e-03 -5.213214645846443062e-05 -8.482191936400340388e-05 0.000000000000000000e+00 7.841768023660568776e-04 1.949055614582510419e-03 2.366206349316647695e-03 1.203957352662796392e-03 -1.516951913408399045e-04 2.071722341073003841e-03 -1.376983227710772140e-03 -7.963593759228893443e-04
1.872082942439975896e-04 4.372800796258590893e-04 2.086171904762346640e-04 7.841768023660568776e-04 0.000000000000000000e+00 -1.144924628692482477e-03 7.880873112329888491e-04 -4.763033555856175608e-04 -5.702509941092506578e-04 4.084523180246279117e-04 1.796730330811062806e-04 1.402315695397005502e-04
1.832636775870653866e-03 -1.326424869533934965e-04 5.749483727943973874e-04 1.949055614582510419e-03 -1.144924628692482477e-03 0.000000000000000000e+00 -1.026211371438763391e-03 6.141392766533786823e-04 5.391935500227629978e-04 -6.014259640702445840e-04 -7.780594919604588060e-04 -7.600587065946958192e-04
1.554414177554802080e-03 9.678743889958085701e-05 2.878157571518453767e-03 2.366206349316647695e-03 7.880873112329888491e-04 -1.026211371438763391e-03 0.000000000000000000e+00 -9.957931809271827663e-04 -6.155003351714869722e-04 1.567554082001535202e-03 -4.435712066803324883e-04 -6.944293702855782293e-04
-8.847696226845848692e-04 4.375235629949877252e-05 5.397789231247385232e-04 1.203957352662796392e-03 -4.763033555856175608e-04 6.141392766533786823e-04 -9.957931809271827663e-04 0.000000000000000000e+00 2.317986289895537929e-04 -8.614524995252285456e-04 -9.290760736088399772e-04 4.039732824403650035e-04
3.434164389402952233e-04 1.122063826367075999e-04 -1.569865563268295382e-04 -1.516951913408399045e-04 -5.702509941092506578e-04 5.391935500227629978e-04 -6.155003351714869722e-04 2.317986289895537929e-04 0.000000000000000000e+00 5.273213126769713118e-04 6.465940445902950079e-04 1.520128343372169713e-04
-1.123214275758091692e-03 -3.965616888729646666e-04 -1.213352571621121754e-03 2.071722341073003841e-03 4.084523180246279117e-04 -6.014259640702445840e-04 1.567554082001535202e-03 -8.614524995252285456e-04 5.273213126769713118e-04 0.000000000000000000e+00 6.164747516851993214e-04 -2.644253944667837716e-04
7.586818584136183815e-04 -4.643737695760089511e-04 -1.223378188009581870e-03 -1.376983227710772140e-03 1.796730330811062806e-04 -7.780594919604588060e-04 -4.435712066803324883e-04 -9.290760736088399772e-04 6.465940445902950079e-04 6.164747516851993214e-04 0.000000000000000000e+00 -2.880073085734324129e-05
-1.009745820983372041e-03 -2.731353346619889099e-04 7.216469269889001868e-04 -7.963593759228893443e-04 1.402315695397005502e-04 -7.600587065946958192e-04 -6.944293702855782293e-04 4.039732824403650035e-04 1.520128343372169713e-04 -2.644253944667837716e-04 -2.880073085734324129e-05 0.000000000000000000e+00
