0.000000000000000000e+00 -6.055742311550962572e-04 -1.385828833200337690e-03 1.449891658241311528e-03 -5.048679149815472238e-04 7.384561739223695267e-05 -2.396827738085841823e-03 7.248137155673419667e-04 -4.763682232829632079e-05 8.513862381850050140e-04 -4.400889953915963423e-04 4.388539143459093783e-04
-6.055742311550962572e-04 0.000000000000000000e+00 -3.925965810532720053e-04 -3.913801705504207202e-04 -5.689867689552478413e-04 1.774587276145837042e-04 7.557944901257058166e-04 -3.444322269999682253e-06 -5.708293259731038487e-05 -1.531514352988879704e-04 -6.482941155023662404e-05 7.436684813099897029e-05
-1.385828833200337690e-03 -3.925965810532720053e-04 0.000000000000000000e+00 1.756407934721440633e-03 7.104830450949280434e-04 -2.358787331290607137e-03 5.379669461274077212e-04 8.073262458351389498e-05 1.861696225010349849e-04 -8.214197552272897403e-05 1.312110008596786490e-04 -5.593899393645924934e-04
1.449891658241311528e-03 -3.913801705504207202e-04 1.756407934721440633e-03 0.000000000000000000e+00 -2.786128817372322407e-04 1.992809074588015785e-03 2.721451030778251207e-03 1.518506262757602114e-03 6.871858980685561407e-04 3.722285387036291778e-04 8.811064117889416940e-04 -3.554125267305884993e-04
-5.048679149815472238e-04 -5.689867689552478413e-04 7.104830450949280434e-04 -2.786128817372322407e-04 0.000000000000000000e+00 -1.993451642011396065e-04 -2.416103317536168595e-04 -5.362685817910362414e-05 2.526112027757733565e-04 -7.379641341872776334e-04 -2.934564955350212642e-04 5.074284727841296434e-04
7.384561739223695267e-05 1.774587276145837042e-04 -2.358787331290607137e-03 1.992809074588015785e-03 -1.993451642011396065e-04 0.000000000000000000e+00 2.619202710612970973e-03 -1.528007286852161662e-03 7.884070256943477746e-04 7.495523623454412041e-04 -1.101782958490019060e-03 -2.430989770188585533e-04
-2.396827738085841823e-03 7.557944901257058166e-04 5.379669461274077212e-04 2.721451030778251207e-03 -2.416103317536168595e-04 2.619202710612970973e-03 0.000000000000000000e+00 -7.873655818635167270e-04 -9.104243784310827583e-04 1.702339147521611930e-04 1.610743291509608320e-03 7.463780354545075635e-05
7.248137155673419667e-04 -3.444322269999682253e-06 8.073262458351389498e-05 1.518506262757602114e-03 -5.362685817910362414e-05 -1.528007286852161662e-03 -7.873655818635167270e-04 0.000000000000000000e+00 2.310866879457014391e-04 4.098933717059135401e-04 2.573621787335410088e-04 -1.823879779553583779e-04
-4.763682232829632079e-05 -5.708293259731038487e-05 1.861696225010349849e-04 6.871858980685561407e-04 2.526112027757733565e-04 7.884070256943477746e-04 -9.104243784310827583e-04 2.310866879457014391e-04 0.000000000000000000e+00 5.522265967156347573e-04 -1.879445524917289093e-04 1.793732279494069683e-04
8.513862381850050140e-04 -1.531514352988879704e-04 -8.214197552272897403e-05 3.722285387036291778e-04 -7.379641341872776334e-04 7.495523623454412041e-04 1.702339147521611930e-04 4.098933717059135401e-04 5.522265967156347573e-04 0.000000000000000000e+00 -2.841551166475073467e-05 -3.689075488398581878e-04
-4.400889953915963423e-04 -6.482941155023662404e-05 1.312110008596786490e-04 8.811064117889416940e-04 -2.934564955350212642e-04 -1.101782958490019060e-03 1.610743291509608320e-03 2.573621787335410088e-04 -1.879445524917289093e-04 -2.841551166475073467e-05 0.000000000000000000e+00 3.599763905470919237e-04
4.388539143459093783e-04 7.436684813099897029e-05 -5.593899393645924934e-04 -3.554125267305884993e-04 5.074284727841296434e-04 -2.430989770188585533e-04 7.463780354545075635e-05 -1.823879779553583779e-04 1.793732279494069683e-04 -3.689075488398581878e-04 3.599763905470919237e-04 0.000000000000000000e+00
