0.000000000000000000e+00 -1.655418119106541659e-04 -1.859524589501403678e-04 9.540013844237447927e-04 8.256019056747101938e-05 2.863167022009744517e-03 1.460356653986040075e-04 2.327202599581977983e-04 -5.945985486666776308e-04 -6.983898495805485962e-04 -1.327835227930425702e-03 3.657789869639495664e-04
-1.655418119106541659e-04 0.000000000000000000e+00 -3.256691699444083741e-04 -5.730557151074664552e-04 -3.742531713475110051e-04 -7.741988797320847361e-04 -1.161433278574531977e-04 -5.718770128185056293e-05 -3.451006087224433683e-04 -1.976242546743703177e-06 -3.456460167758299831e-04 8.608047737445367648e-05
-1.859524589501403678e-04 -3.256691699444083741e-04 0.000000000000000000e+00 9.641053436458278171e-05 -5.640379713323926455e-04 1.131577206449801737e-04 1.989372586085266521e-04 8.627540940092082687e-04 -2.922303568902063380e-04 1.030127657548059444e-03 -3.328408483921397080e-05 -8.041669927764837002e-05
9.540013844237447927e-04 -5.730557151074664552e-04 9.641053436458278171e-05 0.000000000000000000e+00 1.213274944319963017e-03 -2.388843487962462840e-03 2.756609095119185674e-03 5.993416640609659042e-05 -8.571806756085167522e-04 6.474422467135619325e-04 -1.044422285471921421e-03 -3.720973335297425599e-04
8.256019056747101938e-05 -3.742531713475110051e-04 -5.640379713323926455e-04 1.213274944319963017e-03 0.000000000000000000e+00 1.427126281799054981e-04 -5.619941886525974635e-04 -4.465718916258350582e-04 -3.931509544984420246e-04 -1.491404035040438968e-04 4.081098470658146046e-04 1.028702805533107223e-04
2.863167022009744517e-03 -7.741988797320847361e-04 1.131577206449801737e-04 -2.388843487962462840e-03 1.427126281799054981e-04 0.000000000000000000e+00 -2.750303621996340667e-03 -4.955716068648352828e-04 -7.729041227232944834e-05 -1.682896982493473862e-03 -8.996200890453724848e-04 -3.993202592396139796e-04
1.460356653986040075e-04 -1.161433278574531977e-04 1.989372586085266521e-04 2.756609095119185674e-03 -5.619941886525974635e-04 -2.750303621996340667e-03 0.000000000000000000e+00 9.316972881910453490e-04 1.035033744903975398e-03 -5.420964837437901914e-04 -1.325011462860199891e-03 -2.965154209627201567e-04
2.327202599581977983e-04 -5.718770128185056293e-05 8.627540940092082687e-04 5.993416640609659042e-05 -4.465718916258350582e-04 -4.955716068648352828e-04 9.316972881910453490e-04 0.000000000000000000e+00 -6.837370462702570381e-05 -2.522413343088403758e-04 2.603334909927495664e-04 2.077105261178061968e-04
-5.945985486666776308e-04 -3.451006087224433683e-04 -2.922303568902063380e-04 -8.571806756085167522e-04 -3.931509544984420246e-04 -7.729041227232944834e-05 1.035033744903975398e-03 -6.837370462702570381e-05 0.000000000000000000e+00 -3.913460716952000054e-04 -1.653581301490087557e-04 -6.332683418423412267e-05
-6.983898495805485962e-04 -1.976242546743703177e-06 1.030127657548059444e-03 6.474422467135619325e-04 -1.491404035040438968e-04 -1.682896982493473862e-03 -5.420964837437901914e-04 -2.522413343088403758e-04 -3.913460716952000054e-04 0.000000000000000000e+00 3.312400705677616018e-04 3.047144196376579931e-04
-1.327835227930425702e-03 -3.456460167758299831e-04 -3.328408483921397080e-05 -1.044422285471921421e-03 4.081098470658146046e-04 -8.996200890453724848e-04 -1.325011462860199891e-03 2.603334909927495664e-04 -1.653581301490087557e-04 3.312400705677616018e-04 0.000000000000000000e+00 2.119525150036331157e-04
3.657789869639495664e-04 8.608047737445367648e-05 -8.041669927764837002e-05 -3.720973335297425599e-04 1.028702805533107223e-04 -3.993202592396139796e-04 -2.965154209627201567e-04 2.077105261178061968e-04 -6.332683418423412267e-05 3.047144196376579931e-04 2.119525150036331157e-04 0.000000000000000000e+00
