0.000000000000000000e+00 -1.064114784213136822e-03 -1.090114760672635007e-03 -5.805625156516281972e-05 1.399592618401548569e-03 -5.971896179712388826e-04 -8.792193778437790369e-05 -1.955828006690714881e-04 6.159940779892516920e-04 -3.551285558785147330e-04 1.277044699600258983e-03 -2.624690734702569343e-04
-1.064114784213136822e-03 0.000000000000000000e+00 1.358389821886322611e-04 -4.665641980753588362e-05 -3.351720184995640316e-04 -9.335038769808222956e-04 1.803900959220008373e-04 -3.656935460330488510e-04 -1.373632648591238724e-03 -3.567818107468960758e-04 5.041104230870904236e-04 1.220160660736724096e-03
-1.090114760672635007e-03 1.358389821886322611e-04 0.000000000000000000e+00 -2.976845161847479853e-04 2.446325621431755942e-03 1.829755615159152154e-04 -5.530904081032772106e-05 3.107770715801239721e-04 -2.440507370692650475e-04 4.934465954369935938e-05 -2.641638556530146267e-04 -2.188206591853018520e-04
-5.805625156516281972e-05 -4.665641980753588362e-05 -2.976845161847479853e-04 0.000000000000000000e+00 -3.376961494187972817e-04 -2.467231995811841692e-04 -1.539563060311423368e-04 3.023955509353383193e-04 -2.783029673921879146e-04 3.432611923446448015e-04 -3.681460492651448288e-05 5.689862767673655125e-05
1.399592618401548569e-03 -3.351720184995640316e-04 2.446325621431755942e-03 -3.376961494187972817e-04 0.000000000000000000e+00 -2.156331385927735562e-03 5.927000637312032985e-04 8.370132823398551128e-04 -2.710932763892683257e-04 -5.135618171491171955e-04 8.911345759016676320e-04 -1.794834649473426138e-03
-5.971896179712388826e-04 -9.335038769808222956e-04 1.829755615159152154e-04 -2.467231995811841692e-04 -2.156331385927735562e-03 0.000000000000000000e+00 1.087322642280131419e-04 1.686839553928651465e-04 8.584525221380752890e-04 8.114689419588221172e-04 8.317444739118659515e-04 3.873496442740879584e-04
-8.792193778437790369e-05 1.803900959220008373e-04 -5.530904081032772106e-05 -1.539563060311423368e-04 5.927000637312032985e-04 1.087322642280131419e-04 0.000000000000000000e+00 -1.300612973215468590e-04 7.041793698609520678e-04 -3.248148096988614776e-05 2.011700064897783871e-04 5.946988431075935638e-04
-1.955828006690714881e-04 -3.656935460330488510e-04 3.107770715801239721e-04 3.023955509353383193e-04 8.370132823398551128e-04 1.686839553928651465e-04 -1.300612973215468590e-04 0.000000000000000000e+00 5.059911207211030505e-04 -3.144107416924904990e-05 6.315026928799906186e-04 3.859979883632768121e-04
6.159940779892516920e-04 -1.373632648591238724e-03 -2.440507370692650475e-04 -2.783029673921879146e-04 -2.710932763892683257e-04 8.584525221380752890e-04 7.041793698609520678e-04 5.059911207211030505e-04 0.000000000000000000e+00 -1.352912994113686504e-03 -1.441506899520631759e-03 3.272919884521072816e-04
-3.551285558785147330e-04 -3.567818107468960758e-04 4.934465954369935938e-05 3.432611923446448015e-04 -5.135618171491171955e-04 8.114689419588221172e-04 -3.248148096988614776e-05 -3.144107416924904990e-05 -1.352912994113686504e-03 0.000000000000000000e+00 2.038733759287286078e-04 -6.521987753595838216e-04
1.277044699600258983e-03 5.041104230870904236e-04 -2.641638556530146267e-04 -3.681460492651448288e-05 8.911345759016676320e-04 8.317444739118659515e-04 2.011700064897783871e-04 6.315026928799906186e-04 -1.441506899520631759e-03 2.038733759287286078e-04 0.000000000000000000e+00 1.774651451986500230e-03
-2.624690734702569343e-04 1.220160660736724096e-03 -2.188206591853018520e-04 5.689862767673655125e-05 -1.794834649473426138e-03 3.873496442740879584e-04 5.946988431075935638e-04 3.859979883632768121e-04 3.272919884521072816e-04 -6.521987753595838216e-04 1.774651451986500230e-03 0.000000000000000000e+00
