0.000000000000000000e+00 -5.790878615247949113e-04 3.651880943665796147e-04 -1.928139060288755805e-04 1.887789570697557965e-03 -6.270460863457827643e-04 4.315290910660751398e-04 1.000320202807902055e-03 -9.982404760215419105e-04 -9.197968085832780930e-04 5.442183647511278062e-04 -1.078676021732626967e-03
-5.790878615247949113e-04 0.000000000000000000e+00 -7.929162747292107984e-04 1.061262917276951489e-04 -2.104876649283829275e-03 6.883992611397643470e-04 1.802180280674027329e-04 -2.041731861586178838e-04 -1.187759615518846649e-03 -8.398436239807944182e-05 7.769849678264264094e-04 -6.965732187032094326e-04
3.651880943665796147e-04 -7.929162747292107984e-04 0.000000000000000000e+00 2.268923161350676907e-04 6.202738803626525309e-04 -2.634606441271729609e-04 -4.695105132861104153e-04 -1.766126967210319510e-04 -4.921248106837196237e-04 4.542496361020347548e-04 2.222313655524067115e-04 1.260241515265597386e-03
-1.928139060288755805e-04 1.061262917276951489e-04 2.268923161350676907e-04 0.000000000000000000e+00 8.391081209587719462e-04 -1.334143530030602344e-04 -9.701442504973134984e-05 -2.220451555394734782e-04 2.063838361316728837e-05 4.697548715787243563e-04 2.796525020093400477e-04 -3.746449822671187035e-04
1.887789570697557965e-03 -2.104876649283829275e-03 6.202738803626525309e-04 8.391081209587719462e-04 0.000000000000000000e+00 -2.870915984005691741e-04 -2.191096982521831163e-04 -9.620810750010745172e-04 -4.192395716137541431e-03 -3.026979034958108736e-04 -7.270760926630639651e-04 -3.049416000381894708e-03
-6.270460863457827643e-04 6.883992611397643470e-04 -2.634606441271729609e-04 -1.334143530030602344e-04 -2.870915984005691741e-04 0.000000000000000000e+00 -2.322650889246463462e-04 -1.377773955248126961e-04 2.227806866758282912e-04 5.755545152702113039e-04 -1.640390790833790198e-03 2.671735978027308181e-04
4.315290910660751398e-04 1.802180280674027329e-04 -4.695105132861104153e-04 -9.701442504973134984e-05 -2.191096982521831163e-04 -2.322650889246463462e-04 0.000000000000000000e+00 -2.488328165743507723e-04 1.599863086461573069e-04 1.421663471182195242e-04 4.171312411222935198e-04 2.585700444347952659e-04
1.000320202807902055e-03 -2.041731861586178838e-04 -1.766126967210319510e-04 -2.220451555394734782e-04 -9.620810750010745172e-04 -1.377773955248126961e-04 -2.488328165743507723e-04 0.000000000000000000e+00 4.552685298779774793e-04 -2.789708734436501100e-04 2.218510156309605160e-04 6.599465905415616285e-04
-9.982404760215419105e-04 -1.187759615518846649e-03 -4.921248106837196237e-04 2.063838361316728837e-05 -4.192395716137541431e-03 2.227806866758282912e-04 1.599863086461573069e-04 4.552685298779774793e-04 0.000000000000000000e+00 8.880203651578823373e-04 1.658957389446996970e-03 -8.949553991615280622e-04
-9.197968085832780930e-04 -8.398436239807944182e-05 4.542496361020347548e-04 4.697548715787243563e-04 -3.026979034958108736e-04 5.755545152702113039e-04 1.421663471182195242e-04 -2.789708734436501100e-04 8.880203651578823373e-04 0.000000000000000000e+00 2.106191044390263046e-03 4.625426441071497008e-04
5.442183647511278062e-04 7.769849678264264094e-04 2.222313655524067115e-04 2.796525020093400477e-04 -7.270760926630639651e-04 -1.640390790833790198e-03 4.171312411222935198e-04 2.218510156309605160e-04 1.658957389446996970e-03 2.106191044390263046e-03 0.000000000000000000e+00 8.958642291787122626e-04
-1.078676021732626967e-03 -6.965732187032094326e-04 1.260241515265597386e-03 -3.746449822671187035e-04 -3.049416000381894708e-03 2.671735978027308181e-04 2.585700444347952659e-04 6.599465905415616285e-04 -8.949553991615280622e-04 4.625426441071497008e-04 8.958642291787122626e-04 0.000000000000000000e+00
