0.000000000000000000e+00 -2.465607884580690141e-04 -6.012720109404011718e-04 4.045042966204260584e-04 -1.656083755010545654e-03 -5.727511880392911341e-05 4.438614000570214571e-04 -8.586166100092426428e-04 -4.205512401031548256e-04 -3.975736284115209771e-04 1.323990372462096254e-03 -5.739447033486286395e-04
-2.465607884580690141e-04 0.000000000000000000e+00 9.327908292578140741e-04 7.447275467581765352e-04 1.000025299863949299e-03 -2.488730900232095770e-04 -2.064533627589331592e-04 -5.555824137464841165e-04 -7.017145771353762570e-04 8.672920039456612652e-04 -4.007455483614872260e-04 1.318779137330181473e-04
-6.012720109404011718e-04 9.327908292578140741e-04 0.000000000000000000e+00 -1.658108736822335068e-04 3.276476689607516770e-04 3.081049959430241401e-04 3.192846521844488355e-04 -7.913481445189654117e-05 -1.139687730988223199e-03 1.260375762831804770e-04 3.244777495909182167e-05 6.960425326787449867e-04
4.045042966204260584e-04 7.447275467581765352e-04 -1.658108736822335068e-04 0.000000000000000000e+00 5.534036461925173015e-04 -2.770364699826619276e-04 -1.742520634565551126e-05 -1.175405738143248075e-04 -4.812524034332332106e-04 -3.512057627698549783e-04 -1.995122835098551289e-04 -3.004727763053624740e-04
-1.656083755010545654e-03 1.000025299863949299e-03 3.276476689607516770e-04 5.534036461925173015e-04 0.000000000000000000e+00 -1.075146261548991147e-03 -7.637661804573696745e-04 -6.866221153993581601e-04 1.514307594069729934e-03 -1.722368876197344443e-03 -3.973785081894479557e-03 7.001938184732276653e-04
-5.727511880392911341e-05 -2.488730900232095770e-04 3.081049959430241401e-04 -2.770364699826619276e-04 -1.075146261548991147e-03 0.000000000000000000e+00 3.362662828099981260e-04 -7.401209775619541640e-04 -9.941891079781135971e-05 4.684058614103446105e-04 -1.057199131103518219e-03 -9.838258554438492412e-04
4.438614000570214571e-04 -2.064533627589331592e-04 3.192846521844488355e-04 -1.742520634565551126e-05 -7.637661804573696745e-04 3.362662828099981260e-04 0.000000000000000000e+00 5.470898295155203391e-05 -4.138306401202406816e-04 -1.897341693205675730e-04 4.307601865912888091e-05 -5.533459049590320090e-05
-8.586166100092426428e-04 -5.555824137464841165e-04 -7.913481445189654117e-05 -1.175405738143248075e-04 -6.866221153993581601e-04 -7.401209775619541640e-04 5.470898295155203391e-05 0.000000000000000000e+00 -5.010943777612624807e-04 7.989909238454494331e-04 -5.384274771842288308e-04 4.916965507031304666e-04
-4.205512401031548256e-04 -7.017145771353762570e-04 -1.139687730988223199e-03 -4.812524034332332106e-04 1.514307594069729934e-03 -9.941891079781135971e-05 -4.138306401202406816e-04 -5.010943777612624807e-04 0.000000000000000000e+00 1.913094458705428733e-04 -2.287674112976089379e-03 -1.470368249606878027e-03
-3.975736284115209771e-04 8.672920039456612652e-04 1.260375762831804770e-04 -3.512057627698549783e-04 -1.722368876197344443e-03 4.684058614103446105e-04 -1.897341693205675730e-04 7.989909238454494331e-04 1.913094458705428733e-04 0.000000000000000000e+00 -8.967422648660030324e-05 4.388415302471019045e-04
1.323990372462096254e-03 -4.007455483614872260e-04 3.244777495909182167e-05 -1.995122835098551289e-04 -3.973785081894479557e-03 -1.057199131103518219e-03 4.307601865912888091e-05 -5.384274771842288308e-04 -2.287674112976089379e-03 -8.967422648660030324e-05 0.000000000000000000e+00 -4.743770217512762648e-05
-5.739447033486286395e-04 1.318779137330181473e-04 6.960425326787449867e-04 -3.004727763053624740e-04 7.001938184732276653e-04 -9.838258554438492412e-04 -5.533459049590320090e-05 4.916965507031304666e-04 -1.470368249606878027e-03 4.388415302471019045e-04 -4.743770217512762648e-05 0.000000000000000000e+00
