0.000000000000000000e+00 -6.362418501700650535e-04 -4.763138404245529939e-04 -2.205244829887959761e-04 1.804809197072870059e-03 1.919148475484466331e-04 2.648398012069258403e-04 4.884200469526000545e-04 6.205260752888926753e-04 5.010114242144159732e-04 -2.331591464683693479e-03 -8.091419388537206617e-04
-6.362418501700650535e-04 0.000000000000000000e+00 6.120965860908477449e-04 -8.138435614464622320e-05 1.996826255316276090e-03 -4.986649171039001004e-04 -5.269871085970755879e-04 1.867234415456589709e-04 3.304867793235680335e-04 8.299433780599801101e-04 4.159916151044268070e-04 -6.312705038003762733e-04
-4.763138404245529939e-04 6.120965860908477449e-04 0.000000000000000000e+00 7.887437742252279081e-05 1.082714416393551829e-03 7.344796588020042821e-04 -1.660419403981488833e-04 5.397440227798876644e-04 -1.158979760626035332e-03 1.547499030013524900e-04 -1.103609811066537253e-03 -6.236076657403350192e-04
-2.205244829887959761e-04 -8.138435614464622320e-05 7.887437742252279081e-05 0.000000000000000000e+00 -6.979600700185273180e-05 3.410308117367014352e-04 -9.616973937936633323e-05 -3.038447055017818319e-04 -1.344360834002648419e-04 4.706152510691871583e-06 -4.120986518837110846e-04 2.965004657595885005e-04
1.804809197072870059e-03 1.996826255316276090e-03 1.082714416393551829e-03 -6.979600700185273180e-05 0.000000000000000000e+00 1.151933509816044582e-03 1.099973616107461890e-03 -7.869132616206916692e-04 1.225212802199743094e-03 -1.877455496369752688e-03 7.312581991911945014e-04 -5.628061562767065328e-04
1.919148475484466331e-04 -4.986649171039001004e-04 7.344796588020042821e-04 3.410308117367014352e-04 1.151933509816044582e-03 0.000000000000000000e+00 8.964233533637340316e-04 3.952594336492964489e-04 4.688075030107683046e-04 2.879118362943138714e-04 5.329460529256651148e-04 -2.961403916477995123e-05
2.648398012069258403e-04 -5.269871085970755879e-04 -1.660419403981488833e-04 -9.616973937936633323e-05 1.099973616107461890e-03 8.964233533637340316e-04 0.000000000000000000e+00 2.208039298112870265e-05 6.962745093065571961e-04 -6.380266940151243474e-05 1.376547441174883781e-04 -6.807838646093988507e-04
4.884200469526000545e-04 1.867234415456589709e-04 5.397440227798876644e-04 -3.038447055017818319e-04 -7.869132616206916692e-04 3.952594336492964489e-04 2.208039298112870265e-05 0.000000000000000000e+00 -2.358887885809198991e-04 7.955580666834810317e-04 -4.293968779442385557e-05 -4.781818776843740563e-06
6.205260752888926753e-04 3.304867793235680335e-04 -1.158979760626035332e-03 -1.344360834002648419e-04 1.225212802199743094e-03 4.688075030107683046e-04 6.962745093065571961e-04 -2.358887885809198991e-04 0.000000000000000000e+00 1.413655937006038071e-03 1.186140605276038082e-03 -4.352309854646969893e-06
5.010114242144159732e-04 8.299433780599801101e-04 1.547499030013524900e-04 4.706152510691871583e-06 -1.877455496369752688e-03 2.879118362943138714e-04 -6.380266940151243474e-05 7.955580666834810317e-04 1.413655937006038071e-03 0.000000000000000000e+00 -2.664552094046192712e-05 4.432968776742187084e-04
-2.331591464683693479e-03 4.159916151044268070e-04 -1.103609811066537253e-03 -4.120986518837110846e-04 7.312581991911945014e-04 5.329460529256651148e-04 1.376547441174883781e-04 -4.293968779442385557e-05 1.186140605276038082e-03 -2.664552094046192712e-05 0.000000000000000000e+00 2.681692756919170414e-03
-8.091419388537206617e-04 -6.312705038003762733e-04 -6.236076657403350192e-04 2.965004657595885005e-04 -5.628061562767065328e-04 -2.961403916477995123e-05 -6.807838646093988507e-04 -4.781818776843740563e-06 -4.352309854646969893e-06 4.432968776742187084e-04 2.681692756919170414e-03 0.000000000000000000e+00
