0.000000000000000000e+00 3.943452285946072661e-04 -5.720770241738603196e-05 7.829615895992574515e-05 -1.294738276901708299e-03 4.744337136387758022e-04 3.001846346944191980e-04 -6.828593167557023584e-04 3.627171815895412861e-04 1.634048689057007774e-04 7.626008004445664198e-04 1.298476401363909787e-03
3.943452285946072661e-04 0.000000000000000000e+00 -3.948859569744593502e-04 -1.629535780889983118e-05 -1.859578239942835101e-03 -3.805837422844488439e-05 4.187104498600738420e-05 1.795470379421176084e-04 -3.817052283742388232e-04 -2.782178100633938959e-04 8.035619695917624013e-04 -3.476811246671833357e-04
-5.720770241738603196e-05 -3.948859569744593502e-04 0.000000000000000000e+00 3.792877289851803420e-04 -3.846656870602303954e-04 1.121715123026408549e-04 -1.362135802344680219e-04 -1.883112323660224535e-04 -3.661256782718464798e-04 -7.288054236302722588e-04 9.656088598007571367e-04 7.210298168333239459e-04
7.829615895992574515e-05 -1.629535780889983118e-05 3.792877289851803420e-04 0.000000000000000000e+00 -2.406501198762223603e-04 -2.046101546172240070e-04 -5.495914568023915303e-05 -2.021901165430163268e-04 2.118878497690207335e-04 3.890286190670642837e-05 6.208707598050165755e-04 -3.529688938101596197e-04
-1.294738276901708299e-03 -1.859578239942835101e-03 -3.846656870602303954e-04 -2.406501198762223603e-04 0.000000000000000000e+00 -4.866909481738047340e-04 -5.375670927101550622e-04 -6.433857412728924679e-04 -2.756693096195927690e-03 1.734366665784496967e-03 1.632343746487846005e-03 2.223802618168108699e-03
4.744337136387758022e-04 -3.805837422844488439e-05 1.121715123026408549e-04 -2.046101546172240070e-04 -4.866909481738047340e-04 0.000000000000000000e+00 2.740101268516993791e-04 -1.300823280833087630e-04 -4.712832337150229823e-05 2.802677240382629980e-04 -1.800040166089617575e-04 7.562030060060524229e-04
3.001846346944191980e-04 4.187104498600738420e-05 -1.362135802344680219e-04 -5.495914568023915303e-05 -5.375670927101550622e-04 2.740101268516993791e-04 0.000000000000000000e+00 5.215642642893439590e-04 -8.519240577853076776e-04 2.585053421192613256e-04 -4.604413756078313690e-04 3.377499731839022604e-04
-6.828593167557023584e-04 1.795470379421176084e-04 -1.883112323660224535e-04 -2.021901165430163268e-04 -6.433857412728924679e-04 -1.300823280833087630e-04 5.215642642893439590e-04 0.000000000000000000e+00 -3.738475396102494013e-04 1.410042758975884605e-04 -1.069429722974907801e-03 -4.524284379257064934e-04
3.627171815895412861e-04 -3.817052283742388232e-04 -3.661256782718464798e-04 2.118878497690207335e-04 -2.756693096195927690e-03 -4.712832337150229823e-05 -8.519240577853076776e-04 -3.738475396102494013e-04 0.000000000000000000e+00 -3.292312756842913466e-04 -1.145690438819296861e-03 -2.199350722054010856e-03
1.634048689057007774e-04 -2.782178100633938959e-04 -7.288054236302722588e-04 3.890286190670642837e-05 1.734366665784496967e-03 2.802677240382629980e-04 2.585053421192613256e-04 1.410042758975884605e-04 -3.292312756842913466e-04 0.000000000000000000e+00 -7.373927363964419973e-04 8.142782777513984721e-04
7.626008004445664198e-04 8.035619695917624013e-04 9.656088598007571367e-04 6.208707598050165755e-04 1.632343746487846005e-03 -1.800040166089617575e-04 -4.604413756078313690e-04 -1.069429722974907801e-03 -1.145690438819296861e-03 -7.373927363964419973e-04 0.000000000000000000e+00 9.835793779458272459e-04
1.298476401363909787e-03 -3.476811246671833357e-04 7.210298168333239459e-04 -3.529688938101596197e-04 2.223802618168108699e-03 7.562030060060524229e-04 3.377499731839022604e-04 -4.524284379257064934e-04 -2.199350722054010856e-03 8.142782777513984721e-04 9.835793779458272459e-04 0.000000000000000000e+00
