0.000000000000000000e+00 -2.839779369873542776e-04 2.271432373091838769e-04 -1.025535568724383620e-05 -2.308238342707327469e-05 -1.284049500221960151e-04 -1.737080871129985480e-04 1.061422500027026528e-03 -6.497180984144596081e-04 -1.738133384090171285e-04 8.699173892608997715e-04 5.465656939037268460e-04
-2.839779369873542776e-04 0.000000000000000000e+00 -3.507493347452283615e-04 -1.212382256715757262e-04 -6.075148828225542886e-04 3.349436718424797965e-04 -3.564408339563488793e-04 6.630690194634447079e-04 -9.083392030610501575e-04 -6.837460615080790619e-04 -3.654298567031281030e-04 9.820750730071866729e-04
2.271432373091838769e-04 -3.507493347452283615e-04 0.000000000000000000e+00 -4.245289039096665159e-05 4.434640915682990263e-04 -1.916427596920311852e-04 5.381630386005602793e-04 -1.505005603313125515e-06 1.148736708642256231e-03 -6.590700095306402644e-04 6.243443832274262308e-04 8.222861445026177513e-04
-1.025535568724383620e-05 -1.212382256715757262e-04 -4.245289039096665159e-05 0.000000000000000000e+00 -4.058058408530617884e-04 -2.069983892551557089e-04 -2.454255501023592427e-04 1.439213060899544906e-03 1.581778727744315377e-03 5.441110750085958059e-04 1.316966514730309084e-03 -2.482073240801200165e-04
-2.308238342707327469e-05 -6.075148828225542886e-04 4.434640915682990263e-04 -4.058058408530617884e-04 0.000000000000000000e+00 3.183561717334173623e-04 -9.914453781605923638e-05 -6.946774616849913341e-04 -3.403127284174417653e-04 -6.381691868507797030e-04 -3.369056794068901500e-04 -7.804237888103840145e-04
-1.284049500221960151e-04 3.349436718424797965e-04 -1.916427596920311852e-04 -2.069983892551557089e-04 3.183561717334173623e-04 0.000000000000000000e+00 4.469743339318579074e-04 -1.247326973227559513e-03 -7.961440907794281770e-04 9.776441858240082598e-04 -9.202947850604724627e-04 1.169235594009887524e-03
-1.737080871129985480e-04 -3.564408339563488793e-04 5.381630386005602793e-04 -2.454255501023592427e-04 -9.914453781605923638e-05 4.469743339318579074e-04 0.000000000000000000e+00 5.411571995856019612e-04 2.698990596837931035e-04 1.159551254995387230e-04 2.289102088548772697e-04 -8.481413985758874468e-05
1.061422500027026528e-03 6.630690194634447079e-04 -1.505005603313125515e-06 1.439213060899544906e-03 -6.946774616849913341e-04 -1.247326973227559513e-03 5.411571995856019612e-04 0.000000000000000000e+00 -1.714142094808820613e-03 -1.812209720778204655e-03 -9.875046092126134583e-04 -1.983197452030449007e-03
-6.497180984144596081e-04 -9.083392030610501575e-04 1.148736708642256231e-03 1.581778727744315377e-03 -3.403127284174417653e-04 -7.961440907794281770e-04 2.698990596837931035e-04 -1.714142094808820613e-03 0.000000000000000000e+00 -5.538967078185717775e-04 -5.569716113817670079e-05 8.567824122096490613e-04
-1.738133384090171285e-04 -6.837460615080790619e-04 -6.590700095306402644e-04 5.441110750085958059e-04 -6.381691868507797030e-04 9.776441858240082598e-04 1.159551254995387230e-04 -1.812209720778204655e-03 -5.538967078185717775e-04 0.000000000000000000e+00 -7.036621971609512746e-04 4.421779643378059301e-04
8.699173892608997715e-04 -3.654298567031281030e-04 6.243443832274262308e-04 1.316966514730309084e-03 -3.369056794068901500e-04 -9.202947850604724627e-04 2.289102088548772697e-04 -9.875046092126134583e-04 -5.569716113817670079e-05 -7.036621971609512746e-04 0.000000000000000000e+00 7.779628515096274465e-04
5.465656939037268460e-04 9.820750730071866729e-04 8.222861445026177513e-04 -2.482073240801200165e-04 -7.804237888103840145e-04 1.169235594009887524e-03 -8.481413985758874468e-05 -1.983197452030449007e-03 8.567824122096490613e-04 4.421779643378059301e-04 7.779628515096274465e-04 0.000000000000000000e+00
