0.000000000000000000e+00 2.472205451053073361e-04 2.030958098652537770e-04 -3.815040833514048645e-05 2.936307585660185584e-04 -6.956413768210081968e-04 -1.876723967902621748e-05 -1.162826620077380552e-03 7.520298284877477858e-04 3.195451236088967363e-04 1.522252152140493814e-04 -2.838298305436244714e-04
2.472205451053073361e-04 0.000000000000000000e+00 -1.016456809695993332e-04 -6.003848998080887331e-05 -3.747893550756785418e-04 5.633498319392572741e-04 -5.190265920626003495e-04 2.183633089609818192e-03 1.442646980902567624e-03 1.608829701954395531e-04 4.572178720906840067e-04 3.338726667405315235e-04
2.030958098652537770e-04 -1.016456809695993332e-04 0.000000000000000000e+00 1.523404866061557823e-04 2.766009345033342885e-05 -2.078193202655431000e-04 -1.659163539527496530e-04 4.927005905427552087e-04 -9.285675889630531747e-04 -1.250165985599438890e-04 2.812108394304058817e-04 5.134149678065761052e-04
-3.815040833514048645e-05 -6.003848998080887331e-05 1.523404866061557823e-04 0.000000000000000000e+00 -1.044257626359634583e-04 -1.194340736834655336e-04 9.269430326085478997e-06 -6.305569379989182282e-04 4.749974340604505661e-04 -1.879057783575482389e-04 4.910016325948346125e-04 8.589300077412323692e-05
2.936307585660185584e-04 -3.747893550756785418e-04 2.766009345033342885e-05 -1.044257626359634583e-04 0.000000000000000000e+00 4.879978534834372413e-04 2.002833956627055409e-05 -2.173663426026129462e-03 9.615256682392193509e-04 -4.067431652465897324e-04 1.935886514248993342e-06 3.041162287717344664e-04
-6.956413768210081968e-04 5.633498319392572741e-04 -2.078193202655431000e-04 -1.194340736834655336e-04 4.879978534834372413e-04 0.000000000000000000e+00 6.187420374124788286e-05 1.117974530933241260e-03 1.166553028451205228e-03 -7.320387552896179175e-04 -7.076495846789969228e-04 2.744016673892360697e-04
-1.876723967902621748e-05 -5.190265920626003495e-04 -1.659163539527496530e-04 9.269430326085478997e-06 2.002833956627055409e-05 6.187420374124788286e-05 0.000000000000000000e+00 -5.997816856230317331e-04 -5.868110982515162060e-04 -6.946333022063700107e-04 4.302705382688118050e-04 -1.799870930993704402e-04
-1.162826620077380552e-03 2.183633089609818192e-03 4.927005905427552087e-04 -6.305569379989182282e-04 -2.173663426026129462e-03 1.117974530933241260e-03 -5.997816856230317331e-04 0.000000000000000000e+00 -1.235900338890647595e-03 -1.458539353124211312e-03 -2.211476973172154332e-04 -1.124558307110769219e-03
7.520298284877477858e-04 1.442646980902567624e-03 -9.285675889630531747e-04 4.749974340604505661e-04 9.615256682392193509e-04 1.166553028451205228e-03 -5.868110982515162060e-04 -1.235900338890647595e-03 0.000000000000000000e+00 -1.846155719181421162e-03 1.191302397665026979e-03 -1.048528929451412279e-03
3.195451236088967363e-04 1.608829701954395531e-04 -1.250165985599438890e-04 -1.879057783575482389e-04 -4.067431652465897324e-04 -7.320387552896179175e-04 -6.946333022063700107e-04 -1.458539353124211312e-03 -1.846155719181421162e-03 0.000000000000000000e+00 -4.267933951819511459e-04 3.340669903133994235e-04
1.522252152140493814e-04 4.572178720906840067e-04 2.812108394304058817e-04 4.910016325948346125e-04 1.935886514248993342e-06 -7.076495846789969228e-04 4.302705382688118050e-04 -2.211476973172154332e-04 1.191302397665026979e-03 -4.267933951819511459e-04 0.000000000000000000e+00 7.850431945075039874e-04
-2.838298305436244714e-04 3.338726667405315235e-04 5.134149678065761052e-04 8.589300077412323692e-05 3.041162287717344664e-04 2.744016673892360697e-04 -1.799870930993704402e-04 -1.124558307110769219e-03 -1.048528929451412279e-03 3.340669903133994235e-04 7.850431945075039874e-04 0.000000000000000000e+00
