0.000000000000000000e+00 -3.724155215835639010e-04 -2.083755921699036173e-04 1.707232250379065342e-04 2.147350857494122059e-04 4.052636747021479916e-04 2.388124038748260013e-04 1.033313902775777858e-03 8.582961806459469146e-04 -2.473850393962385812e-04 -7.753621434689504047e-04 -9.494286092378554948e-05
-3.724155215835639010e-04 0.000000000000000000e+00 -4.354206955606753089e-06 2.708633135044087245e-04 4.760924275031068161e-04 4.020901451829275502e-04 1.847098544931760828e-04 -3.541724863364598022e-04 -2.577336231876676420e-05 -2.611417531207346657e-04 -5.405425116601436999e-04 4.404815840331731684e-04
-2.083755921699036173e-04 -4.354206955606753089e-06 0.000000000000000000e+00 2.621356798168159963e-04 3.606313167016945835e-04 -8.480102279505889133e-04 4.115289463734397727e-04 -9.804751406033557475e-04 9.018533242671024136e-04 -5.876119762631147646e-04 8.247687172274460830e-04 1.386200492930914432e-04
1.707232250379065342e-04 2.708633135044087245e-04 2.621356798168159963e-04 0.000000000000000000e+00 -6.888933431652300300e-05 -2.365281977991293800e-04 2.384603103222356448e-04 1.882065850562213583e-04 -3.313571968725198655e-04 7.743480960547745740e-05 -8.938512650033559334e-04 1.115025504592347978e-04
2.147350857494122059e-04 4.760924275031068161e-04 3.606313167016945835e-04 -6.888933431652300300e-05 0.000000000000000000e+00 6.330944902264981286e-04 1.340760463729634747e-04 -6.121111724216504518e-04 -6.938350524453830654e-04 2.554537798013918029e-04 1.251558179630852998e-03 8.073938887387152163e-04
4.052636747021479916e-04 4.020901451829275502e-04 -8.480102279505889133e-04 -2.365281977991293800e-04 6.330944902264981286e-04 0.000000000000000000e+00 -1.236598057841585302e-04 1.203058061955497929e-03 -1.642080253522288855e-03 3.888542240612888920e-04 4.028353190395752366e-04 -2.603207426013770661e-04
2.388124038748260013e-04 1.847098544931760828e-04 4.115289463734397727e-04 2.384603103222356448e-04 1.340760463729634747e-04 -1.236598057841585302e-04 0.000000000000000000e+00 -1.207542222186937123e-04 -2.058412347545439825e-03 8.374444641530648468e-05 8.579519292772900185e-04 -2.275042485715440878e-05
1.033313902775777858e-03 -3.541724863364598022e-04 -9.804751406033557475e-04 1.882065850562213583e-04 -6.121111724216504518e-04 1.203058061955497929e-03 -1.207542222186937123e-04 0.000000000000000000e+00 -1.216916464519775904e-03 -2.110684393380979091e-03 2.164269402417509820e-03 -1.293373203211582983e-03
8.582961806459469146e-04 -2.577336231876676420e-05 9.018533242671024136e-04 -3.313571968725198655e-04 -6.938350524453830654e-04 -1.642080253522288855e-03 -2.058412347545439825e-03 -1.216916464519775904e-03 0.000000000000000000e+00 -2.215194467233602531e-04 -9.855656833537365397e-04 6.043562557354339266e-04
-2.473850393962385812e-04 -2.611417531207346657e-04 -5.876119762631147646e-04 7.743480960547745740e-05 2.554537798013918029e-04 3.888542240612888920e-04 8.374444641530648468e-05 -2.110684393380979091e-03 -2.215194467233602531e-04 0.000000000000000000e+00 1.398078686603443019e-03 8.832768184312662040e-05
-7.753621434689504047e-04 -5.405425116601436999e-04 8.247687172274460830e-04 -8.938512650033559334e-04 1.251558179630852998e-03 4.028353190395752366e-04 8.579519292772900185e-04 2.164269402417509820e-03 -9.855656833537365397e-04 1.398078686603443019e-03 0.000000000000000000e+00 -5.303193714631525578e-05
-9.494286092378554948e-05 4.404815840331731684e-04 1.386200492930914432e-04 1.115025504592347978e-04 8.073938887387152163e-04 -2.603207426013770661e-04 -2.275042485715440878e-05 -1.293373203211582983e-03 6.043562557354339266e-04 8.832768184312662040e-05 -5.303193714631525578e-05 0.000000000000000000e+00
