0.000000000000000000e+00 1.366074430319893108e-03 -2.206634479585729489e-03 5.594068262926811183e-04 3.781312408295590423e-05 2.484538454509970570e-03 9.268677553498007749e-04 -1.075313101639129238e-03 2.213148941346072558e-03 4.158586673338295417e-04 -5.298573166923967051e-04 -3.482652776234267437e-04
1.366074430319893108e-03 0.000000000000000000e+00 6.035714039178228119e-04 -4.458117123191907786e-05 -9.195546625059000190e-04 -5.309767055514448032e-04 -6.648268007219850081e-04 -2.969260305843543133e-04 1.271463565040119531e-03 -3.919303476477076827e-04 -4.017430182138297828e-04 1.192541953780053938e-04
-2.206634479585729489e-03 6.035714039178228119e-04 0.000000000000000000e+00 1.294359457279430168e-04 5.538945982074178253e-04 -5.898914230177366644e-04 7.705465807302501208e-04 -6.914870468459318256e-04 1.503166975043226071e-03 1.604317979609050848e-04 6.871919260930455398e-04 -7.585657503639226884e-04
5.594068262926811183e-04 -4.458117123191907786e-05 1.294359457279430168e-04 0.000000000000000000e+00 -3.102184911553953974e-04 1.789789553975547906e-04 3.401348965196970419e-04 2.135006262531034241e-04 4.238352953521977331e-04 2.580286907166540558e-04 -5.743180978304562867e-04 -8.077286288201206710e-06
3.781312408295590423e-05 -9.195546625059000190e-04 5.538945982074178253e-04 -3.102184911553953974e-04 0.000000000000000000e+00 4.215883431786153295e-04 -6.757699402159003622e-04 -1.596820942456976788e-05 2.516826143278405852e-03 3.692156429133392056e-04 -7.974855490513424894e-04 -5.345348389659249728e-04
2.484538454509970570e-03 -5.309767055514448032e-04 -5.898914230177366644e-04 1.789789553975547906e-04 4.215883431786153295e-04 0.000000000000000000e+00 -8.628253331751213964e-04 4.085968068743615986e-04 -9.371846455883715843e-04 6.030110142712810737e-04 4.920251835138463644e-04 2.630501078289868662e-04
9.268677553498007749e-04 -6.648268007219850081e-04 7.705465807302501208e-04 3.401348965196970419e-04 -6.757699402159003622e-04 -8.628253331751213964e-04 0.000000000000000000e+00 -1.448002977339334237e-04 2.121682267153869941e-03 -1.928396537045522826e-04 4.893276563476728390e-04 1.084328451413097512e-03
-1.075313101639129238e-03 -2.969260305843543133e-04 -6.914870468459318256e-04 2.135006262531034241e-04 -1.596820942456976788e-05 4.085968068743615986e-04 -1.448002977339334237e-04 0.000000000000000000e+00 -1.795942183262599185e-04 -1.279507760097907886e-04 1.670088683936404546e-04 7.241324313139658238e-04
2.213148941346072558e-03 1.271463565040119531e-03 1.503166975043226071e-03 4.238352953521977331e-04 2.516826143278405852e-03 -9.371846455883715843e-04 2.121682267153869941e-03 -1.795942183262599185e-04 0.000000000000000000e+00 1.012282486159353208e-03 -5.819847429355263753e-04 -1.068252345486242916e-03
4.158586673338295417e-04 -3.919303476477076827e-04 1.604317979609050848e-04 2.580286907166540558e-04 3.692156429133392056e-04 6.030110142712810737e-04 -1.928396537045522826e-04 -1.279507760097907886e-04 1.012282486159353208e-03 0.000000000000000000e+00 -1.648904380006833590e-04 2.736930426940224542e-04
-5.298573166923967051e-04 -4.017430182138297828e-04 6.871919260930455398e-04 -5.743180978304562867e-04 -7.974855490513424894e-04 4.920251835138463644e-04 4.893276563476728390e-04 1.670088683936404546e-04 -5.819847429355263753e-04 -1.648904380006833590e-04 0.000000000000000000e+00 3.559481246821107471e-04
-3.482652776234267437e-04 1.192541953780053938e-04 -7.585657503639226884e-04 -8.077286288201206710e-06 -5.345348389659249728e-04 2.630501078289868662e-04 1.084328451413097512e-03 7.241324313139658238e-04 -1.068252345486242916e-03 2.736930426940224542e-04 3.559481246821107471e-04 0.000000000000000000e+00
