0.000000000000000000e+00 -1.379311655070857565e-04 -8.011457308371493311e-04 1.004604814412078011e-03 2.003892791474617355e-03 -1.613639235960700243e-03 -1.458161833177703832e-03 -3.176637877305525377e-04 -3.028617421469711937e-03 -4.439126830286819819e-04 1.768245465131872791e-03 -8.128787648039529756e-05
-1.379311655070857565e-04 0.000000000000000000e+00 -2.780847355430972985e-04 -5.618719925069715483e-05 1.824593032739152540e-04 4.757443830713357241e-04 6.903789520576605280e-05 1.728245549265277411e-04 6.504367728357661992e-04 -2.001846404849690837e-05 9.346805669004834680e-05 -6.404974750679545562e-04
-8.011457308371493311e-04 -2.780847355430972985e-04 0.000000000000000000e+00 2.356562540857369287e-05 -1.036878431142615074e-03 -7.867020506759910903e-04 -9.957003268927955720e-04 -7.925244055432459475e-05 -2.866767766443370350e-04 -7.619881089376931860e-05 -5.442592904525840299e-04 1.018191479231885996e-04
1.004604814412078011e-03 -5.618719925069715483e-05 2.356562540857369287e-05 0.000000000000000000e+00 7.606351757838364456e-04 -1.285098978044470100e-04 -1.338834991349774958e-03 4.002365152275811884e-04 1.223662090152590615e-03 1.113258553909001294e-04 -2.662738882176051282e-04 1.295558565481877672e-04
2.003892791474617355e-03 1.824593032739152540e-04 -1.036878431142615074e-03 7.606351757838364456e-04 0.000000000000000000e+00 -6.621071880999287486e-04 9.382312038300238055e-04 6.855336961252314577e-04 1.311407298499685963e-04 -1.100101151691153592e-04 -5.125924267905762697e-04 -5.304719390531692871e-05
-1.613639235960700243e-03 4.757443830713357241e-04 -7.867020506759910903e-04 -1.285098978044470100e-04 -6.621071880999287486e-04 0.000000000000000000e+00 1.030830062394334865e-03 3.084162422793225498e-05 6.505193854003124771e-04 -1.314458041375149303e-04 2.868888968139248342e-04 4.716216556348751970e-04
-1.458161833177703832e-03 6.903789520576605280e-05 -9.957003268927955720e-04 -1.338834991349774958e-03 9.382312038300238055e-04 1.030830062394334865e-03 0.000000000000000000e+00 4.119267194042328128e-04 -2.800004470604041448e-03 6.883785395158939979e-04 -1.093251692572671683e-03 3.389159665186782053e-04
-3.176637877305525377e-04 1.728245549265277411e-04 -7.925244055432459475e-05 4.002365152275811884e-04 6.855336961252314577e-04 3.084162422793225498e-05 4.119267194042328128e-04 0.000000000000000000e+00 5.909372525496624272e-05 1.367679808055091706e-04 -4.596034940790862350e-04 -2.957181019536125888e-04
-3.028617421469711937e-03 6.504367728357661992e-04 -2.866767766443370350e-04 1.223662090152590615e-03 1.311407298499685963e-04 6.505193854003124771e-04 -2.800004470604041448e-03 5.909372525496624272e-05 0.000000000000000000e+00 -1.615040509290005771e-04 -7.143361293386382553e-05 3.645326458505127585e-04
-4.439126830286819819e-04 -2.001846404849690837e-05 -7.619881089376931860e-05 1.113258553909001294e-04 -1.100101151691153592e-04 -1.314458041375149303e-04 6.883785395158939979e-04 1.367679808055091706e-04 -1.615040509290005771e-04 0.000000000000000000e+00 1.070282346131695012e-04 2.829396982430209883e-05
1.768245465131872791e-03 9.346805669004834680e-05 -5.442592904525840299e-04 -2.662738882176051282e-04 -5.125924267905762697e-04 2.868888968139248342e-04 -1.093251692572671683e-03 -4.596034940790862350e-04 -7.143361293386382553e-05 1.070282346131695012e-04 0.000000000000000000e+00 1.699113415629209794e-04
-8.128787648039529756e-05 -6.404974750679545562e-04 1.018191479231885996e-04 1.295558565481877672e-04 -5.304719390531692871e-05 4.716216556348751970e-04 3.389159665186782053e-04 -2.957181019536125888e-04 3.645326458505127585e-04 2.829396982430209883e-05 1.699113415629209794e-04 0.000000000000000000e+00
