0.000000000000000000e+00 -1.803069592102652741e-03 -5.943012131484277146e-04 5.331854851330898809e-04 2.183317815826932642e-03 -6.216524151330950990e-04 4.322443317084603831e-03 1.532058078113515426e-03 -1.934735189998224112e-03 5.523609929734807876e-04 -3.715814923532357152e-04 -8.397513616090397127e-04
-1.803069592102652741e-03 0.000000000000000000e+00 -4.409254097261367509e-04 -5.006382976433885329e-04 -3.130924916904957766e-05 -2.987321542508517415e-04 1.066656421475976326e-03 1.250783936081337818e-04 5.211937542867346165e-04 1.794027521065482658e-04 -9.165200631293054807e-05 -1.361522906667201379e-04
-5.943012131484277146e-04 -4.409254097261367509e-04 0.000000000000000000e+00 2.318466928984324400e-04 -3.883500302611422048e-04 -7.428833063377011459e-04 -7.526501480665638913e-04 7.554894595940966971e-05 -1.049226461939319587e-03 -3.393580218526137931e-04 4.393365850092274447e-04 4.593328329442801175e-06
5.331854851330898809e-04 -5.006382976433885329e-04 2.318466928984324400e-04 0.000000000000000000e+00 1.218689830323865504e-04 -2.491355441302795090e-04 -4.423301598448030857e-04 1.785256004636543467e-04 -4.419054746580888533e-04 8.255457332593979275e-05 1.786186089497292272e-04 -1.209990012964346645e-04
2.183317815826932642e-03 -3.130924916904957766e-05 -3.883500302611422048e-04 1.218689830323865504e-04 0.000000000000000000e+00 -1.228842726463765401e-03 2.880109528443518707e-04 -5.939373243772974858e-04 1.162869503545819593e-03 1.419385590499394612e-04 6.373069002934922357e-04 3.493819168414997556e-04
-6.216524151330950990e-04 -2.987321542508517415e-04 -7.428833063377011459e-04 -2.491355441302795090e-04 -1.228842726463765401e-03 0.000000000000000000e+00 -4.475045154679934203e-04 4.342594642401964057e-04 -1.060074725378333613e-03 -7.902661826292598857e-05 2.911567669794242418e-04 5.859546663270826699e-04
4.322443317084603831e-03 1.066656421475976326e-03 -7.526501480665638913e-04 -4.423301598448030857e-04 2.880109528443518707e-04 -4.475045154679934203e-04 0.000000000000000000e+00 1.875281156088317311e-03 5.738735314463696852e-04 -8.197403996612461635e-04 1.094075278571992422e-03 6.661965524737830605e-04
1.532058078113515426e-03 1.250783936081337818e-04 7.554894595940966971e-05 1.785256004636543467e-04 -5.939373243772974858e-04 4.342594642401964057e-04 1.875281156088317311e-03 0.000000000000000000e+00 6.931751340408146651e-04 1.240531327901177143e-04 4.953049118592651925e-04 8.658759774501081571e-04
-1.934735189998224112e-03 5.211937542867346165e-04 -1.049226461939319587e-03 -4.419054746580888533e-04 1.162869503545819593e-03 -1.060074725378333613e-03 5.738735314463696852e-04 6.931751340408146651e-04 0.000000000000000000e+00 -4.450099172735357271e-04 -3.531470769563008140e-04 4.245901771871336437e-04
5.523609929734807876e-04 1.794027521065482658e-04 -3.393580218526137931e-04 8.255457332593979275e-05 1.419385590499394612e-04 -7.902661826292598857e-05 -8.197403996612461635e-04 1.240531327901177143e-04 -4.450099172735357271e-04 0.000000000000000000e+00 -1.394994145192899736e-04 -2.674141315139613403e-04
-3.715814923532357152e-04 -9.165200631293054807e-05 4.393365850092274447e-04 1.786186089497292272e-04 6.373069002934922357e-04 2.911567669794242418e-04 1.094075278571992422e-03 4.953049118592651925e-04 -3.531470769563008140e-04 -1.394994145192899736e-04 0.000000000000000000e+00 5.153350475903276324e-04
-8.397513616090397127e-04 -1.361522906667201379e-04 4.593328329442801175e-06 -1.209990012964346645e-04 3.493819168414997556e-04 5.859546663270826699e-04 6.661965524737830605e-04 8.658759774501081571e-04 4.245901771871336437e-04 -2.674141315139613403e-04 5.153350475903276324e-04 0.000000000000000000e+00
