0.000000000000000000e+00 2.119974463588545754e-03 1.451235367810409672e-03 1.402147751532539181e-03 5.417107116995492584e-05 -5.528364303493925325e-04 -3.516944023429972410e-04 -8.391384420351776820e-04 -2.877588930788829626e-03 5.351597936704678921e-04 -9.330457645818278313e-04 -9.946418609532215772e-04
2.119974463588545754e-03 0.000000000000000000e+00 -5.146550838311694754e-04 -5.716449986727014515e-04 7.740720960856577659e-04 7.393506326302370967e-04 -1.847086491014129537e-04 2.870185367545004880e-04 -7.321649707159367691e-04 2.586299916517448435e-04 1.568876960917145198e-04 -4.248079885830346883e-04
1.451235367810409672e-03 -5.146550838311694754e-04 0.000000000000000000e+00 2.449418971935166762e-04 2.027514963847152707e-04 7.764575748002965896e-04 -3.921759756228038228e-04 -8.048151383493718197e-05 -1.255787516848905216e-03 1.298757211997634555e-04 2.079813574925984713e-04 8.629817690143615997e-05
1.402147751532539181e-03 -5.716449986727014515e-04 2.449418971935166762e-04 0.000000000000000000e+00 -8.196790591234415181e-04 1.184630605375511215e-04 5.813964911501130674e-04 5.397330477915229406e-04 4.242925759980385411e-04 3.088829701583686946e-04 -2.698649996642605263e-04 1.702330811587100096e-04
5.417107116995492584e-05 7.740720960856577659e-04 2.027514963847152707e-04 -8.196790591234415181e-04 0.000000000000000000e+00 2.652442814993925455e-05 -3.315765026898882892e-04 9.351293686600584381e-05 3.453388467305814214e-04 -4.745602533367985977e-04 9.278165446694244055e-06 2.333115489943385313e-04
-5.528364303493925325e-04 7.393506326302370967e-04 7.764575748002965896e-04 1.184630605375511215e-04 2.652442814993925455e-05 0.000000000000000000e+00 1.960382733211125375e-04 5.371060500148235311e-04 1.637527605535810679e-03 2.623484196664440412e-04 4.203548043277668868e-04 5.401001701778722916e-04
-3.516944023429972410e-04 -1.847086491014129537e-04 -3.921759756228038228e-04 5.813964911501130674e-04 -3.315765026898882892e-04 1.960382733211125375e-04 0.000000000000000000e+00 3.289944652055198731e-04 -1.695296317239251740e-04 -8.074915104817801358e-04 3.243535997021071361e-05 -1.496069276772695085e-03
-8.391384420351776820e-04 2.870185367545004880e-04 -8.048151383493718197e-05 5.397330477915229406e-04 9.351293686600584381e-05 5.371060500148235311e-04 3.289944652055198731e-04 0.000000000000000000e+00 -1.126798275962529854e-05 1.342307411844976953e-04 -3.048634226951546840e-06 6.688680073066126516e-04
-2.877588930788829626e-03 -7.321649707159367691e-04 -1.255787516848905216e-03 4.242925759980385411e-04 3.453388467305814214e-04 1.637527605535810679e-03 -1.695296317239251740e-04 -1.126798275962529854e-05 0.000000000000000000e+00 3.874627985588214565e-05 -6.209639760684288650e-04 8.127899608353542733e-04
5.351597936704678921e-04 2.586299916517448435e-04 1.298757211997634555e-04 3.088829701583686946e-04 -4.745602533367985977e-04 2.623484196664440412e-04 -8.074915104817801358e-04 1.342307411844976953e-04 3.874627985588214565e-05 0.000000000000000000e+00 2.428403829174806004e-04 -4.648363829917425338e-04
-9.330457645818278313e-04 1.568876960917145198e-04 2.079813574925984713e-04 -2.698649996642605263e-04 9.278165446694244055e-06 4.203548043277668868e-04 3.243535997021071361e-05 -3.048634226951546840e-06 -6.209639760684288650e-04 2.428403829174806004e-04 0.000000000000000000e+00 2.876482919235914685e-04
-9.946418609532215772e-04 -4.248079885830346883e-04 8.629817690143615997e-05 1.702330811587100096e-04 2.333115489943385313e-04 5.401001701778722916e-04 -1.496069276772695085e-03 6.688680073066126516e-04 8.127899608353542733e-04 -4.648363829917425338e-04 2.876482919235914685e-04 0.000000000000000000e+00
