0.000000000000000000e+00 1.340596742010195959e-04 -3.597243100360382516e-04 -1.015585091189805979e-03 -2.864105564957673453e-04 -4.512759278962919255e-04 1.233540411582905111e-03 -2.530034336256226763e-04 1.299567042785604223e-03 -3.330960782183706474e-04 6.427202702550295361e-05 -4.751245722758953188e-05
1.340596742010195959e-04 0.000000000000000000e+00 2.025138889600791093e-04 -5.663855955718062607e-04 8.108374742334413781e-04 -2.949762191990979964e-05 -1.011376700591345924e-04 2.561163454644035156e-05 1.915676467357569528e-04 -1.374673356847067875e-04 4.539312682466732207e-05 -2.621737170485888388e-04
-3.597243100360382516e-04 2.025138889600791093e-04 0.000000000000000000e+00 1.172773824564521481e-03 1.655105064755090860e-03 7.606280380812112895e-05 -7.853881917814335440e-04 -8.363068902535161818e-04 1.328265250254309811e-03 4.168805636575851855e-04 5.737464753472746497e-04 1.439776731828918300e-04
-1.015585091189805979e-03 -5.663855955718062607e-04 1.172773824564521481e-03 0.000000000000000000e+00 -4.567363532525866459e-04 1.018104188563248276e-03 4.146355091482861982e-04 -2.197495620002723688e-04 1.737257966795966498e-03 -4.005709345421448915e-04 6.774107613025289734e-04 -2.535650237784356845e-04
-2.864105564957673453e-04 8.108374742334413781e-04 1.655105064755090860e-03 -4.567363532525866459e-04 0.000000000000000000e+00 -1.454189959365163312e-04 -1.461432872267812589e-03 -7.002906063780768792e-04 -1.363966321257964985e-03 6.635402825966116996e-04 -3.365566729425796522e-04 7.543263139193674303e-04
-4.512759278962919255e-04 -2.949762191990979964e-05 7.606280380812112895e-05 1.018104188563248276e-03 -1.454189959365163312e-04 0.000000000000000000e+00 1.116083807789488213e-03 -8.137907724324315475e-05 6.438991641526033713e-04 -1.816314598897676214e-04 4.389272778900631545e-04 6.118952038356833536e-04
1.233540411582905111e-03 -1.011376700591345924e-04 -7.853881917814335440e-04 4.146355091482861982e-04 -1.461432872267812589e-03 1.116083807789488213e-03 0.000000000000000000e+00 1.510017299933357230e-03 2.622103966726847205e-03 4.440475561332466988e-04 4.340094399169817062e-04 1.538871837518188731e-03
-2.530034336256226763e-04 2.561163454644035156e-05 -8.363068902535161818e-04 -2.197495620002723688e-04 -7.002906063780768792e-04 -8.137907724324315475e-05 1.510017299933357230e-03 0.000000000000000000e+00 2.424909131336701221e-04 7.545415733698957904e-04 -5.701069153103832795e-04 -3.683218996677325237e-04
1.299567042785604223e-03 1.915676467357569528e-04 1.328265250254309811e-03 1.737257966795966498e-03 -1.363966321257964985e-03 6.438991641526033713e-04 2.622103966726847205e-03 2.424909131336701221e-04 0.000000000000000000e+00 -1.102382098681541078e-03 -9.284878696096085006e-05 -1.038135182838306378e-04
-3.330960782183706474e-04 -1.374673356847067875e-04 4.168805636575851855e-04 -4.005709345421448915e-04 6.635402825966116996e-04 -1.816314598897676214e-04 4.440475561332466988e-04 7.545415733698957904e-04 -1.102382098681541078e-03 0.000000000000000000e+00 1.421195805259451177e-04 3.950277152217766580e-04
6.427202702550295361e-05 4.539312682466732207e-05 5.737464753472746497e-04 6.774107613025289734e-04 -3.365566729425796522e-04 4.389272778900631545e-04 4.340094399169817062e-04 -5.701069153103832795e-04 -9.284878696096085006e-05 1.421195805259451177e-04 0.000000000000000000e+00 -2.275374844537599180e-04
-4.751245722758953188e-05 -2.621737170485888388e-04 1.439776731828918300e-04 -2.535650237784356845e-04 7.543263139193674303e-04 6.118952038356833536e-04 1.538871837518188731e-03 -3.683218996677325237e-04 -1.038135182838306378e-04 3.950277152217766580e-04 -2.275374844537599180e-04 0.000000000000000000e+00
