0.000000000000000000e+00 -1.948837963657328227e-04 7.384890232624553809e-04 -1.399395766670204861e-03 9.342584051950041622e-04 3.372741280046473379e-04 2.265880577300191656e-03 -8.555106321056169807e-05 5.482413627911198297e-04 6.258260543602608755e-04 -5.866337084228415806e-04 -2.015804699524141467e-04
-1.948837963657328227e-04 0.000000000000000000e+00 2.512347696364598424e-04 -9.506219453546023435e-04 1.624363395878060509e-04 1.062911044208960320e-04 2.006524619300127708e-04 2.230837996233865801e-04 -5.764209819989651222e-05 -5.009253080417613076e-04 -1.045552860120039476e-04 -1.336454737400806102e-04
7.384890232624553809e-04 2.512347696364598424e-04 0.000000000000000000e+00 -3.217392728933602297e-04 -7.705250953793247584e-04 -3.694270925370170830e-04 2.137366611345334518e-03 1.877530431275057743e-04 8.596929594635563561e-04 -4.711297921278817698e-04 9.591860581226239026e-04 4.066045370151263492e-04
-1.399395766670204861e-03 -9.506219453546023435e-04 -3.217392728933602297e-04 0.000000000000000000e+00 2.618702337353769581e-04 1.266163228849929512e-03 -2.661974247501731460e-03 5.901212182174075602e-04 2.939242348517084012e-03 -1.709775667538847692e-05 8.490579780031431642e-04 2.932829915253485492e-04
9.342584051950041622e-04 1.624363395878060509e-04 -7.705250953793247584e-04 2.618702337353769581e-04 0.000000000000000000e+00 -1.303302564351866235e-04 1.680273776590293297e-03 -1.747600842648193930e-04 5.719632442838043247e-04 -8.624544811578869910e-04 -4.981422093017681121e-04 -7.433526824965065423e-05
3.372741280046473379e-04 1.062911044208960320e-04 -3.694270925370170830e-04 1.266163228849929512e-03 -1.303302564351866235e-04 0.000000000000000000e+00 4.043549445704185705e-04 -7.066027570926563302e-04 -1.284018093422500853e-04 5.058390374814174581e-05 -5.040145030260376018e-04 3.726620586760459597e-04
2.265880577300191656e-03 2.006524619300127708e-04 2.137366611345334518e-03 -2.661974247501731460e-03 1.680273776590293297e-03 4.043549445704185705e-04 0.000000000000000000e+00 -1.459938161555897600e-03 -1.194733699132807109e-03 -1.461394743040693401e-03 1.075199424322089824e-03 2.490534235181240019e-04
-8.555106321056169807e-05 2.230837996233865801e-04 1.877530431275057743e-04 5.901212182174075602e-04 -1.747600842648193930e-04 -7.066027570926563302e-04 -1.459938161555897600e-03 0.000000000000000000e+00 8.390160220607697063e-04 -6.957311072845912556e-04 5.268503584215261139e-04 1.046839912922779050e-04
5.482413627911198297e-04 -5.764209819989651222e-05 8.596929594635563561e-04 2.939242348517084012e-03 5.719632442838043247e-04 -1.284018093422500853e-04 -1.194733699132807109e-03 8.390160220607697063e-04 0.000000000000000000e+00 1.982906995280975845e-04 2.863184576904404303e-04 5.536478368045966375e-04
6.258260543602608755e-04 -5.009253080417613076e-04 -4.711297921278817698e-04 -1.709775667538847692e-05 -8.624544811578869910e-04 5.058390374814174581e-05 -1.461394743040693401e-03 -6.957311072845912556e-04 1.982906995280975845e-04 0.000000000000000000e+00 3.797796098241641044e-04 4.538869397748331730e-04
-5.866337084228415806e-04 -1.045552860120039476e-04 9.591860581226239026e-04 8.490579780031431642e-04 -4.981422093017681121e-04 -5.040145030260376018e-04 1.075199424322089824e-03 5.268503584215261139e-04 2.863184576904404303e-04 3.797796098241641044e-04 0.000000000000000000e+00 6.852644694432166847e-05
-2.015804699524141467e-04 -1.336454737400806102e-04 4.066045370151263492e-04 2.932829915253485492e-04 -7.433526824965065423e-05 3.726620586760459597e-04 2.490534235181240019e-04 1.046839912922779050e-04 5.536478368045966375e-04 4.538869397748331730e-04 6.852644694432166847e-05 0.000000000000000000e+00
