0.000000000000000000e+00 1.368706765289014245e-05 1.295803438972253560e-04 5.199151973745617478e-05 -2.147924913863231782e-04 -2.775224727851690232e-04 6.663782971865908698e-05 5.406206505351822660e-04 -2.978689421734287000e-04 -5.283695549681012549e-05 -3.816688145293746590e-04 3.010469944725281612e-04
1.368706765289014245e-05 0.000000000000000000e+00 -8.729178055418591734e-05 7.755375603111842485e-04 3.763056924889973068e-05 -4.894245751641685934e-04 -4.767382534352718887e-04 3.100443467369576561e-04 -2.703925524431905272e-04 -4.754630987775929009e-04 -2.209316824085292099e-04 -5.629166694131492637e-04
1.295803438972253560e-04 -8.729178055418591734e-05 0.000000000000000000e+00 -1.461126701791520171e-03 -3.660429666745433804e-04 -4.711455884361690025e-04 5.363041226377178320e-04 5.727671311781723420e-04 -2.662485021944781846e-04 2.198719656078401967e-04 2.975447355389271385e-04 2.122644771075297119e-04
5.199151973745617478e-05 7.755375603111842485e-04 -1.461126701791520171e-03 0.000000000000000000e+00 7.622839389723285938e-04 -2.824591052183119216e-05 2.963516975549727612e-03 -6.238698797693204500e-05 9.163502228493884856e-04 -5.702611541235617530e-04 -6.978240396150693550e-04 1.487954909711304650e-03
-2.147924913863231782e-04 3.763056924889973068e-05 -3.660429666745433804e-04 7.622839389723285938e-04 0.000000000000000000e+00 -1.116428539337234200e-03 3.824454706363034171e-03 -9.963106272830044366e-04 1.586533242478413213e-03 1.005455400127543229e-03 6.176915511565095026e-04 -1.191170469816834384e-03
-2.775224727851690232e-04 -4.894245751641685934e-04 -4.711455884361690025e-04 -2.824591052183119216e-05 -1.116428539337234200e-03 0.000000000000000000e+00 -1.008419999085067697e-03 -4.952993781182805444e-04 -4.796106414498062459e-05 2.028357181133844090e-04 1.226273841762971013e-04 1.888629302102601466e-04
6.663782971865908698e-05 -4.767382534352718887e-04 5.363041226377178320e-04 2.963516975549727612e-03 3.824454706363034171e-03 -1.008419999085067697e-03 0.000000000000000000e+00 2.232486881142118523e-04 -2.429312023338587451e-03 8.336769028967613631e-04 1.250030198072070095e-03 9.339535178252689456e-04
5.406206505351822660e-04 3.100443467369576561e-04 5.727671311781723420e-04 -6.238698797693204500e-05 -9.963106272830044366e-04 -4.952993781182805444e-04 2.232486881142118523e-04 0.000000000000000000e+00 -4.816272511589532153e-04 4.054805035749266587e-04 -4.935577266388895120e-04 4.604444811909243576e-04
-2.978689421734287000e-04 -2.703925524431905272e-04 -2.662485021944781846e-04 9.163502228493884856e-04 1.586533242478413213e-03 -4.796106414498062459e-05 -2.429312023338587451e-03 -4.816272511589532153e-04 0.000000000000000000e+00 6.507704382712917136e-04 -7.021125084379039368e-04 2.699167949687306914e-04
-5.283695549681012549e-05 -4.754630987775929009e-04 2.198719656078401967e-04 -5.702611541235617530e-04 1.005455400127543229e-03 2.028357181133844090e-04 8.336769028967613631e-04 4.054805035749266587e-04 6.507704382712917136e-04 0.000000000000000000e+00 -2.034906071752061278e-04 1.041174106366879351e-04
-3.816688145293746590e-04 -2.209316824085292099e-04 2.975447355389271385e-04 -6.978240396150693550e-04 6.176915511565095026e-04 1.226273841762971013e-04 1.250030198072070095e-03 -4.935577266388895120e-04 -7.021125084379039368e-04 -2.034906071752061278e-04 0.000000000000000000e+00 1.749144915906082262e-04
3.010469944725281612e-04 -5.629166694131492637e-04 2.122644771075297119e-04 1.487954909711304650e-03 -1.191170469816834384e-03 1.888629302102601466e-04 9.339535178252689456e-04 4.604444811909243576e-04 2.699167949687306914e-04 1.041174106366879351e-04 1.749144915906082262e-04 0.000000000000000000e+00
