0.000000000000000000e+00 -9.476830030421263379e-05 -7.793382085623080198e-04 9.142588147484832393e-04 1.050528123465369014e-03 -3.941065887935598310e-04 9.353040061765670451e-04 3.041899530665902857e-04 1.020079932615435442e-04 2.966252406779600515e-04 2.854118105398235344e-05 -6.112729771959160075e-05
-9.476830030421263379e-05 0.000000000000000000e+00 5.169876715601662027e-04 -6.359560600545408971e-04 2.888323704327260401e-04 -5.334337158714668554e-04 6.458445906295125476e-04 -4.599054304868429861e-04 5.774011528466843754e-04 -1.765124206912362754e-04 -2.770850039233918247e-04 2.386864674349204938e-05
-7.793382085623080198e-04 5.169876715601662027e-04 0.000000000000000000e+00 5.420168130137339004e-04 1.222517867492851646e-03 -2.791940339167145674e-04 4.841563616341666406e-04 -7.271043248736514279e-04 -2.867562034177437939e-04 3.010723600352751867e-04 4.122124754893081544e-04 -1.844827981598523927e-04
9.142588147484832393e-04 -6.359560600545408971e-04 5.420168130137339004e-04 0.000000000000000000e+00 1.684278037489719436e-03 1.224290786263378464e-03 -2.579249512642718678e-03 1.638159325293822349e-04 1.168794732572548539e-03 4.733260170854054386e-05 -1.326330411982087898e-03 -6.463731400541486167e-04
1.050528123465369014e-03 2.888323704327260401e-04 1.222517867492851646e-03 1.684278037489719436e-03 0.000000000000000000e+00 -1.764057739937470264e-04 -2.273626878855875173e-03 8.883612044400016582e-04 8.714841988911555589e-05 -1.414414474426563750e-04 1.341544595681265180e-04 3.535266166181039648e-04
-3.941065887935598310e-04 -5.334337158714668554e-04 -2.791940339167145674e-04 1.224290786263378464e-03 -1.764057739937470264e-04 0.000000000000000000e+00 1.531316260516916213e-03 -8.725300971637421632e-05 -3.110334943237377608e-04 -1.300386014115696243e-04 -6.231582131880954991e-04 -3.256028742970872329e-04
9.353040061765670451e-04 6.458445906295125476e-04 4.841563616341666406e-04 -2.579249512642718678e-03 -2.273626878855875173e-03 1.531316260516916213e-03 0.000000000000000000e+00 1.539106132855780134e-03 3.282535081523097354e-03 9.035018313532592596e-04 -2.229123750582252231e-04 -8.015058568413675972e-04
3.041899530665902857e-04 -4.599054304868429861e-04 -7.271043248736514279e-04 1.638159325293822349e-04 8.883612044400016582e-04 -8.725300971637421632e-05 1.539106132855780134e-03 0.000000000000000000e+00 1.478523711817351623e-03 -4.033811279936055341e-04 -2.068030926275474018e-04 -6.383965159069082359e-05
1.020079932615435442e-04 5.774011528466843754e-04 -2.867562034177437939e-04 1.168794732572548539e-03 8.714841988911555589e-05 -3.110334943237377608e-04 3.282535081523097354e-03 1.478523711817351623e-03 0.000000000000000000e+00 2.856803296152906984e-04 -7.659568795583073008e-04 2.227617325747678872e-04
2.966252406779600515e-04 -1.765124206912362754e-04 3.010723600352751867e-04 4.733260170854054386e-05 -1.414414474426563750e-04 -1.300386014115696243e-04 9.035018313532592596e-04 -4.033811279936055341e-04 2.856803296152906984e-04 0.000000000000000000e+00 3.679390720037802325e-04 -2.409013013136283615e-04
2.854118105398235344e-05 -2.770850039233918247e-04 4.122124754893081544e-04 -1.326330411982087898e-03 1.341544595681265180e-04 -6.231582131880954991e-04 -2.229123750582252231e-04 -2.068030926275474018e-04 -7.659568795583073008e-04 3.679390720037802325e-04 0.000000000000000000e+00 -3.863572350518080828e-04
-6.112729771959160075e-05 2.386864674349204938e-05 -1.844827981598523927e-04 -6.463731400541486167e-04 3.535266166181039648e-04 -3.256028742970872329e-04 -8.015058568413675972e-04 -6.383965159069082359e-05 2.227617325747678872e-04 -2.409013013136283615e-04 -3.863572350518080828e-04 0.000000000000000000e+00
