0.000000000000000000e+00 -3.804746478312427010e-04 3.538203861085025079e-04 8.591697225055842371e-04 -9.272061785403849224e-04 -6.099905892724779601e-05 -2.425316563435915768e-04 5.882355960693365707e-04 -4.290785540336283831e-04 8.552258236147261550e-05 -1.119598018191270345e-04 -1.906669529115065181e-04
-3.804746478312427010e-04 0.000000000000000000e+00 -2.062313035564091194e-04 3.451953617008157466e-04 -5.746687826304787286e-04 7.016930022516563049e-04 -7.616267561701721076e-04 2.897609490832777517e-04 -6.603058821314022409e-04 -2.103481979208222951e-04 3.716746292506976458e-06 3.820917154361744262e-04
3.538203861085025079e-04 -2.062313035564091194e-04 0.000000000000000000e+00 -5.332373919841308001e-04 -7.212106019833671409e-04 8.949355877399567968e-05 4.537645458538169547e-04 3.210497721366450496e-04 -4.986134611595160289e-04 2.071454832600163373e-04 6.356165331222381762e-04 1.950737420245961804e-04
8.591697225055842371e-04 3.451953617008157466e-04 -5.332373919841308001e-04 0.000000000000000000e+00 -2.236149772640284861e-03 8.916740366882619810e-05 3.056098144218554347e-03 -1.403236148362774628e-04 -1.699702886641787100e-03 7.116564917053542398e-04 -1.178129856369593709e-03 9.127809940299527226e-04
-9.272061785403849224e-04 -5.746687826304787286e-04 -7.212106019833671409e-04 -2.236149772640284861e-03 0.000000000000000000e+00 -8.622290212079051705e-04 -9.022070285924014806e-04 1.118749880293461868e-03 1.383717264315980581e-03 8.137246471577500679e-04 -3.261012902451021229e-04 1.552941082561027850e-03
-6.099905892724779601e-05 7.016930022516563049e-04 8.949355877399567968e-05 8.916740366882619810e-05 -8.622290212079051705e-04 0.000000000000000000e+00 -1.130860469023148469e-03 -6.959556983787056148e-04 1.704525256232395682e-03 -1.089214401455362928e-04 -8.284251796850771853e-04 6.820028687877119312e-04
-2.425316563435915768e-04 -7.616267561701721076e-04 4.537645458538169547e-04 3.056098144218554347e-03 -9.022070285924014806e-04 -1.130860469023148469e-03 0.000000000000000000e+00 -1.162405108815448875e-03 1.568915175150319315e-03 5.894399100163797214e-04 -1.824380740795810015e-04 -7.674534844132470087e-04
5.882355960693365707e-04 2.897609490832777517e-04 3.210497721366450496e-04 -1.403236148362774628e-04 1.118749880293461868e-03 -6.959556983787056148e-04 -1.162405108815448875e-03 0.000000000000000000e+00 -7.685185815603765057e-04 -1.191663638856309717e-05 -7.282028082821552419e-05 2.773124806057191121e-04
-4.290785540336283831e-04 -6.603058821314022409e-04 -4.986134611595160289e-04 -1.699702886641787100e-03 1.383717264315980581e-03 1.704525256232395682e-03 1.568915175150319315e-03 -7.685185815603765057e-04 0.000000000000000000e+00 5.526694969316414899e-06 -5.232969840520244626e-04 -7.973534076947955606e-04
8.552258236147261550e-05 -2.103481979208222951e-04 2.071454832600163373e-04 7.116564917053542398e-04 8.137246471577500679e-04 -1.089214401455362928e-04 5.894399100163797214e-04 -1.191663638856309717e-05 5.526694969316414899e-06 0.000000000000000000e+00 2.867893356125108604e-06 2.416491910083457537e-04
-1.119598018191270345e-04 3.716746292506976458e-06 6.356165331222381762e-04 -1.178129856369593709e-03 -3.261012902451021229e-04 -8.284251796850771853e-04 -1.824380740795810015e-04 -7.282028082821552419e-05 -5.232969840520244626e-04 2.867893356125108604e-06 0.000000000000000000e+00 2.057180228492350074e-04
-1.906669529115065181e-04 3.820917154361744262e-04 1.950737420245961804e-04 9.127809940299527226e-04 1.552941082561027850e-03 6.820028687877119312e-04 -7.674534844132470087e-04 2.773124806057191121e-04 -7.973534076947955606e-04 2.416491910083457537e-04 2.057180228492350074e-04 0.000000000000000000e+00
