0.000000000000000000e+00 2.926912552440609472e-04 -8.351175366824189041e-04 -1.245482540604453848e-04 6.906055596048633763e-04 -3.901987416007792874e-04 -5.365138758538041605e-04 -7.150055010006363518e-05 -1.062767524814295704e-05 -7.107367367846767871e-04 2.733592973265975157e-04 2.467073163438697546e-04
2.926912552440609472e-04 0.000000000000000000e+00 -3.159439571587463664e-04 5.504233200016157802e-04 -3.553954474399166012e-04 -4.948246688543447847e-04 3.160331891344223990e-05 -2.134723883620783143e-04 1.053197606086713823e-04 1.362138504307411520e-03 -2.456882582686926021e-04 1.162182054574107461e-04
-8.351175366824189041e-04 -3.159439571587463664e-04 0.000000000000000000e+00 -1.961054148835008389e-03 -3.803337304428394661e-04 3.909056581119190583e-04 2.908166147301735873e-07 1.098501550996359641e-03 1.098164587133808150e-03 1.281454622059872810e-03 -8.337198238352512569e-05 2.645854897562872985e-04
-1.245482540604453848e-04 5.504233200016157802e-04 -1.961054148835008389e-03 0.000000000000000000e+00 4.037521674015280841e-04 3.068466777825933382e-04 -9.152140249896901364e-04 2.171035190502406797e-04 2.812128272904615357e-04 3.993556700620737310e-03 1.059970486169559177e-03 2.178502356486919107e-03
6.906055596048633763e-04 -3.553954474399166012e-04 -3.803337304428394661e-04 4.037521674015280841e-04 0.000000000000000000e+00 -1.840135754755380874e-04 5.376947973935674002e-05 -6.047901110874284421e-04 -1.239130770321944974e-04 -6.289919562669886314e-04 -9.429068868632264401e-05 4.236091536181487219e-04
-3.901987416007792874e-04 -4.948246688543447847e-04 3.909056581119190583e-04 3.068466777825933382e-04 -1.840135754755380874e-04 0.000000000000000000e+00 1.454934379915081991e-04 3.906341787679641370e-04 -2.548886628010915071e-04 -1.130897877881365324e-03 -9.745226258680797114e-05 4.101150141479238394e-04
-5.365138758538041605e-04 3.160331891344223990e-05 2.908166147301735873e-07 -9.152140249896901364e-04 5.376947973935674002e-05 1.454934379915081991e-04 0.000000000000000000e+00 -6.341977046422499578e-05 -2.322690928442935139e-05 1.449159378369713213e-04 1.072535053864656526e-04 9.993481173424245689e-04
-7.150055010006363518e-05 -2.134723883620783143e-04 1.098501550996359641e-03 2.171035190502406797e-04 -6.047901110874284421e-04 3.906341787679641370e-04 -6.341977046422499578e-05 0.000000000000000000e+00 7.529809805312296603e-04 2.658415706358630568e-04 -5.320197119127426273e-04 -7.128588128577940117e-04
-1.062767524814295704e-05 1.053197606086713823e-04 1.098164587133808150e-03 2.812128272904615357e-04 -1.239130770321944974e-04 -2.548886628010915071e-04 -2.322690928442935139e-05 7.529809805312296603e-04 0.000000000000000000e+00 -7.186479952225379450e-04 -1.231789261840360327e-04 2.510296753701865861e-04
-7.107367367846767871e-04 1.362138504307411520e-03 1.281454622059872810e-03 3.993556700620737310e-03 -6.289919562669886314e-04 -1.130897877881365324e-03 1.449159378369713213e-04 2.658415706358630568e-04 -7.186479952225379450e-04 0.000000000000000000e+00 -1.435999364420524008e-03 1.257107183873207388e-03
2.733592973265975157e-04 -2.456882582686926021e-04 -8.337198238352512569e-05 1.059970486169559177e-03 -9.429068868632264401e-05 -9.745226258680797114e-05 1.072535053864656526e-04 -5.320197119127426273e-04 -1.231789261840360327e-04 -1.435999364420524008e-03 0.000000000000000000e+00 1.310476437375360898e-04
2.467073163438697546e-04 1.162182054574107461e-04 2.645854897562872985e-04 2.178502356486919107e-03 4.236091536181487219e-04 4.101150141479238394e-04 9.993481173424245689e-04 -7.128588128577940117e-04 2.510296753701865861e-04 1.257107183873207388e-03 1.310476437375360898e-04 0.000000000000000000e+00
