0.000000000000000000e+00 -6.365866004322295098e-04 7.092113828525948519e-04 4.778362741047508162e-04 1.469959807127603751e-04 3.438136785957780902e-04 2.560635821150467626e-04 -8.611167383508042843e-05 -1.125273333031255553e-03 3.024566884607479515e-03 4.757126365149510187e-06 2.653573247998068153e-04
-6.365866004322295098e-04 0.000000000000000000e+00 -1.364917842429307516e-03 4.467690115728192185e-04 -7.056533310914086990e-05 -4.623647434768982578e-04 4.574736131279454575e-04 -2.186843222852142177e-04 -5.212319093269982863e-04 -2.371338995311019166e-04 2.588299019366396576e-04 7.383529119697744992e-04
7.092113828525948519e-04 -1.364917842429307516e-03 0.000000000000000000e+00 -2.416676717460293847e-03 -4.765330987175473332e-04 1.427344045974316138e-04 4.184459996495456320e-04 -4.654190074820652168e-04 -1.402050721768471116e-03 -3.919454048144539737e-03 3.027302538063273785e-04 2.860628902048224000e-05
4.778362741047508162e-04 4.467690115728192185e-04 -2.416676717460293847e-03 0.000000000000000000e+00 3.464884367872581570e-04 -6.323216409369546663e-05 -1.267797075982231769e-03 4.412039172047078385e-04 -1.722004271524316338e-03 -1.085162470729273245e-03 2.203524414498208108e-04 -1.523826766484473591e-03
1.469959807127603751e-04 -7.056533310914086990e-05 -4.765330987175473332e-04 3.464884367872581570e-04 0.000000000000000000e+00 2.666457453274382011e-04 -5.269792039485480563e-04 -2.720951455737994642e-04 -4.448450785274202712e-04 7.176918905249705070e-04 7.241395294044796086e-06 -1.254674379479832000e-04
3.438136785957780902e-04 -4.623647434768982578e-04 1.427344045974316138e-04 -6.323216409369546663e-05 2.666457453274382011e-04 0.000000000000000000e+00 -7.055269614467847561e-04 1.344621800301550507e-04 4.974729225469642604e-05 9.730253870623551240e-04 -4.187503291515281640e-05 -3.100312344409942601e-05
2.560635821150467626e-04 4.574736131279454575e-04 4.184459996495456320e-04 -1.267797075982231769e-03 -5.269792039485480563e-04 -7.055269614467847561e-04 0.000000000000000000e+00 -1.546093387144554124e-05 3.673070137072518985e-04 1.337614048617050046e-03 -4.905377399365714155e-04 1.673888341665404793e-04
-8.611167383508042843e-05 -2.186843222852142177e-04 -4.654190074820652168e-04 4.412039172047078385e-04 -2.720951455737994642e-04 1.344621800301550507e-04 -1.546093387144554124e-05 0.000000000000000000e+00 -1.287838803263799793e-04 7.947986717519085363e-04 -1.268064412358368813e-04 -5.196246842087807755e-04
-1.125273333031255553e-03 -5.212319093269982863e-04 -1.402050721768471116e-03 -1.722004271524316338e-03 -4.448450785274202712e-04 4.974729225469642604e-05 3.673070137072518985e-04 -1.287838803263799793e-04 0.000000000000000000e+00 1.350250184885392040e-03 -2.268520902075606214e-04 -1.550873661316751499e-04
3.024566884607479515e-03 -2.371338995311019166e-04 -3.919454048144539737e-03 -1.085162470729273245e-03 7.176918905249705070e-04 9.730253870623551240e-04 1.337614048617050046e-03 7.947986717519085363e-04 1.350250184885392040e-03 0.000000000000000000e+00 -1.631022552440402707e-04 5.059931976329017349e-04
4.757126365149510187e-06 2.588299019366396576e-04 3.027302538063273785e-04 2.203524414498208108e-04 7.241395294044796086e-06 -4.187503291515281640e-05 -4.905377399365714155e-04 -1.268064412358368813e-04 -2.268520902075606214e-04 -1.631022552440402707e-04 0.000000000000000000e+00 1.850496475585813926e-04
2.653573247998068153e-04 7.383529119697744992e-04 2.860628902048224000e-05 -1.523826766484473591e-03 -1.254674379479832000e-04 -3.100312344409942601e-05 1.673888341665404793e-04 -5.196246842087807755e-04 -1.550873661316751499e-04 5.059931976329017349e-04 1.850496475585813926e-04 0.000000000000000000e+00
