0.000000000000000000e+00 -2.033429421958893887e-04 1.850086783826063869e-03 -1.637815978560062989e-03 8.640796829950440038e-04 -5.913871811823725663e-04 5.403924382576948907e-04 2.869697263621742754e-04 -1.286687174342296576e-03 9.952264514714159044e-04 4.157056448184666799e-04 -1.606763908466085004e-04
-2.033429421958893887e-04 0.000000000000000000e+00 -6.603663359954113025e-04 2.823092375755025213e-04 4.149515974027361584e-04 -4.368920383993204841e-04 3.784553917239540495e-05 -4.387347798140496828e-04 -4.489425376606435720e-04 -7.039518688778803734e-06 -5.844160997101796031e-04 5.015172058031219836e-04
1.850086783826063869e-03 -6.603663359954113025e-04 0.000000000000000000e+00 -2.265238845404490375e-04 7.880676269348578034e-04 -1.100009116683976925e-04 -4.831224789050999843e-04 -3.976315073445585782e-04 1.127815140826883902e-03 -1.908731632268826804e-03 -2.958313879207462868e-04 -2.656286236160216273e-04
-1.637815978560062989e-03 2.823092375755025213e-04 -2.265238845404490375e-04 0.000000000000000000e+00 9.865938138115306342e-05 5.748654014516906084e-04 4.627510115800507898e-04 1.088257931256085076e-03 6.577889997627496630e-04 1.317667047173509470e-03 1.096773827487697826e-03 7.672925013471566455e-04
8.640796829950440038e-04 4.149515974027361584e-04 7.880676269348578034e-04 9.865938138115306342e-05 0.000000000000000000e+00 -5.483698994278816139e-04 -4.446244155768930111e-04 1.745040640200980556e-04 -1.142806807613518279e-04 1.831816832034913623e-03 7.416755789755757509e-05 6.414473090345303467e-04
-5.913871811823725663e-04 -4.368920383993204841e-04 -1.100009116683976925e-04 5.748654014516906084e-04 -5.483698994278816139e-04 0.000000000000000000e+00 9.633285556314163955e-05 5.383953128715579777e-04 -1.014008943567546687e-04 -2.357907047700291513e-05 3.506599760542914996e-04 5.037080536800266333e-04
5.403924382576948907e-04 3.784553917239540495e-05 -4.831224789050999843e-04 4.627510115800507898e-04 -4.446244155768930111e-04 9.633285556314163955e-05 0.000000000000000000e+00 -3.580146942650360093e-04 5.509124268091446404e-04 6.226387678950136458e-04 -3.143498280038715302e-04 4.309113022255420863e-04
2.869697263621742754e-04 -4.387347798140496828e-04 -3.976315073445585782e-04 1.088257931256085076e-03 1.745040640200980556e-04 5.383953128715579777e-04 -3.580146942650360093e-04 0.000000000000000000e+00 6.035332688767707388e-04 4.866245219583198900e-04 4.275765191088408065e-04 -1.374756186367044662e-05
-1.286687174342296576e-03 -4.489425376606435720e-04 1.127815140826883902e-03 6.577889997627496630e-04 -1.142806807613518279e-04 -1.014008943567546687e-04 5.509124268091446404e-04 6.035332688767707388e-04 0.000000000000000000e+00 -1.887066827454316831e-03 -3.717472392419570457e-04 -7.047524075484739225e-05
9.952264514714159044e-04 -7.039518688778803734e-06 -1.908731632268826804e-03 1.317667047173509470e-03 1.831816832034913623e-03 -2.357907047700291513e-05 6.226387678950136458e-04 4.866245219583198900e-04 -1.887066827454316831e-03 0.000000000000000000e+00 -7.632362009120935301e-04 -9.544422948046337287e-04
4.157056448184666799e-04 -5.844160997101796031e-04 -2.958313879207462868e-04 1.096773827487697826e-03 7.416755789755757509e-05 3.506599760542914996e-04 -3.143498280038715302e-04 4.275765191088408065e-04 -3.717472392419570457e-04 -7.632362009120935301e-04 0.000000000000000000e+00 2.908673200132408875e-04
-1.606763908466085004e-04 5.015172058031219836e-04 -2.656286236160216273e-04 7.672925013471566455e-04 6.414473090345303467e-04 5.037080536800266333e-04 4.309113022255420863e-04 -1.374756186367044662e-05 -7.047524075484739225e-05 -9.544422948046337287e-04 2.908673200132408875e-04 0.000000000000000000e+00
