0.000000000000000000e+00 -2.642708877101578664e-04 -5.666181909038819648e-04 1.055197474387714997e-03 2.751730078529268891e-04 2.991315068466456062e-04 4.427366240875577801e-04 -7.132552736458893554e-04 7.279394000238548993e-04 1.713786963540936078e-04 -5.755655988579007646e-04 1.108589496346625795e-03
-2.642708877101578664e-04 0.000000000000000000e+00 -6.105621235468744858e-04 -1.352085888754662579e-03 2.067354093758233253e-04 -7.757286642504372578e-05 -3.487401863035490294e-04 -1.709856105740111811e-04 1.294686672511608330e-04 -1.705681549349241568e-03 2.991996073501649992e-04 1.425614030295074245e-04
-5.666181909038819648e-04 -6.105621235468744858e-04 0.000000000000000000e+00 -4.606484521855504764e-04 3.570101610242072589e-04 1.291133552316440277e-03 2.316985599790945781e-06 -1.191950945405966401e-03 -9.459405701149497560e-04 1.743238015703311083e-03 -4.504114098098955534e-04 2.689730656437246017e-04
1.055197474387714997e-03 -1.352085888754662579e-03 -4.606484521855504764e-04 0.000000000000000000e+00 -4.488525646517193884e-04 4.899563752455498526e-04 6.875139573545848782e-04 -4.935752573681458956e-04 1.245591801069793935e-03 -2.837797462627728202e-03 1.039780503433187413e-03 8.011969196540737106e-04
2.751730078529268891e-04 2.067354093758233253e-04 3.570101610242072589e-04 -4.488525646517193884e-04 0.000000000000000000e+00 7.887615938069967301e-05 2.408444042445523423e-04 -7.243141930154256818e-05 3.733581114578727288e-04 1.176779727183675014e-03 -4.800216774347145702e-04 -5.405913332920036845e-04
2.991315068466456062e-04 -7.757286642504372578e-05 1.291133552316440277e-03 4.899563752455498526e-04 7.887615938069967301e-05 0.000000000000000000e+00 -3.302491921855498251e-04 -4.377790952712666897e-04 -6.850103411441916743e-04 -2.896239468451478885e-04 2.334063505031555737e-04 5.077911629512798066e-04
4.427366240875577801e-04 -3.487401863035490294e-04 2.316985599790945781e-06 6.875139573545848782e-04 2.408444042445523423e-04 -3.302491921855498251e-04 0.000000000000000000e+00 4.230418169785094516e-05 4.538328732190078318e-04 1.582144733955383620e-03 1.114122122601922073e-04 9.231294711432563166e-04
-7.132552736458893554e-04 -1.709856105740111811e-04 -1.191950945405966401e-03 -4.935752573681458956e-04 -7.243141930154256818e-05 -4.377790952712666897e-04 4.230418169785094516e-05 0.000000000000000000e+00 -1.298949408691439070e-04 1.320811718014505134e-03 1.910532113636360951e-04 4.765782803306877705e-04
7.279394000238548993e-04 1.294686672511608330e-04 -9.459405701149497560e-04 1.245591801069793935e-03 3.733581114578727288e-04 -6.850103411441916743e-04 4.538328732190078318e-04 -1.298949408691439070e-04 0.000000000000000000e+00 1.133878914719160282e-03 1.074881164300910981e-04 -4.342109957174700424e-04
1.713786963540936078e-04 -1.705681549349241568e-03 1.743238015703311083e-03 -2.837797462627728202e-03 1.176779727183675014e-03 -2.896239468451478885e-04 1.582144733955383620e-03 1.320811718014505134e-03 1.133878914719160282e-03 0.000000000000000000e+00 -9.773462058831031314e-04 2.558845010899638960e-03
-5.755655988579007646e-04 2.991996073501649992e-04 -4.504114098098955534e-04 1.039780503433187413e-03 -4.800216774347145702e-04 2.334063505031555737e-04 1.114122122601922073e-04 1.910532113636360951e-04 1.074881164300910981e-04 -9.773462058831031314e-04 0.000000000000000000e+00 8.606048896266609146e-04
1.108589496346625795e-03 1.425614030295074245e-04 2.689730656437246017e-04 8.011969196540737106e-04 -5.405913332920036845e-04 5.077911629512798066e-04 9.231294711432563166e-04 4.765782803306877705e-04 -4.342109957174700424e-04 2.558845010899638960e-03 8.606048896266609146e-04 0.000000000000000000e+00
