0.000000000000000000e+00 -4.832050895357608102e-04 -1.884915969415922130e-03 -1.902706033190977412e-03 -4.329463324487295406e-04 -3.055828923382665810e-04 -2.117617848101428953e-03 8.235265618273432094e-04 1.816134737468607730e-03 -4.472792362358673731e-04 1.152996911050549553e-03 1.370305439512478217e-04
-4.832050895357608102e-04 0.000000000000000000e+00 -1.900682781411079208e-05 1.677598660773175197e-04 -8.469922716238816691e-05 1.832077114324980732e-04 -2.546408548215690405e-04 8.389184733831755612e-04 -1.291583167361205417e-03 -2.887564605598701194e-04 -3.081695288088500464e-06 5.932711189678629374e-04
-1.884915969415922130e-03 -1.900682781411079208e-05 0.000000000000000000e+00 -6.968535106711902212e-04 6.267341167929640737e-04 -5.022661830841146195e-04 -1.246616756035318204e-03 3.797003478221810100e-04 1.655607636525814391e-03 4.272106266755412913e-04 1.188813797044511517e-04 2.000499512019184413e-04
-1.902706033190977412e-03 1.677598660773175197e-04 -6.968535106711902212e-04 0.000000000000000000e+00 -4.703325187988774091e-06 -2.423898207100094737e-04 6.539895763123824762e-04 9.055640961742112598e-04 -1.159246103294380922e-03 4.940686699152556068e-04 2.124167089383436518e-04 -1.512441571178764878e-03
-4.329463324487295406e-04 -8.469922716238816691e-05 6.267341167929640737e-04 -4.703325187988774091e-06 0.000000000000000000e+00 -8.678393901994253118e-05 -7.488113134706627814e-04 1.756151293512915915e-04 4.854679363362450354e-04 -1.587373292155486160e-04 1.039800226659678452e-03 -4.199618644700188973e-04
-3.055828923382665810e-04 1.832077114324980732e-04 -5.022661830841146195e-04 -2.423898207100094737e-04 -8.678393901994253118e-05 0.000000000000000000e+00 -5.019603122995579302e-04 -1.000153982890315982e-05 -6.286473402713035116e-04 -3.485712218080999842e-04 1.241845329047841051e-04 -3.522253857283719962e-04
-2.117617848101428953e-03 -2.546408548215690405e-04 -1.246616756035318204e-03 6.539895763123824762e-04 -7.488113134706627814e-04 -5.019603122995579302e-04 0.000000000000000000e+00 -1.384426141043288610e-03 -3.372472240583635535e-03 3.972933155908952197e-05 1.226146615804299921e-03 -1.032081893851137218e-03
8.235265618273432094e-04 8.389184733831755612e-04 3.797003478221810100e-04 9.055640961742112598e-04 1.756151293512915915e-04 -1.000153982890315982e-05 -1.384426141043288610e-03 0.000000000000000000e+00 5.796180690388047898e-04 2.314341373797398069e-04 -1.173674461867587129e-04 4.976907425441756360e-06
1.816134737468607730e-03 -1.291583167361205417e-03 1.655607636525814391e-03 -1.159246103294380922e-03 4.854679363362450354e-04 -6.286473402713035116e-04 -3.372472240583635535e-03 5.796180690388047898e-04 0.000000000000000000e+00 3.030603019797313839e-04 5.967329227500055202e-04 -2.437718494092220873e-03
-4.472792362358673731e-04 -2.887564605598701194e-04 4.272106266755412913e-04 4.940686699152556068e-04 -1.587373292155486160e-04 -3.485712218080999842e-04 3.972933155908952197e-05 2.314341373797398069e-04 3.030603019797313839e-04 0.000000000000000000e+00 -2.840980441912591484e-04 2.348885986498885502e-04
1.152996911050549553e-03 -3.081695288088500464e-06 1.188813797044511517e-04 2.124167089383436518e-04 1.039800226659678452e-03 1.241845329047841051e-04 1.226146615804299921e-03 -1.173674461867587129e-04 5.967329227500055202e-04 -2.840980441912591484e-04 0.000000000000000000e+00 2.357779634423357604e-04
1.370305439512478217e-04 5.932711189678629374e-04 2.000499512019184413e-04 -1.512441571178764878e-03 -4.199618644700188973e-04 -3.522253857283719962e-04 -1.032081893851137218e-03 4.976907425441756360e-06 -2.437718494092220873e-03 2.348885986498885502e-04 2.357779634423357604e-04 0.000000000000000000e+00
