0.000000000000000000e+00 -3.373863895943009510e-04 7.016396404834388499e-04 -1.695948032253970835e-03 6.731384618906291429e-04 1.537462453293560205e-04 1.315620515593099666e-03 -6.849379648437746914e-04 3.382310959636540722e-03 7.761696303202477668e-04 2.268299184018849029e-04 -5.187827134591207427e-04
-3.373863895943009510e-04 0.000000000000000000e+00 -5.889176179738818103e-05 8.419501616956129818e-05 -2.071997538689747387e-04 -9.770226895028243542e-05 5.921610547496935053e-04 2.915750858135760524e-04 4.242646725194490270e-04 -2.523148807765077822e-04 -7.775845479808785564e-04 -5.223945519899738434e-05
7.016396404834388499e-04 -5.889176179738818103e-05 0.000000000000000000e+00 -1.153273113858238255e-04 -1.393863618239874619e-04 -2.609490482482809248e-04 -9.174074113495879305e-04 -2.659734205413649384e-04 -1.034040571022119983e-04 -5.025898931582104857e-04 -5.318791959750740267e-04 -1.508574298062383254e-04
-1.695948032253970835e-03 8.419501616956129818e-05 -1.153273113858238255e-04 0.000000000000000000e+00 6.868536953692279835e-04 8.363406169181492140e-06 1.049887276981887729e-03 -1.117260650647372263e-03 -4.777470835990114397e-04 5.486684116387543185e-04 8.326317119733100784e-04 4.850954886547387463e-04
6.731384618906291429e-04 -2.071997538689747387e-04 -1.393863618239874619e-04 6.868536953692279835e-04 0.000000000000000000e+00 8.442430962221795035e-05 -4.757862998465757520e-04 -1.467600209781422217e-04 -1.991043668621847381e-05 1.259555770929949386e-05 -3.355095525432581798e-05 -4.714868962053769103e-04
1.537462453293560205e-04 -9.770226895028243542e-05 -2.609490482482809248e-04 8.363406169181492140e-06 8.442430962221795035e-05 0.000000000000000000e+00 1.613830448704506131e-04 -3.391464190051045064e-04 -4.343893546231272816e-04 -1.949067152366741476e-04 -1.125650472619845995e-04 -4.688148743808922089e-05
1.315620515593099666e-03 5.921610547496935053e-04 -9.174074113495879305e-04 1.049887276981887729e-03 -4.757862998465757520e-04 1.613830448704506131e-04 0.000000000000000000e+00 5.106383023720065114e-06 2.086703634691331691e-03 3.934502106473742136e-04 -4.935078382167125280e-04 -1.198716004368189248e-03
-6.849379648437746914e-04 2.915750858135760524e-04 -2.659734205413649384e-04 -1.117260650647372263e-03 -1.467600209781422217e-04 -3.391464190051045064e-04 5.106383023720065114e-06 0.000000000000000000e+00 -8.488196168075139245e-04 -2.013847038955591986e-04 -1.764796638306569230e-04 -8.446856160996236507e-04
3.382310959636540722e-03 4.242646725194490270e-04 -1.034040571022119983e-04 -4.777470835990114397e-04 -1.991043668621847381e-05 -4.343893546231272816e-04 2.086703634691331691e-03 -8.488196168075139245e-04 0.000000000000000000e+00 8.603260761304849617e-04 -3.837270547713578532e-04 -3.139758902158262680e-04
7.761696303202477668e-04 -2.523148807765077822e-04 -5.025898931582104857e-04 5.486684116387543185e-04 1.259555770929949386e-05 -1.949067152366741476e-04 3.934502106473742136e-04 -2.013847038955591986e-04 8.603260761304849617e-04 0.000000000000000000e+00 -9.282893589357304781e-05 1.483840688026360273e-04
2.268299184018849029e-04 -7.775845479808785564e-04 -5.318791959750740267e-04 8.326317119733100784e-04 -3.355095525432581798e-05 -1.125650472619845995e-04 -4.935078382167125280e-04 -1.764796638306569230e-04 -3.837270547713578532e-04 -9.282893589357304781e-05 0.000000000000000000e+00 -5.046645684695178153e-04
-5.187827134591207427e-04 -5.223945519899738434e-05 -1.508574298062383254e-04 4.850954886547387463e-04 -4.714868962053769103e-04 -4.688148743808922089e-05 -1.198716004368189248e-03 -8.446856160996236507e-04 -3.139758902158262680e-04 1.483840688026360273e-04 -5.046645684695178153e-04 0.000000000000000000e+00
