0.000000000000000000e+00 4.663100981897379694e-04 9.891255522684313042e-05 1.331888382516220560e-03 -5.430987249436469927e-04 2.811777120222105279e-04 -1.446453620055843364e-03 6.968540949034405271e-06 1.698225466498472702e-04 -7.779656416909623388e-04 -8.287460653580010174e-04 -1.220724809555148466e-03
4.663100981897379694e-04 0.000000000000000000e+00 3.932915092561827821e-04 -5.247003665315147893e-05 -1.128721370035772921e-04 1.249712290735513129e-04 -2.043106470864158636e-04 2.593504573331284957e-04 6.024136377926468146e-04 -2.072018025108775317e-04 4.321193222867036323e-04 2.779426967447157313e-04
9.891255522684313042e-05 3.932915092561827821e-04 0.000000000000000000e+00 -1.201545374426893397e-03 -6.561008075993134429e-04 3.490657721208075231e-04 1.514989979376559241e-03 -5.121116695105352854e-05 -9.553802479055986414e-04 -6.962970830212612166e-04 -5.963550265300815358e-04 -1.779418607418214418e-04
1.331888382516220560e-03 -5.247003665315147893e-05 -1.201545374426893397e-03 0.000000000000000000e+00 1.009336655853159976e-03 2.024075794795882446e-04 1.268634069393656007e-03 -1.321640193495129435e-03 2.874858380173970097e-03 -6.651654768821509611e-04 -1.052737988909392729e-03 -4.802762583738631242e-04
-5.430987249436469927e-04 -1.128721370035772921e-04 -6.561008075993134429e-04 1.009336655853159976e-03 0.000000000000000000e+00 -5.510810429040146420e-05 1.705661590356323531e-04 -1.377087167666483979e-04 -1.221201531871473830e-03 2.471780669340539727e-04 -4.493215005358828997e-04 2.938282448547354926e-04
2.811777120222105279e-04 1.249712290735513129e-04 3.490657721208075231e-04 2.024075794795882446e-04 -5.510810429040146420e-05 0.000000000000000000e+00 3.785946804406111919e-04 5.155210877812084626e-05 1.471360444386908680e-04 1.248104962409988877e-04 -1.080585071663154017e-04 -1.107374442600844022e-05
-1.446453620055843364e-03 -2.043106470864158636e-04 1.514989979376559241e-03 1.268634069393656007e-03 1.705661590356323531e-04 3.785946804406111919e-04 0.000000000000000000e+00 -1.482229425342424097e-03 -1.633617109764718984e-03 -6.889792698581287270e-04 3.853982835962186781e-04 -2.070376311284141278e-04
6.968540949034405271e-06 2.593504573331284957e-04 -5.121116695105352854e-05 -1.321640193495129435e-03 -1.377087167666483979e-04 5.155210877812084626e-05 -1.482229425342424097e-03 0.000000000000000000e+00 -1.234209281993379386e-03 1.305962543175255292e-04 -4.737914865262071707e-04 -5.594656341668653807e-05
1.698225466498472702e-04 6.024136377926468146e-04 -9.553802479055986414e-04 2.874858380173970097e-03 -1.221201531871473830e-03 1.471360444386908680e-04 -1.633617109764718984e-03 -1.234209281993379386e-03 0.000000000000000000e+00 -3.377738808796069752e-04 1.982984725909622045e-03 2.042900376683435258e-04
-7.779656416909623388e-04 -2.072018025108775317e-04 -6.962970830212612166e-04 -6.651654768821509611e-04 2.471780669340539727e-04 1.248104962409988877e-04 -6.889792698581287270e-04 1.305962543175255292e-04 -3.377738808796069752e-04 0.000000000000000000e+00 4.632700936979134159e-04 -5.251523371222632406e-04
-8.287460653580010174e-04 4.321193222867036323e-04 -5.963550265300815358e-04 -1.052737988909392729e-03 -4.493215005358828997e-04 -1.080585071663154017e-04 3.853982835962186781e-04 -4.737914865262071707e-04 1.982984725909622045e-03 4.632700936979134159e-04 0.000000000000000000e+00 7.709018724410499025e-04
-1.220724809555148466e-03 2.779426967447157313e-04 -1.779418607418214418e-04 -4.802762583738631242e-04 2.938282448547354926e-04 -1.107374442600844022e-05 -2.070376311284141278e-04 -5.594656341668653807e-05 2.042900376683435258e-04 -5.251523371222632406e-04 7.709018724410499025e-04 0.000000000000000000e+00
