0.000000000000000000e+00 2.766084810892059263e-04 8.553022938016430123e-04 1.950898630217053845e-03 -1.399152192095586911e-03 -3.782369547399868867e-04 3.128708827769199983e-03 2.430084937440795995e-04 -2.219677201948138962e-03 3.852355385503168574e-04 -6.116031183192301244e-04 -1.347276464122619793e-03
2.766084810892059263e-04 0.000000000000000000e+00 -3.484880088192398142e-04 7.478170778986006689e-04 3.883027697022714661e-04 -4.537021197739560195e-06 -8.869899997662712091e-04 4.736759077502602751e-04 3.755531673099958686e-04 4.027411253780847303e-04 -4.970360322505224188e-04 -9.664919020803256123e-06
8.553022938016430123e-04 -3.484880088192398142e-04 0.000000000000000000e+00 -8.180153311256032353e-04 -5.478132167713144755e-05 3.908913660314732334e-05 -2.762701228826601116e-04 3.467994578853296527e-04 3.037218395335084930e-03 -8.244613358332979853e-05 -1.867563549007655128e-04 -1.302268511743636921e-03
1.950898630217053845e-03 7.478170778986006689e-04 -8.180153311256032353e-04 0.000000000000000000e+00 8.104186992152388009e-04 8.925380018885224450e-04 -6.504921562003276479e-04 -1.281458502320663114e-04 -1.493215930872806348e-03 -1.029699416902833106e-04 -6.244511948017034565e-04 -1.259375583452562383e-03
-1.399152192095586911e-03 3.883027697022714661e-04 -5.478132167713144755e-05 8.104186992152388009e-04 0.000000000000000000e+00 3.068725362484591698e-05 5.007248843691417461e-04 6.880555929783757403e-06 -3.723374219860961683e-04 6.354823777091794020e-05 2.404570489479977463e-05 6.228374449144483821e-05
-3.782369547399868867e-04 -4.537021197739560195e-06 3.908913660314732334e-05 8.925380018885224450e-04 3.068725362484591698e-05 0.000000000000000000e+00 4.616757596501008939e-04 1.454908425773145239e-04 -4.023594784563844034e-04 -4.589083603503165396e-04 -4.352379014632773370e-04 2.757317954217864677e-04
3.128708827769199983e-03 -8.869899997662712091e-04 -2.762701228826601116e-04 -6.504921562003276479e-04 5.007248843691417461e-04 4.616757596501008939e-04 0.000000000000000000e+00 -4.140659149704647101e-04 1.757823536360970766e-03 1.012588127524542388e-03 9.944315705474264088e-04 1.072216138282038132e-03
2.430084937440795995e-04 4.736759077502602751e-04 3.467994578853296527e-04 -1.281458502320663114e-04 6.880555929783757403e-06 1.454908425773145239e-04 -4.140659149704647101e-04 0.000000000000000000e+00 8.481811746891859032e-04 7.965995034418060599e-05 4.048337917888505271e-05 6.897112462524773095e-05
-2.219677201948138962e-03 3.755531673099958686e-04 3.037218395335084930e-03 -1.493215930872806348e-03 -3.723374219860961683e-04 -4.023594784563844034e-04 1.757823536360970766e-03 8.481811746891859032e-04 0.000000000000000000e+00 9.732196233396042922e-05 -7.617726737441893152e-04 4.221814153528485663e-04
3.852355385503168574e-04 4.027411253780847303e-04 -8.244613358332979853e-05 -1.029699416902833106e-04 6.354823777091794020e-05 -4.589083603503165396e-04 1.012588127524542388e-03 7.965995034418060599e-05 9.732196233396042922e-05 0.000000000000000000e+00 -1.904012784956629005e-04 1.331577783001912462e-06
-6.116031183192301244e-04 -4.970360322505224188e-04 -1.867563549007655128e-04 -6.244511948017034565e-04 2.404570489479977463e-05 -4.352379014632773370e-04 9.944315705474264088e-04 4.048337917888505271e-05 -7.617726737441893152e-04 -1.904012784956629005e-04 0.000000000000000000e+00 -3.834323486406264708e-04
-1.347276464122619793e-03 -9.664919020803256123e-06 -1.302268511743636921e-03 -1.259375583452562383e-03 6.228374449144483821e-05 2.757317954217864677e-04 1.072216138282038132e-03 6.897112462524773095e-05 4.221814153528485663e-04 1.331577783001912462e-06 -3.834323486406264708e-04 0.000000000000000000e+00
