0.000000000000000000e+00 9.152125158561930400e-04 7.631066840574701141e-04 5.921909844824421081e-04 4.159693307715375756e-04 8.746573720520362449e-04 -7.590539871734360792e-04 -8.181233903547926794e-04 -3.347608764834351740e-04 2.307761763693221425e-04 4.891347078899956546e-04 -2.149069999366574608e-04
9.152125158561930400e-04 0.000000000000000000e+00 -5.031828234512443878e-04 2.510557429687771975e-03 5.365385171035676800e-04 -6.440535430724725254e-04 -5.681994205515135616e-04 -1.200518174112011295e-03 1.517561008332107093e-03 7.092935313835829151e-04 -6.849741407060465912e-05 2.208590225789043638e-05
7.631066840574701141e-04 -5.031828234512443878e-04 0.000000000000000000e+00 -7.040174842198731065e-04 7.288941091734522926e-04 1.610068040458235972e-04 -6.025057603621907778e-05 -5.537327972545157996e-04 -2.539118255661581151e-05 -7.472255929662793925e-05 -3.255186698508984460e-04 -3.412229609176514050e-04
5.921909844824421081e-04 2.510557429687771975e-03 -7.040174842198731065e-04 0.000000000000000000e+00 7.703721771475751084e-04 1.395749414422664536e-03 -4.644678850030129684e-04 -3.298933659134186888e-03 2.345368886315400431e-03 -3.757482866689576908e-04 -4.848832394229553376e-04 5.412225536308642461e-05
4.159693307715375756e-04 5.365385171035676800e-04 7.288941091734522926e-04 7.703721771475751084e-04 0.000000000000000000e+00 1.070043123165278039e-04 4.521969507067560823e-04 -1.949394858880993363e-03 -5.507212241464000098e-04 2.235788126247125764e-04 3.287542968936193934e-04 1.432090035031299325e-04
8.746573720520362449e-04 -6.440535430724725254e-04 1.610068040458235972e-04 1.395749414422664536e-03 1.070043123165278039e-04 0.000000000000000000e+00 -6.110788853819572363e-04 1.176962004483975838e-03 3.587022378301141863e-04 3.782537043292813657e-04 -4.876278083888423284e-04 -3.467997032836841759e-04
-7.590539871734360792e-04 -5.681994205515135616e-04 -6.025057603621907778e-05 -4.644678850030129684e-04 4.521969507067560823e-04 -6.110788853819572363e-04 0.000000000000000000e+00 -5.554756593779365190e-04 -7.521319560677958540e-04 -2.105167047814974601e-04 -9.280403864139862968e-04 6.587261748574846061e-04
-8.181233903547926794e-04 -1.200518174112011295e-03 -5.537327972545157996e-04 -3.298933659134186888e-03 -1.949394858880993363e-03 1.176962004483975838e-03 -5.554756593779365190e-04 0.000000000000000000e+00 1.506286201478613650e-03 -6.619292164370683658e-04 2.331404493178570493e-03 -4.001672496379676250e-04
-3.347608764834351740e-04 1.517561008332107093e-03 -2.539118255661581151e-05 2.345368886315400431e-03 -5.507212241464000098e-04 3.587022378301141863e-04 -7.521319560677958540e-04 1.506286201478613650e-03 0.000000000000000000e+00 5.223991386653131699e-04 -3.201312590337215304e-05 5.945733824742793945e-04
2.307761763693221425e-04 7.092935313835829151e-04 -7.472255929662793925e-05 -3.757482866689576908e-04 2.235788126247125764e-04 3.782537043292813657e-04 -2.105167047814974601e-04 -6.619292164370683658e-04 5.223991386653131699e-04 0.000000000000000000e+00 -1.151143222224905544e-05 2.361151812488689798e-04
4.891347078899956546e-04 -6.849741407060465912e-05 -3.255186698508984460e-04 -4.848832394229553376e-04 3.287542968936193934e-04 -4.876278083888423284e-04 -9.280403864139862968e-04 2.331404493178570493e-03 -3.201312590337215304e-05 -1.151143222224905544e-05 0.000000000000000000e+00 1.896228891838607866e-04
-2.149069999366574608e-04 2.208590225789043638e-05 -3.412229609176514050e-04 5.412225536308642461e-05 1.432090035031299325e-04 -3.467997032836841759e-04 6.587261748574846061e-04 -4.001672496379676250e-04 5.945733824742793945e-04 2.361151812488689798e-04 1.896228891838607866e-04 0.000000000000000000e+00
