0.000000000000000000e+00 -8.911882709823268616e-04 -3.067664657977967605e-05 1.814897499093206211e-03 1.854974475987543282e-04 5.606644886209166201e-05 -8.215943296894641324e-04 1.276883043479955780e-04 -1.170611584272726992e-03 7.776005097404170671e-05 4.344014740222607376e-04 1.929367759059809014e-04
-8.911882709823268616e-04 0.000000000000000000e+00 -5.057038741821989931e-04 -3.287532857676201130e-04 1.068677183522547067e-03 6.763789942423823745e-04 -1.409935204683205462e-03 4.171360699099987144e-04 1.321806373507710894e-03 -2.844401697102171597e-05 3.826518002022648757e-04 -8.442636185020502932e-04
-3.067664657977967605e-05 -5.057038741821989931e-04 0.000000000000000000e+00 -3.295682244446150469e-04 6.827482222586135890e-04 2.889242469656359575e-04 3.049728514074957005e-04 1.542394469968126093e-04 4.569964902110991304e-04 1.591436799796301833e-04 -5.260318035275039121e-04 -2.005569657103682693e-05
1.814897499093206211e-03 -3.287532857676201130e-04 -3.295682244446150469e-04 0.000000000000000000e+00 3.649650648753487723e-04 -2.830258273531472638e-04 8.116048510967266818e-04 1.283970973688985993e-04 7.403302843281839166e-04 -4.866218065489704759e-04 4.919142104325200217e-04 1.760220686803589969e-04
1.854974475987543282e-04 1.068677183522547067e-03 6.827482222586135890e-04 3.649650648753487723e-04 0.000000000000000000e+00 1.570863817697939124e-04 -2.393024624179199481e-04 1.122236693779509950e-03 5.439635407901516556e-04 -3.209192491327953617e-04 -4.548377747516229729e-04 3.158668553078651021e-04
5.606644886209166201e-05 6.763789942423823745e-04 2.889242469656359575e-04 -2.830258273531472638e-04 1.570863817697939124e-04 0.000000000000000000e+00 -4.328386862563693226e-05 3.284390246592795324e-04 -3.484769184246625092e-04 2.729600456634077225e-04 -4.531292321016080929e-04 2.478932445678274222e-04
-8.215943296894641324e-04 -1.409935204683205462e-03 3.049728514074957005e-04 8.116048510967266818e-04 -2.393024624179199481e-04 -4.328386862563693226e-05 0.000000000000000000e+00 -1.692279382783651873e-03 1.234712721171112850e-03 -1.310957095899555141e-05 -4.453542065919915255e-04 2.364305967572266805e-04
1.276883043479955780e-04 4.171360699099987144e-04 1.542394469968126093e-04 1.283970973688985993e-04 1.122236693779509950e-03 3.284390246592795324e-04 -1.692279382783651873e-03 0.000000000000000000e+00 2.687863050107494080e-03 2.160020438375410967e-04 3.136689361970448203e-04 9.870974803000349181e-04
-1.170611584272726992e-03 1.321806373507710894e-03 4.569964902110991304e-04 7.403302843281839166e-04 5.439635407901516556e-04 -3.484769184246625092e-04 1.234712721171112850e-03 2.687863050107494080e-03 0.000000000000000000e+00 -3.894324146423914341e-04 3.318860600646122332e-04 -3.590178898612253369e-04
7.776005097404170671e-05 -2.844401697102171597e-05 1.591436799796301833e-04 -4.866218065489704759e-04 -3.209192491327953617e-04 2.729600456634077225e-04 -1.310957095899555141e-05 2.160020438375410967e-04 -3.894324146423914341e-04 0.000000000000000000e+00 1.411742016221064419e-05 -4.220681863257744150e-04
4.344014740222607376e-04 3.826518002022648757e-04 -5.260318035275039121e-04 4.919142104325200217e-04 -4.548377747516229729e-04 -4.531292321016080929e-04 -4.453542065919915255e-04 3.136689361970448203e-04 3.318860600646122332e-04 1.411742016221064419e-05 0.000000000000000000e+00 2.217636338130332167e-05
1.929367759059809014e-04 -8.442636185020502932e-04 -2.005569657103682693e-05 1.760220686803589969e-04 3.158668553078651021e-04 2.478932445678274222e-04 2.364305967572266805e-04 9.870974803000349181e-04 -3.590178898612253369e-04 -4.220681863257744150e-04 2.217636338130332167e-05 0.000000000000000000e+00
