0.000000000000000000e+00 -1.334588458330885014e-03 -7.600491459821674082e-05 -1.965435955712276864e-03 -7.689048539866224618e-04 -2.215747660035866139e-04 1.210716008319967111e-04 1.777468598906698904e-03 -1.159698367206247636e-03 1.277481298719592806e-04 -6.648356550491587007e-04 2.135708458229498233e-04
-1.334588458330885014e-03 0.000000000000000000e+00 1.174079855765781119e-03 -2.204998030111498912e-03 -4.203277351918903470e-04 -8.622753174351758219e-04 1.161508561420438899e-03 -1.313455912450414535e-03 -1.143544860998242348e-04 2.184749273226761356e-04 5.066874244729169079e-04 3.826417060695991887e-04
-7.600491459821674082e-05 1.174079855765781119e-03 0.000000000000000000e+00 -6.637081208391632696e-04 -9.056558315590953199e-05 -2.727463888919596309e-04 -3.561063220160250870e-04 -2.119213108698106071e-03 1.574386778713117148e-04 -1.898265138959636604e-04 -8.349031534891754834e-04 1.901849513427949405e-04
-1.965435955712276864e-03 -2.204998030111498912e-03 -6.637081208391632696e-04 0.000000000000000000e+00 8.168565198640586212e-04 1.360841426966081852e-03 1.991665860495728593e-03 -1.401076166316018697e-03 3.086225582658547011e-04 -1.249607972522301207e-03 -8.135623527643619799e-04 8.061627024692214882e-04
-7.689048539866224618e-04 -4.203277351918903470e-04 -9.056558315590953199e-05 8.168565198640586212e-04 0.000000000000000000e+00 -2.624776045412660608e-04 -4.504825757690456012e-04 -2.297733540230014902e-04 -4.614360061306112823e-04 1.523151720677630203e-05 2.446406475527876118e-04 7.666623545137489634e-05
-2.215747660035866139e-04 -8.622753174351758219e-04 -2.727463888919596309e-04 1.360841426966081852e-03 -2.624776045412660608e-04 0.000000000000000000e+00 -4.471239529682500017e-04 -1.715804772964902615e-03 5.597105299938823377e-05 6.690247397246849859e-04 8.762393683911204898e-05 1.451071187889614470e-04
1.210716008319967111e-04 1.161508561420438899e-03 -3.561063220160250870e-04 1.991665860495728593e-03 -4.504825757690456012e-04 -4.471239529682500017e-04 0.000000000000000000e+00 7.073011086418296055e-04 -2.807720752123416390e-05 -3.012182604221662688e-04 1.120983061726936263e-04 7.149453880415893459e-04
1.777468598906698904e-03 -1.313455912450414535e-03 -2.119213108698106071e-03 -1.401076166316018697e-03 -2.297733540230014902e-04 -1.715804772964902615e-03 7.073011086418296055e-04 0.000000000000000000e+00 7.971258048068839870e-04 1.666615137994702234e-04 7.716962477109348727e-04 -2.531321050080364001e-05
-1.159698367206247636e-03 -1.143544860998242348e-04 1.574386778713117148e-04 3.086225582658547011e-04 -4.614360061306112823e-04 5.597105299938823377e-05 -2.807720752123416390e-05 7.971258048068839870e-04 0.000000000000000000e+00 2.999137500132253401e-05 -2.819386810327051342e-04 2.024617575851378029e-05
1.277481298719592806e-04 2.184749273226761356e-04 -1.898265138959636604e-04 -1.249607972522301207e-03 1.523151720677630203e-05 6.690247397246849859e-04 -3.012182604221662688e-04 1.666615137994702234e-04 2.999137500132253401e-05 0.000000000000000000e+00 3.171106595432806176e-04 3.439974067853278816e-04
-6.648356550491587007e-04 5.066874244729169079e-04 -8.349031534891754834e-04 -8.135623527643619799e-04 2.446406475527876118e-04 8.762393683911204898e-05 1.120983061726936263e-04 7.716962477109348727e-04 -2.819386810327051342e-04 3.171106595432806176e-04 0.000000000000000000e+00 -2.663752338802947528e-04
2.135708458229498233e-04 3.826417060695991887e-04 1.901849513427949405e-04 8.061627024692214882e-04 7.666623545137489634e-05 1.451071187889614470e-04 7.149453880415893459e-04 -2.531321050080364001e-05 2.024617575851378029e-05 3.439974067853278816e-04 -2.663752338802947528e-04 0.000000000000000000e+00
