0.000000000000000000e+00 -8.041220103321450752e-04 -8.130307097200954779e-04 -9.118027935939310982e-04 -3.471545404227353339e-04 -2.319848991218487720e-04 -1.537023313830199897e-05 -1.414649673559692858e-03 -6.588778100434902795e-04 7.602138994387861533e-05 -8.320287038752040634e-05 5.325387180180281071e-04
-8.041220103321450752e-04 0.000000000000000000e+00 4.373916229785190595e-04 -2.984922117740955536e-03 2.429189423256177178e-04 6.620647977192631187e-04 -3.285053175734120931e-05 -2.726166522494063207e-05 -4.538056510174288721e-04 -2.395747981181677215e-06 -1.127809648722231332e-03 9.519883692084107722e-04
-8.130307097200954779e-04 4.373916229785190595e-04 0.000000000000000000e+00 5.364363759059599494e-04 -2.365941614076348351e-04 -2.505335163243364166e-04 -5.139828511741992246e-04 3.651497137619248321e-04 -3.653023254276609676e-04 -3.974524872128800077e-06 4.477981149504588307e-04 5.847521426365556848e-04
-9.118027935939310982e-04 -2.984922117740955536e-03 5.364363759059599494e-04 0.000000000000000000e+00 1.199439535376255108e-03 -1.611272823840432904e-03 2.093556666854637426e-04 -3.079066304768492222e-03 -1.807657407732858167e-03 -1.543394582716244522e-04 1.862313654331082579e-03 -7.940025136098314553e-04
-3.471545404227353339e-04 2.429189423256177178e-04 -2.365941614076348351e-04 1.199439535376255108e-03 0.000000000000000000e+00 2.273599473434993040e-04 -5.572168934864224618e-04 -4.728997459366786229e-04 -2.792436546241907814e-05 9.166344280682712793e-05 4.114103660264610595e-04 7.779456358277479620e-06
-2.319848991218487720e-04 6.620647977192631187e-04 -2.505335163243364166e-04 -1.611272823840432904e-03 2.273599473434993040e-04 0.000000000000000000e+00 5.106422313682597910e-04 -2.320236661141266235e-04 -6.593085043478604012e-04 9.756804129355962083e-05 8.639102761343017179e-05 -1.137472326220144046e-04
-1.537023313830199897e-05 -3.285053175734120931e-05 -5.139828511741992246e-04 2.093556666854637426e-04 -5.572168934864224618e-04 5.106422313682597910e-04 0.000000000000000000e+00 -1.150743925691587047e-03 -4.672764512607208241e-04 -1.881532539698232390e-04 1.268647068757099540e-04 -3.941510346976559638e-04
-1.414649673559692858e-03 -2.726166522494063207e-05 3.651497137619248321e-04 -3.079066304768492222e-03 -4.728997459366786229e-04 -2.320236661141266235e-04 -1.150743925691587047e-03 0.000000000000000000e+00 -9.732396849616302588e-04 4.051504885391966952e-06 1.169610173824477345e-03 -1.495569890964189123e-03
-6.588778100434902795e-04 -4.538056510174288721e-04 -3.653023254276609676e-04 -1.807657407732858167e-03 -2.792436546241907814e-05 -6.593085043478604012e-04 -4.672764512607208241e-04 -9.732396849616302588e-04 0.000000000000000000e+00 -6.331364107444533871e-04 -1.653435862599704747e-03 -2.527400888597827549e-04
7.602138994387861533e-05 -2.395747981181677215e-06 -3.974524872128800077e-06 -1.543394582716244522e-04 9.166344280682712793e-05 9.756804129355962083e-05 -1.881532539698232390e-04 4.051504885391966952e-06 -6.331364107444533871e-04 0.000000000000000000e+00 -1.365932234654464357e-04 4.166957768492257023e-04
-8.320287038752040634e-05 -1.127809648722231332e-03 4.477981149504588307e-04 1.862313654331082579e-03 4.114103660264610595e-04 8.639102761343017179e-05 1.268647068757099540e-04 1.169610173824477345e-03 -1.653435862599704747e-03 -1.365932234654464357e-04 0.000000000000000000e+00 -3.180921393647578692e-04
5.325387180180281071e-04 9.519883692084107722e-04 5.847521426365556848e-04 -7.940025136098314553e-04 7.779456358277479620e-06 -1.137472326220144046e-04 -3.941510346976559638e-04 -1.495569890964189123e-03 -2.527400888597827549e-04 4.166957768492257023e-04 -3.180921393647578692e-04 0.000000000000000000e+00
