0.000000000000000000e+00 -1.160374205945704541e-03 1.112303491157856417e-04 -8.904341837239726195e-04 2.908939039375226204e-04 6.134122786479590103e-04 -2.307653668107706858e-04 1.443034746092284031e-03 -6.331227259980925495e-04 2.107427334139105586e-04 2.091785994163176835e-04 1.523768670815953218e-05
-1.160374205945704541e-03 0.000000000000000000e+00 9.408715213044578510e-04 -2.587375413461366971e-03 5.756753756144288763e-04 -1.262723605383309338e-03 -1.591343008424704782e-03 -2.397878025808121254e-03 -1.523993794624367570e-03 -2.777529563871474079e-04 -1.121617567540534851e-03 2.093303035356764688e-04
1.112303491157856417e-04 9.408715213044578510e-04 0.000000000000000000e+00 1.116028340382368587e-03 -1.630444333725238407e-04 9.805520300948317506e-05 2.427156096709785608e-04 4.644655901045755073e-04 -3.755549735467206187e-04 2.505797783615458583e-04 -2.258002687979563999e-04 4.790577439961854781e-04
-8.904341837239726195e-04 -2.587375413461366971e-03 1.116028340382368587e-03 0.000000000000000000e+00 5.046432512230553113e-04 5.697000074336801062e-04 1.844830940227930663e-03 -3.468150999488102664e-03 -2.537838922302081222e-03 -2.400037720916592149e-04 -1.959218107204385869e-04 -4.880507137042626453e-04
2.908939039375226204e-04 5.756753756144288763e-04 -1.630444333725238407e-04 5.046432512230553113e-04 0.000000000000000000e+00 -4.114093059234831648e-04 1.378685450928129842e-04 -5.235864179872598599e-04 8.590917691069931313e-04 -4.524549607459765104e-05 -1.358692191382194754e-04 -3.020735206313727026e-05
6.134122786479590103e-04 -1.262723605383309338e-03 9.805520300948317506e-05 5.697000074336801062e-04 -4.114093059234831648e-04 0.000000000000000000e+00 -7.301912309226928760e-05 -8.986559669715431416e-04 7.301679099907945137e-04 5.268735571044232168e-05 4.932442998965253607e-04 -5.726690211399834696e-04
-2.307653668107706858e-04 -1.591343008424704782e-03 2.427156096709785608e-04 1.844830940227930663e-03 1.378685450928129842e-04 -7.301912309226928760e-05 0.000000000000000000e+00 -3.283895993046023125e-04 -2.238657320905632054e-04 1.492525023817074423e-04 5.317605842091184098e-04 5.574615891776944467e-05
1.443034746092284031e-03 -2.397878025808121254e-03 4.644655901045755073e-04 -3.468150999488102664e-03 -5.235864179872598599e-04 -8.986559669715431416e-04 -3.283895993046023125e-04 0.000000000000000000e+00 1.755084558985639965e-03 -1.787250362366061846e-04 -2.719851173286578897e-04 3.264322249993255754e-04
-6.331227259980925495e-04 -1.523993794624367570e-03 -3.755549735467206187e-04 -2.537838922302081222e-03 8.590917691069931313e-04 7.301679099907945137e-04 -2.238657320905632054e-04 1.755084558985639965e-03 0.000000000000000000e+00 1.972343172563143887e-04 -4.270268294718556766e-04 -3.037821850658954420e-04
2.107427334139105586e-04 -2.777529563871474079e-04 2.505797783615458583e-04 -2.400037720916592149e-04 -4.524549607459765104e-05 5.268735571044232168e-05 1.492525023817074423e-04 -1.787250362366061846e-04 1.972343172563143887e-04 0.000000000000000000e+00 4.082599759820280060e-04 1.924841566414795815e-04
2.091785994163176835e-04 -1.121617567540534851e-03 -2.258002687979563999e-04 -1.959218107204385869e-04 -1.358692191382194754e-04 4.932442998965253607e-04 5.317605842091184098e-04 -2.719851173286578897e-04 -4.270268294718556766e-04 4.082599759820280060e-04 0.000000000000000000e+00 -5.091399520539378751e-05
1.523768670815953218e-05 2.093303035356764688e-04 4.790577439961854781e-04 -4.880507137042626453e-04 -3.020735206313727026e-05 -5.726690211399834696e-04 5.574615891776944467e-05 3.264322249993255754e-04 -3.037821850658954420e-04 1.924841566414795815e-04 -5.091399520539378751e-05 0.000000000000000000e+00
