0.000000000000000000e+00 3.050226924429440831e-04 -5.554548375639932435e-04 -5.999004549790845988e-05 -1.443228766841182743e-03 3.054547833028931086e-05 8.920676965329604009e-04 3.772045740609581278e-04 3.293316186800723236e-04 -1.104666084994017274e-04 7.702974610683877617e-04 3.077121626204740341e-03
3.050226924429440831e-04 0.000000000000000000e+00 -3.016254118789266081e-04 5.175459381744167402e-04 -3.840183645097767140e-04 -5.148549071864569511e-04 5.280956850347424915e-04 -1.581610548687749211e-04 4.376567611980567611e-04 -1.329707760661515505e-04 7.749188884571432331e-05 -1.745651643779939704e-03
-5.554548375639932435e-04 -3.016254118789266081e-04 0.000000000000000000e+00 7.662222596643747429e-04 -6.288928926073502116e-05 1.640120318241544781e-04 -6.819063390706105914e-04 1.714251215241845272e-05 -5.023012824550720276e-05 4.510387514585257360e-04 1.675809183558853610e-05 5.159986122320676840e-05
-5.999004549790845988e-05 5.175459381744167402e-04 7.662222596643747429e-04 0.000000000000000000e+00 1.151351547404893226e-03 -5.875388787718696963e-04 -9.490071531136572537e-04 1.200346803852431372e-04 -3.589631786612055252e-04 -1.906815878745052057e-03 4.383054241394735958e-04 1.888056631423365786e-03
-1.443228766841182743e-03 -3.840183645097767140e-04 -6.288928926073502116e-05 1.151351547404893226e-03 0.000000000000000000e+00 -3.318282398807022651e-04 -5.840809443639166610e-04 1.170024167782434841e-04 4.542989294017319053e-04 -1.298681796520995959e-03 5.773896024430198249e-04 8.470962814189243124e-06
3.054547833028931086e-05 -5.148549071864569511e-04 1.640120318241544781e-04 -5.875388787718696963e-04 -3.318282398807022651e-04 0.000000000000000000e+00 6.846517328413847863e-04 2.715734267702066274e-04 5.502566627320951595e-06 1.439857877524068825e-04 -2.772387565064298376e-04 1.514001389923200561e-03
8.920676965329604009e-04 5.280956850347424915e-04 -6.819063390706105914e-04 -9.490071531136572537e-04 -5.840809443639166610e-04 6.846517328413847863e-04 0.000000000000000000e+00 4.090745390212322647e-04 -8.109256921844434083e-05 -6.194461169545736889e-04 -1.236202703636216126e-04 -1.696523689062648648e-03
3.772045740609581278e-04 -1.581610548687749211e-04 1.714251215241845272e-05 1.200346803852431372e-04 1.170024167782434841e-04 2.715734267702066274e-04 4.090745390212322647e-04 0.000000000000000000e+00 -3.004671103753430426e-04 -6.264174227540084388e-04 2.787132184234312918e-04 9.223825097922279826e-04
3.293316186800723236e-04 4.376567611980567611e-04 -5.023012824550720276e-05 -3.589631786612055252e-04 4.542989294017319053e-04 5.502566627320951595e-06 -8.109256921844434083e-05 -3.004671103753430426e-04 0.000000000000000000e+00 1.197891009195208370e-03 3.846194662718602588e-04 -1.334546643833288805e-03
-1.104666084994017274e-04 -1.329707760661515505e-04 4.510387514585257360e-04 -1.906815878745052057e-03 -1.298681796520995959e-03 1.439857877524068825e-04 -6.194461169545736889e-04 -6.264174227540084388e-04 1.197891009195208370e-03 0.000000000000000000e+00 -3.673157650387347983e-05 2.703719642448479225e-03
7.702974610683877617e-04 7.749188884571432331e-05 1.675809183558853610e-05 4.383054241394735958e-04 5.773896024430198249e-04 -2.772387565064298376e-04 -1.236202703636216126e-04 2.787132184234312918e-04 3.846194662718602588e-04 -3.673157650387347983e-05 0.000000000000000000e+00 8.766803195939977663e-04
3.077121626204740341e-03 -1.745651643779939704e-03 5.159986122320676840e-05 1.888056631423365786e-03 8.470962814189243124e-06 1.514001389923200561e-03 -1.696523689062648648e-03 9.223825097922279826e-04 -1.334546643833288805e-03 2.703719642448479225e-03 8.766803195939977663e-04 0.000000000000000000e+00
