0.000000000000000000e+00 -2.609337890246658928e-04 -3.760121624251789831e-05 -6.416798071810422008e-04 -4.060709366683479932e-04 7.242896073758269644e-04 -8.001487351009387624e-04 -1.086864282500699910e-04 -1.101358193928207024e-03 -1.746846030298086555e-03 -5.225402920463496090e-04 1.556200497275544731e-03
-2.609337890246658928e-04 0.000000000000000000e+00 -2.515861818541832284e-04 9.486540159489510911e-05 -1.818938924835225796e-04 -9.814421691896529421e-05 -2.039249058731222770e-04 6.856703735520616380e-05 1.787328144649236826e-06 1.590274165330536886e-04 3.220610417514946280e-04 7.211667770977411634e-04
-3.760121624251789831e-05 -2.515861818541832284e-04 0.000000000000000000e+00 1.992532353094518668e-04 -5.374213985212051344e-05 -1.042433251650579361e-04 4.914913210188840835e-05 1.533915564440481558e-04 2.673467113629196448e-04 -6.153978972778426874e-04 7.370129962731940666e-05 -9.441989706905919676e-04
-6.416798071810422008e-04 9.486540159489510911e-05 1.992532353094518668e-04 0.000000000000000000e+00 -7.990751137407500022e-04 -3.453403044305959770e-05 5.138025540076835308e-04 2.875286407952629911e-04 -2.792062207413963020e-05 1.084601359710442807e-04 6.775656257791964551e-04 3.421162046782875044e-03
-4.060709366683479932e-04 -1.818938924835225796e-04 -5.374213985212051344e-05 -7.990751137407500022e-04 0.000000000000000000e+00 1.097633650394316514e-04 3.061248087542962383e-04 5.778244314961030652e-04 -1.269215398562205345e-03 8.213104351234107271e-04 3.174180079213230780e-04 -3.226411331219369415e-03
7.242896073758269644e-04 -9.814421691896529421e-05 -1.042433251650579361e-04 -3.453403044305959770e-05 1.097633650394316514e-04 0.000000000000000000e+00 7.475585836457579990e-05 -3.791011398420530455e-04 -7.960498478894838378e-04 -3.886114674385080631e-04 4.536332439893274926e-04 -1.062451773524388920e-03
-8.001487351009387624e-04 -2.039249058731222770e-04 4.914913210188840835e-05 5.138025540076835308e-04 3.061248087542962383e-04 7.475585836457579990e-05 0.000000000000000000e+00 5.629168585743619989e-04 -2.815143355318910239e-04 -3.907132548180060490e-04 1.058817610953832484e-04 -9.945418255808305234e-04
-1.086864282500699910e-04 6.856703735520616380e-05 1.533915564440481558e-04 2.875286407952629911e-04 5.778244314961030652e-04 -3.791011398420530455e-04 5.629168585743619989e-04 0.000000000000000000e+00 -1.547776659926582512e-05 -1.775633023642210029e-04 4.386178374521242202e-06 3.145353935549372927e-04
-1.101358193928207024e-03 1.787328144649236826e-06 2.673467113629196448e-04 -2.792062207413963020e-05 -1.269215398562205345e-03 -7.960498478894838378e-04 -2.815143355318910239e-04 -1.547776659926582512e-05 0.000000000000000000e+00 -9.913787317897796054e-04 -3.206679685110457202e-05 -2.395815168527796243e-03
-1.746846030298086555e-03 1.590274165330536886e-04 -6.153978972778426874e-04 1.084601359710442807e-04 8.213104351234107271e-04 -3.886114674385080631e-04 -3.907132548180060490e-04 -1.775633023642210029e-04 -9.913787317897796054e-04 0.000000000000000000e+00 -4.665486589544584964e-04 9.379896301851798311e-04
-5.225402920463496090e-04 3.220610417514946280e-04 7.370129962731940666e-05 6.775656257791964551e-04 3.174180079213230780e-04 4.536332439893274926e-04 1.058817610953832484e-04 4.386178374521242202e-06 -3.206679685110457202e-05 -4.665486589544584964e-04 0.000000000000000000e+00 -1.456160731699521682e-03
1.556200497275544731e-03 7.211667770977411634e-04 -9.441989706905919676e-04 3.421162046782875044e-03 -3.226411331219369415e-03 -1.062451773524388920e-03 -9.945418255808305234e-04 3.145353935549372927e-04 -2.395815168527796243e-03 9.379896301851798311e-04 -1.456160731699521682e-03 0.000000000000000000e+00
