0.000000000000000000e+00 1.708934788684066033e-04 -6.150417437674390040e-04 -4.253111816488191360e-04 6.576809732289110944e-04 -3.287693146588260905e-04 1.367307011180281641e-03 6.475477717937307576e-04 -6.567828858027922965e-04 -2.763732011826530613e-04 -6.704397357706083627e-05 2.783072203993333226e-03
1.708934788684066033e-04 0.000000000000000000e+00 -2.893118784052306014e-04 5.359365976422175070e-05 3.684966446286106045e-06 -8.029370067390507104e-04 -2.988773946462775492e-05 3.167520786631761306e-04 -6.826992130452720067e-04 2.828802988493234367e-04 3.698464090805531328e-04 -1.167258111137592846e-03
-6.150417437674390040e-04 -2.893118784052306014e-04 0.000000000000000000e+00 -5.301752132754645888e-04 -3.832633943534370104e-04 -9.191696703895507650e-05 -3.727773233949236592e-04 1.002218465216547365e-04 1.870093821920243914e-04 2.393618484552977467e-05 5.349831879659588214e-04 -1.089914271286746526e-03
-4.253111816488191360e-04 5.359365976422175070e-05 -5.301752132754645888e-04 0.000000000000000000e+00 -1.444671121460154670e-03 6.363097510976974342e-04 4.498213539285498674e-04 2.372866961497871127e-04 -3.555004012289987234e-04 -8.269868730590463225e-04 4.544756127330067228e-04 -1.670852034595667708e-03
6.576809732289110944e-04 3.684966446286106045e-06 -3.832633943534370104e-04 -1.444671121460154670e-03 0.000000000000000000e+00 -4.815166381461193643e-04 -1.446346724644509158e-04 -9.257178019080671309e-04 9.820385040364464427e-04 -5.210919906818674893e-04 -1.500878775503265152e-04 1.120138019043384614e-03
-3.287693146588260905e-04 -8.029370067390507104e-04 -9.191696703895507650e-05 6.363097510976974342e-04 -4.815166381461193643e-04 0.000000000000000000e+00 -9.864585822684931397e-04 3.276283324651576732e-04 -1.035933964412268093e-03 -8.601380930929418672e-04 1.783617476289962368e-04 2.432155600033198122e-03
1.367307011180281641e-03 -2.988773946462775492e-05 -3.727773233949236592e-04 4.498213539285498674e-04 -1.446346724644509158e-04 -9.864585822684931397e-04 0.000000000000000000e+00 -6.566016933735996223e-05 -3.173843990278202759e-05 1.095742201253783847e-03 -2.151869249595036527e-04 -8.647464233292199900e-04
6.475477717937307576e-04 3.167520786631761306e-04 1.002218465216547365e-04 2.372866961497871127e-04 -9.257178019080671309e-04 3.276283324651576732e-04 -6.566016933735996223e-05 0.000000000000000000e+00 7.313258431389804085e-04 8.802798983649873059e-04 2.210195047189327509e-04 -7.511944930652725890e-04
-6.567828858027922965e-04 -6.826992130452720067e-04 1.870093821920243914e-04 -3.555004012289987234e-04 9.820385040364464427e-04 -1.035933964412268093e-03 -3.173843990278202759e-05 7.313258431389804085e-04 0.000000000000000000e+00 4.842689190264297112e-04 -2.266488690230137085e-04 -3.116751223027088187e-03
-2.763732011826530613e-04 2.828802988493234367e-04 2.393618484552977467e-05 -8.269868730590463225e-04 -5.210919906818674893e-04 -8.601380930929418672e-04 1.095742201253783847e-03 8.802798983649873059e-04 4.842689190264297112e-04 0.000000000000000000e+00 3.793146892186862536e-04 2.627491565075655566e-03
-6.704397357706083627e-05 3.698464090805531328e-04 5.349831879659588214e-04 4.544756127330067228e-04 -1.500878775503265152e-04 1.783617476289962368e-04 -2.151869249595036527e-04 2.210195047189327509e-04 -2.266488690230137085e-04 3.793146892186862536e-04 0.000000000000000000e+00 1.985495772227599727e-04
2.783072203993333226e-03 -1.167258111137592846e-03 -1.089914271286746526e-03 -1.670852034595667708e-03 1.120138019043384614e-03 2.432155600033198122e-03 -8.647464233292199900e-04 -7.511944930652725890e-04 -3.116751223027088187e-03 2.627491565075655566e-03 1.985495772227599727e-04 0.000000000000000000e+00
