0.000000000000000000e+00 1.605177384288483905e-04 5.271151747143992225e-05 -6.884684381761155313e-05 -3.431435507227919321e-04 9.992493128767919325e-06 -7.487711552643610104e-04 -8.885142833270346014e-05 -4.448841278610468825e-04 -2.812983929619984201e-04 -1.748527484633332968e-03 -2.378965356074422418e-04
1.605177384288483905e-04 0.000000000000000000e+00 2.129524712766578387e-04 -3.968105732244113417e-04 4.114251499369792129e-04 2.166566974182422100e-04 -4.947106221855366106e-05 6.070291088673270235e-05 -4.486012441903370284e-04 4.992393841696989368e-04 9.726176550696638253e-04 -1.528645938095272034e-05
5.271151747143992225e-05 2.129524712766578387e-04 0.000000000000000000e+00 -3.827432685972386936e-04 -3.557411866725841503e-04 3.352110786091157713e-04 4.737100245141188872e-04 -4.243471499462829781e-04 3.606061083919493023e-04 -2.003788767363615683e-04 -1.325223578797874802e-03 -1.786988241131934883e-04
-6.884684381761155313e-05 -3.968105732244113417e-04 -3.827432685972386936e-04 0.000000000000000000e+00 -2.400628897552701136e-03 1.455797755507568447e-04 -7.838448818248036198e-04 8.053676336541642708e-04 8.750002593139637663e-04 -1.676041902612503262e-03 4.879340406721086737e-04 -1.346200050811057923e-03
-3.431435507227919321e-04 4.114251499369792129e-04 -3.557411866725841503e-04 -2.400628897552701136e-03 0.000000000000000000e+00 5.276865246058901711e-04 -7.693877945717409340e-04 -1.104919183556720384e-03 1.057944006787967656e-03 7.589202603532535550e-04 2.297981996064409115e-04 -4.787960936787424718e-04
9.992493128767919325e-06 2.166566974182422100e-04 3.352110786091157713e-04 1.455797755507568447e-04 5.276865246058901711e-04 0.000000000000000000e+00 -2.208194372135021115e-04 1.187672304484309641e-04 -1.318753434908818088e-04 4.747733194591927173e-05 2.766999059625922059e-04 -2.214441460182036618e-04
-7.487711552643610104e-04 -4.947106221855366106e-05 4.737100245141188872e-04 -7.838448818248036198e-04 -7.693877945717409340e-04 -2.208194372135021115e-04 0.000000000000000000e+00 7.315792085626037617e-05 1.150651377691995015e-04 5.349444577148921177e-04 -3.140671479675174300e-04 8.491140307751221311e-04
-8.885142833270346014e-05 6.070291088673270235e-05 -4.243471499462829781e-04 8.053676336541642708e-04 -1.104919183556720384e-03 1.187672304484309641e-04 7.315792085626037617e-05 0.000000000000000000e+00 3.526119381958927354e-04 9.516178002020447965e-04 -6.787420252948586294e-04 -2.934323194235695094e-04
-4.448841278610468825e-04 -4.486012441903370284e-04 3.606061083919493023e-04 8.750002593139637663e-04 1.057944006787967656e-03 -1.318753434908818088e-04 1.150651377691995015e-04 3.526119381958927354e-04 0.000000000000000000e+00 -7.623896458397626729e-04 -1.555396754169087654e-04 -3.612270248409735055e-04
-2.812983929619984201e-04 4.992393841696989368e-04 -2.003788767363615683e-04 -1.676041902612503262e-03 7.589202603532535550e-04 4.747733194591927173e-05 5.349444577148921177e-04 9.516178002020447965e-04 -7.623896458397626729e-04 0.000000000000000000e+00 -1.689066715988134368e-03 9.489223345619270372e-04
-1.748527484633332968e-03 9.726176550696638253e-04 -1.325223578797874802e-03 4.879340406721086737e-04 2.297981996064409115e-04 2.766999059625922059e-04 -3.140671479675174300e-04 -6.787420252948586294e-04 -1.555396754169087654e-04 -1.689066715988134368e-03 0.000000000000000000e+00 7.645372673300426802e-04
-2.378965356074422418e-04 -1.528645938095272034e-05 -1.786988241131934883e-04 -1.346200050811057923e-03 -4.787960936787424718e-04 -2.214441460182036618e-04 8.491140307751221311e-04 -2.934323194235695094e-04 -3.612270248409735055e-04 9.489223345619270372e-04 7.645372673300426802e-04 0.000000000000000000e+00
