0.000000000000000000e+00 -2.479904492054472694e-04 1.574928563036071395e-04 -1.155121051041011968e-03 2.572200158756909600e-04 -1.534681954459845394e-04 -1.565095402497464574e-04 5.124682781517659160e-04 -6.316399868487354618e-04 -1.159658211280855620e-04 -4.584313992445242973e-04 -7.540847594409185979e-04
-2.479904492054472694e-04 0.000000000000000000e+00 -1.339010709450501996e-04 -1.300361567365677755e-03 -6.753327277930368331e-04 5.225275263637787690e-05 -3.626535942679877367e-04 7.732806562927248056e-04 2.356503534176489689e-04 1.276787761043590708e-03 5.126094909540549957e-04 2.072350316808345546e-04
1.574928563036071395e-04 -1.339010709450501996e-04 0.000000000000000000e+00 1.389105063126749558e-03 -1.001367251679250543e-03 -4.547751038187541938e-04 -8.274194595748125868e-04 -4.081563991267421411e-04 -1.723028118142602022e-04 -3.637258931778532029e-04 1.412104409183475044e-03 4.487778858251830383e-04
-1.155121051041011968e-03 -1.300361567365677755e-03 1.389105063126749558e-03 0.000000000000000000e+00 -6.383576057850833246e-04 1.045493139592968248e-03 1.515917105189630316e-03 1.373364741615521346e-03 -1.208995572457459292e-03 -5.480166686178170564e-04 3.914607259163442078e-03 5.699342631951923336e-04
2.572200158756909600e-04 -6.753327277930368331e-04 -1.001367251679250543e-03 -6.383576057850833246e-04 0.000000000000000000e+00 -7.869245846345693154e-04 1.415004241508989761e-03 9.189749952364494870e-04 -3.674068701296212677e-04 1.806496636185876106e-04 -3.701191400609357696e-03 7.028478886881622725e-04
-1.534681954459845394e-04 5.225275263637787690e-05 -4.547751038187541938e-04 1.045493139592968248e-03 -7.869245846345693154e-04 0.000000000000000000e+00 1.541412473487631352e-04 3.632515636211416970e-05 -5.406167637057475835e-05 -5.749269437959064896e-05 -1.797806025843743695e-05 1.998848799330433124e-04
-1.565095402497464574e-04 -3.626535942679877367e-04 -8.274194595748125868e-04 1.515917105189630316e-03 1.415004241508989761e-03 1.541412473487631352e-04 0.000000000000000000e+00 1.166910859255209146e-04 -4.093799876226437398e-04 7.659006658824568355e-04 9.034338921922885086e-04 8.062641964625226866e-04
5.124682781517659160e-04 7.732806562927248056e-04 -4.081563991267421411e-04 1.373364741615521346e-03 9.189749952364494870e-04 3.632515636211416970e-05 1.166910859255209146e-04 0.000000000000000000e+00 1.653099246206102865e-04 5.242375692257519176e-04 -6.528665288221303931e-04 1.883853113120285169e-04
-6.316399868487354618e-04 2.356503534176489689e-04 -1.723028118142602022e-04 -1.208995572457459292e-03 -3.674068701296212677e-04 -5.406167637057475835e-05 -4.093799876226437398e-04 1.653099246206102865e-04 0.000000000000000000e+00 4.193843442657931952e-04 -6.913516278828037891e-04 4.027671448886172728e-04
-1.159658211280855620e-04 1.276787761043590708e-03 -3.637258931778532029e-04 -5.480166686178170564e-04 1.806496636185876106e-04 -5.749269437959064896e-05 7.659006658824568355e-04 5.242375692257519176e-04 4.193843442657931952e-04 0.000000000000000000e+00 -1.261697281897404446e-04 4.239328803053377592e-04
-4.584313992445242973e-04 5.126094909540549957e-04 1.412104409183475044e-03 3.914607259163442078e-03 -3.701191400609357696e-03 -1.797806025843743695e-05 9.034338921922885086e-04 -6.528665288221303931e-04 -6.913516278828037891e-04 -1.261697281897404446e-04 0.000000000000000000e+00 1.158474935313618705e-03
-7.540847594409185979e-04 2.072350316808345546e-04 4.487778858251830383e-04 5.699342631951923336e-04 7.028478886881622725e-04 1.998848799330433124e-04 8.062641964625226866e-04 1.883853113120285169e-04 4.027671448886172728e-04 4.239328803053377592e-04 1.158474935313618705e-03 0.000000000000000000e+00
