0.000000000000000000e+00 -2.971494734299962395e-04 -1.372119098750244025e-04 -1.178606628831224299e-03 9.363515022789746858e-04 -2.416045646831981226e-04 3.627085785632416380e-04 2.555009147501164507e-04 8.212957800778943052e-05 -8.081435024843193352e-04 -3.622522432160787064e-04 6.035235680139740874e-04
-2.971494734299962395e-04 0.000000000000000000e+00 3.536781394749503719e-04 1.901852002551527015e-03 7.228395472257192426e-04 -2.670033900772793745e-04 4.665951104106087706e-05 1.431125972756847292e-04 -5.054121849297792861e-04 8.113543373175874070e-04 -2.054056562175346923e-03 7.716649458511916707e-04
-1.372119098750244025e-04 3.536781394749503719e-04 0.000000000000000000e+00 2.680679081909722217e-04 -8.227730227952829729e-04 -1.861429268612639079e-04 -2.493781893553575352e-04 3.174753022131866103e-04 7.957879404686677349e-04 -4.659319962122914741e-04 -1.122554408941033597e-03 -1.532856314786902683e-04
-1.178606628831224299e-03 1.901852002551527015e-03 2.680679081909722217e-04 0.000000000000000000e+00 -7.232192511700530606e-04 2.077973020095713120e-04 -1.157292152278931521e-03 -4.388409287340769684e-04 -8.160210032464280819e-04 -2.281474482334527269e-03 1.986179274728237798e-03 1.904543264976638582e-03
9.363515022789746858e-04 7.228395472257192426e-04 -8.227730227952829729e-04 -7.232192511700530606e-04 0.000000000000000000e+00 6.433736604112266083e-04 9.294769955416073114e-04 1.076418597934039080e-03 -7.077716129215605619e-04 -1.207735505633842016e-03 -1.857869812697799739e-03 -9.742534026008874267e-04
-2.416045646831981226e-04 -2.670033900772793745e-04 -1.861429268612639079e-04 2.077973020095713120e-04 6.433736604112266083e-04 0.000000000000000000e+00 -6.088144716537885779e-05 -8.053972768203257362e-05 1.551948591470708608e-04 -2.258978818398106418e-04 5.371932138589739780e-04 -3.502961978932854666e-04
3.627085785632416380e-04 4.665951104106087706e-05 -2.493781893553575352e-04 -1.157292152278931521e-03 9.294769955416073114e-04 -6.088144716537885779e-05 0.000000000000000000e+00 -5.479110033843936694e-04 -1.267627292074140601e-04 -3.018322741604033432e-04 -1.039618169186208411e-03 2.619833432702113303e-04
2.555009147501164507e-04 1.431125972756847292e-04 3.174753022131866103e-04 -4.388409287340769684e-04 1.076418597934039080e-03 -8.053972768203257362e-05 -5.479110033843936694e-04 0.000000000000000000e+00 -1.883886979077028471e-04 -6.215164700412562603e-04 1.882203478356517311e-04 -8.708821874022045615e-06
8.212957800778943052e-05 -5.054121849297792861e-04 7.957879404686677349e-04 -8.160210032464280819e-04 -7.077716129215605619e-04 1.551948591470708608e-04 -1.267627292074140601e-04 -1.883886979077028471e-04 0.000000000000000000e+00 -6.252005133752635418e-04 -1.257693067700826114e-04 1.958318167857025117e-04
-8.081435024843193352e-04 8.113543373175874070e-04 -4.659319962122914741e-04 -2.281474482334527269e-03 -1.207735505633842016e-03 -2.258978818398106418e-04 -3.018322741604033432e-04 -6.215164700412562603e-04 -6.252005133752635418e-04 0.000000000000000000e+00 -1.964056099247109277e-03 -6.949951868171921508e-04
-3.622522432160787064e-04 -2.054056562175346923e-03 -1.122554408941033597e-03 1.986179274728237798e-03 -1.857869812697799739e-03 5.371932138589739780e-04 -1.039618169186208411e-03 1.882203478356517311e-04 -1.257693067700826114e-04 -1.964056099247109277e-03 0.000000000000000000e+00 9.044831869481171228e-04
6.035235680139740874e-04 7.716649458511916707e-04 -1.532856314786902683e-04 1.904543264976638582e-03 -9.742534026008874267e-04 -3.502961978932854666e-04 2.619833432702113303e-04 -8.708821874022045615e-06 1.958318167857025117e-04 -6.949951868171921508e-04 9.044831869481171228e-04 0.000000000000000000e+00
