0.000000000000000000e+00 2.961280764408977684e-04 -3.553752077848547570e-04 -1.434934815115542677e-03 -6.860793811744172544e-04 1.689940007221726762e-04 -3.060776646540698228e-04 -1.218320189489187773e-04 -1.920818352207363561e-04 7.299606089880610266e-04 -5.154349648018235553e-04 -2.552760893926945543e-04
2.961280764408977684e-04 0.000000000000000000e+00 -3.337644893564446380e-06 -1.358371932549525592e-03 -1.684293534244266999e-03 -2.893286515340467036e-04 6.523537136745094023e-04 5.996717232864030725e-04 1.890060802379647364e-04 3.324516247356378343e-04 9.159913744168764150e-04 -4.852239765829480939e-04
-3.553752077848547570e-04 -3.337644893564446380e-06 0.000000000000000000e+00 5.041860011856851226e-04 -5.117294378233627891e-04 -3.794339630963605671e-04 -9.439598537498112099e-05 -2.160562864330435769e-04 -3.157194280120102239e-04 -1.386619508805791838e-04 3.422366767642794311e-04 3.429364565804526562e-04
-1.434934815115542677e-03 -1.358371932549525592e-03 5.041860011856851226e-04 0.000000000000000000e+00 2.589376088880907846e-03 4.828651004618290878e-04 9.017903474238334873e-04 -4.109386136844164501e-04 7.746056495649895120e-04 2.290835524692813249e-03 2.460595368526342138e-03 -1.003765507961087034e-03
-6.860793811744172544e-04 -1.684293534244266999e-03 -5.117294378233627891e-04 2.589376088880907846e-03 0.000000000000000000e+00 6.237998210042668178e-04 3.222620704014534103e-04 -3.221043063983813621e-04 -1.301170483416794156e-03 1.497370183257685540e-03 -2.354321004861426730e-03 -3.671357523942890035e-04
1.689940007221726762e-04 -2.893286515340467036e-04 -3.794339630963605671e-04 4.828651004618290878e-04 6.237998210042668178e-04 0.000000000000000000e+00 -1.709693125774067434e-05 9.314831017759621010e-05 8.046664864619280011e-05 4.213194793305109613e-04 -4.979093097486797688e-04 4.494470505311442730e-04
-3.060776646540698228e-04 6.523537136745094023e-04 -9.439598537498112099e-05 9.017903474238334873e-04 3.222620704014534103e-04 -1.709693125774067434e-05 0.000000000000000000e+00 8.782046544917556285e-05 4.787446489682095976e-05 4.603499398040817583e-04 7.361213780129563945e-04 -5.600760114645270907e-04
-1.218320189489187773e-04 5.996717232864030725e-04 -2.160562864330435769e-04 -4.109386136844164501e-04 -3.221043063983813621e-04 9.314831017759621010e-05 8.782046544917556285e-05 0.000000000000000000e+00 -5.722781076914391658e-04 4.122639221163473702e-04 8.206022511222983316e-04 5.711978696833363732e-04
-1.920818352207363561e-04 1.890060802379647364e-04 -3.157194280120102239e-04 7.746056495649895120e-04 -1.301170483416794156e-03 8.046664864619280011e-05 4.787446489682095976e-05 -5.722781076914391658e-04 0.000000000000000000e+00 -1.749163077796526657e-05 4.824620334097495388e-04 -6.529984248112720002e-04
7.299606089880610266e-04 3.324516247356378343e-04 -1.386619508805791838e-04 2.290835524692813249e-03 1.497370183257685540e-03 4.213194793305109613e-04 4.603499398040817583e-04 4.122639221163473702e-04 -1.749163077796526657e-05 0.000000000000000000e+00 1.652095044905219860e-03 -9.415626119652479621e-04
-5.154349648018235553e-04 9.159913744168764150e-04 3.422366767642794311e-04 2.460595368526342138e-03 -2.354321004861426730e-03 -4.979093097486797688e-04 7.361213780129563945e-04 8.206022511222983316e-04 4.824620334097495388e-04 1.652095044905219860e-03 0.000000000000000000e+00 -1.601812278969353461e-03
-2.552760893926945543e-04 -4.852239765829480939e-04 3.429364565804526562e-04 -1.003765507961087034e-03 -3.671357523942890035e-04 4.494470505311442730e-04 -5.600760114645270907e-04 5.711978696833363732e-04 -6.529984248112720002e-04 -9.415626119652479621e-04 -1.601812278969353461e-03 0.000000000000000000e+00
