0.000000000000000000e+00 -2.330458125497590944e-05 -5.979538023786530208e-04 3.826045669935576122e-04 -4.348090416198425860e-04 1.116387384602844949e-03 2.401543215824322784e-04 -1.821080833772746902e-03 -7.495450919685369600e-04 5.305423267272308318e-04 2.335789780984982909e-04 3.560670952022485956e-04
-2.330458125497590944e-05 0.000000000000000000e+00 8.793961042876959457e-04 7.836487876010546491e-04 1.701191622460162308e-03 5.431564463159596016e-04 1.510958825733402624e-03 -4.806169283406801392e-03 1.164403031281433876e-03 3.517219326870273718e-04 -5.974583184338961520e-04 -1.553468973230555730e-03
-5.979538023786530208e-04 8.793961042876959457e-04 0.000000000000000000e+00 -8.492460109530271207e-05 -1.634063447489649175e-04 1.362966130768827151e-04 5.053353536491906467e-04 2.099781462685720032e-04 5.229637956642952876e-04 -2.961867278524926185e-04 -1.482718856373541202e-04 1.552280536830861121e-05
3.826045669935576122e-04 7.836487876010546491e-04 -8.492460109530271207e-05 0.000000000000000000e+00 6.307666221828033774e-04 -2.451047271661887573e-04 2.163491311966385475e-03 1.767756395581705515e-03 -7.839901262990265013e-04 -1.151233847135603406e-04 1.835283238796164265e-04 -1.338835725761592125e-03
-4.348090416198425860e-04 1.701191622460162308e-03 -1.634063447489649175e-04 6.307666221828033774e-04 0.000000000000000000e+00 2.962138354863613331e-04 3.386127857390680107e-04 4.974203197091409340e-04 -7.925833471550735112e-05 6.971615160422751163e-05 1.571775506875298001e-04 5.527369429474663807e-04
1.116387384602844949e-03 5.431564463159596016e-04 1.362966130768827151e-04 -2.451047271661887573e-04 2.962138354863613331e-04 0.000000000000000000e+00 4.861591040702318753e-04 -1.765314518493026757e-03 3.669956351770686624e-04 4.120661730347017284e-05 -2.054255737326709564e-04 -5.502215264529928965e-04
2.401543215824322784e-04 1.510958825733402624e-03 5.053353536491906467e-04 2.163491311966385475e-03 3.386127857390680107e-04 4.861591040702318753e-04 0.000000000000000000e+00 -4.491120758321516938e-04 1.056532423362262782e-03 4.088931254137703010e-05 5.949913960790974808e-04 -8.302544114650893189e-04
-1.821080833772746902e-03 -4.806169283406801392e-03 2.099781462685720032e-04 1.767756395581705515e-03 4.974203197091409340e-04 -1.765314518493026757e-03 -4.491120758321516938e-04 0.000000000000000000e+00 -3.210189269133233072e-03 8.371364337693664977e-05 -1.116356378072242122e-03 1.223816833730555480e-03
-7.495450919685369600e-04 1.164403031281433876e-03 5.229637956642952876e-04 -7.839901262990265013e-04 -7.925833471550735112e-05 3.669956351770686624e-04 1.056532423362262782e-03 -3.210189269133233072e-03 0.000000000000000000e+00 4.028545770052220469e-04 3.225482652730237917e-04 6.373478357483640096e-05
5.305423267272308318e-04 3.517219326870273718e-04 -2.961867278524926185e-04 -1.151233847135603406e-04 6.971615160422751163e-05 4.120661730347017284e-05 4.088931254137703010e-05 8.371364337693664977e-05 4.028545770052220469e-04 0.000000000000000000e+00 -1.044753573824610899e-05 1.176972947991206564e-04
2.335789780984982909e-04 -5.974583184338961520e-04 -1.482718856373541202e-04 1.835283238796164265e-04 1.571775506875298001e-04 -2.054255737326709564e-04 5.949913960790974808e-04 -1.116356378072242122e-03 3.225482652730237917e-04 -1.044753573824610899e-05 0.000000000000000000e+00 -1.087322402749567219e-05
3.560670952022485956e-04 -1.553468973230555730e-03 1.552280536830861121e-05 -1.338835725761592125e-03 5.527369429474663807e-04 -5.502215264529928965e-04 -8.302544114650893189e-04 1.223816833730555480e-03 6.373478357483640096e-05 1.176972947991206564e-04 -1.087322402749567219e-05 0.000000000000000000e+00
