0.000000000000000000e+00 6.489174219758010297e-04 2.950483459589789783e-04 -8.773700696831796203e-04 9.823124670232291948e-05 -5.272524341032328249e-04 1.645657955692578700e-03 1.332761726396284067e-03 1.398507716293217020e-03 -2.602490503260065403e-06 1.737893466775684468e-04 -3.021738367194043559e-04
6.489174219758010297e-04 0.000000000000000000e+00 2.163596965451988589e-04 -8.782492258360555856e-04 6.276348021741857616e-04 8.318464064441313799e-05 6.359925083571043962e-04 -1.346852256543880919e-03 -1.808375256684224743e-03 -9.477646794144908415e-04 -3.096124144799931497e-04 -8.118796630782947965e-04
2.950483459589789783e-04 2.163596965451988589e-04 0.000000000000000000e+00 3.528640109364773519e-04 1.901347141631015735e-04 2.613935277379305543e-05 5.699199885871747981e-04 -4.926976102410782123e-04 5.599008802495065345e-04 8.103851761265325757e-04 2.492586384864525968e-04 -3.826515785660833001e-04
-8.773700696831796203e-04 -8.782492258360555856e-04 3.528640109364773519e-04 0.000000000000000000e+00 7.740718965608938947e-05 4.427773375585306536e-04 1.397640679278881748e-03 3.431868654772945310e-03 -9.810705064892725168e-04 7.907555236454874049e-04 -1.341801658541569254e-04 1.199159834463647042e-03
9.823124670232291948e-05 6.276348021741857616e-04 1.901347141631015735e-04 7.740718965608938947e-05 0.000000000000000000e+00 -4.180841374635728500e-04 -2.365402561416423560e-04 2.359637391269917386e-04 2.334876907065590280e-04 -1.144969274539607100e-05 -1.527911753542412132e-04 -3.752961445379278567e-04
-5.272524341032328249e-04 8.318464064441313799e-05 2.613935277379305543e-05 4.427773375585306536e-04 -4.180841374635728500e-04 0.000000000000000000e+00 -6.658419275226106068e-04 -5.162453039915308696e-04 1.102358463123607069e-03 3.185923306176146946e-04 -2.459777936792469782e-04 -3.949843889287077056e-05
1.645657955692578700e-03 6.359925083571043962e-04 5.699199885871747981e-04 1.397640679278881748e-03 -2.365402561416423560e-04 -6.658419275226106068e-04 0.000000000000000000e+00 -7.045333476969780056e-04 -2.245529712175765424e-03 -1.291750331557517807e-04 1.879885671833012647e-04 1.121102382867348625e-03
1.332761726396284067e-03 -1.346852256543880919e-03 -4.926976102410782123e-04 3.431868654772945310e-03 2.359637391269917386e-04 -5.162453039915308696e-04 -7.045333476969780056e-04 0.000000000000000000e+00 2.343491187458614233e-03 2.649248566413730374e-05 1.612682501005093146e-04 1.462848921134446379e-03
1.398507716293217020e-03 -1.808375256684224743e-03 5.599008802495065345e-04 -9.810705064892725168e-04 2.334876907065590280e-04 1.102358463123607069e-03 -2.245529712175765424e-03 2.343491187458614233e-03 0.000000000000000000e+00 9.432318653000227107e-04 3.626181523559120017e-04 4.232570504020004070e-04
-2.602490503260065403e-06 -9.477646794144908415e-04 8.103851761265325757e-04 7.907555236454874049e-04 -1.144969274539607100e-05 3.185923306176146946e-04 -1.291750331557517807e-04 2.649248566413730374e-05 9.432318653000227107e-04 0.000000000000000000e+00 -3.027241111820167018e-04 -2.173357797963035981e-04
1.737893466775684468e-04 -3.096124144799931497e-04 2.492586384864525968e-04 -1.341801658541569254e-04 -1.527911753542412132e-04 -2.459777936792469782e-04 1.879885671833012647e-04 1.612682501005093146e-04 3.626181523559120017e-04 -3.027241111820167018e-04 0.000000000000000000e+00 5.945836871191327328e-04
-3.021738367194043559e-04 -8.118796630782947965e-04 -3.826515785660833001e-04 1.199159834463647042e-03 -3.752961445379278567e-04 -3.949843889287077056e-05 1.121102382867348625e-03 1.462848921134446379e-03 4.232570504020004070e-04 -2.173357797963035981e-04 5.945836871191327328e-04 0.000000000000000000e+00
