0.000000000000000000e+00 1.374480583369629052e-03 1.430013954212676916e-04 -9.696386983192213389e-04 -7.228315034607879302e-05 1.130754857034069210e-04 -6.115989766538969512e-04 1.899377362455269627e-03 3.554011420058103034e-04 -2.799279624381699775e-04 2.656047157760443519e-04 6.029950745144366632e-04
1.374480583369629052e-03 0.000000000000000000e+00 5.996326604189750487e-04 -9.576631767784464641e-04 3.926590180361764571e-04 8.369739061757201521e-04 -2.365114766567875124e-04 -3.710775876955282404e-04 8.386956331143079202e-05 -3.606395468657127082e-04 -3.680820732727406214e-04 -8.770009406901741519e-04
1.430013954212676916e-04 5.996326604189750487e-04 0.000000000000000000e+00 1.445465278982007572e-05 2.056845348412307431e-04 -4.295484904004381681e-04 -1.512141442898060751e-05 -1.482106942424082094e-03 5.467126611895358000e-05 -1.816697538739076338e-04 -1.058220088192115058e-04 2.071773134574060940e-04
-9.696386983192213389e-04 -9.576631767784464641e-04 1.445465278982007572e-05 0.000000000000000000e+00 -3.466983088222380660e-04 4.040933300016906959e-04 -9.429047080621856492e-04 -6.972405915622209875e-04 -3.415661132867894162e-04 -5.209585053509947154e-05 2.051991373394220191e-04 -1.852086917350952221e-04
-7.228315034607879302e-05 3.926590180361764571e-04 2.056845348412307431e-04 -3.466983088222380660e-04 0.000000000000000000e+00 -3.371293647984465272e-04 7.887288815715930027e-04 -1.115046547775766983e-03 -8.510404648220829069e-04 2.607591807869572920e-04 -4.354197211905230449e-05 -2.919206608019350182e-04
1.130754857034069210e-04 8.369739061757201521e-04 -4.295484904004381681e-04 4.040933300016906959e-04 -3.371293647984465272e-04 0.000000000000000000e+00 1.054913211513117339e-03 -1.243868581239364118e-03 -1.920919238213610991e-04 2.274909133905839576e-04 1.361085619049726841e-04 -5.848973576952450808e-04
-6.115989766538969512e-04 -2.365114766567875124e-04 -1.512141442898060751e-05 -9.429047080621856492e-04 7.887288815715930027e-04 1.054913211513117339e-03 0.000000000000000000e+00 -2.461509931484812640e-03 1.386637828529258465e-03 3.942117831417018214e-04 3.224289326571873034e-04 1.003755617218862880e-03
1.899377362455269627e-03 -3.710775876955282404e-04 -1.482106942424082094e-03 -6.972405915622209875e-04 -1.115046547775766983e-03 -1.243868581239364118e-03 -2.461509931484812640e-03 0.000000000000000000e+00 -5.689939374451765579e-04 1.177990949655499924e-03 7.767628397714300892e-04 1.697867812376401215e-03
3.554011420058103034e-04 8.386956331143079202e-05 5.467126611895358000e-05 -3.415661132867894162e-04 -8.510404648220829069e-04 -1.920919238213610991e-04 1.386637828529258465e-03 -5.689939374451765579e-04 0.000000000000000000e+00 -1.765817454144938653e-04 5.180549557375052340e-05 4.776022203561851613e-04
-2.799279624381699775e-04 -3.606395468657127082e-04 -1.816697538739076338e-04 -5.209585053509947154e-05 2.607591807869572920e-04 2.274909133905839576e-04 3.942117831417018214e-04 1.177990949655499924e-03 -1.765817454144938653e-04 0.000000000000000000e+00 8.335752638773164284e-05 4.023698112404375878e-04
2.656047157760443519e-04 -3.680820732727406214e-04 -1.058220088192115058e-04 2.051991373394220191e-04 -4.354197211905230449e-05 1.361085619049726841e-04 3.224289326571873034e-04 7.767628397714300892e-04 5.180549557375052340e-05 8.335752638773164284e-05 0.000000000000000000e+00 2.304943729937114711e-04
6.029950745144366632e-04 -8.770009406901741519e-04 2.071773134574060940e-04 -1.852086917350952221e-04 -2.919206608019350182e-04 -5.848973576952450808e-04 1.003755617218862880e-03 1.697867812376401215e-03 4.776022203561851613e-04 4.023698112404375878e-04 2.304943729937114711e-04 0.000000000000000000e+00
