0.000000000000000000e+00 -4.757464427140643912e-04 -4.553801586218782129e-05 6.945193218613143705e-05 -4.850313286892084176e-04 2.334959346083943788e-04 7.266455596853957323e-04 1.189562919268817879e-03 -5.456700685890331602e-04 -2.404059135740759673e-04 -2.370185069759532157e-04 -1.621264978924164902e-04
-4.757464427140643912e-04 0.000000000000000000e+00 -2.236740346537609332e-05 1.130135909967100579e-03 1.377883146271519305e-04 1.334698880008877014e-03 1.190617760328668449e-03 -1.500038838559892077e-03 -1.346914907460232229e-03 1.069585749476215097e-03 -2.486630347123072889e-04 1.128748074964051271e-04
-4.553801586218782129e-05 -2.236740346537609332e-05 0.000000000000000000e+00 2.759227009266287012e-04 1.516534345887676619e-04 3.836086125265337436e-04 3.244180787946786639e-04 1.067952665891209844e-03 1.045167777388662019e-04 -3.042694178764719000e-05 8.895516525145900701e-07 1.585132767590623822e-04
6.945193218613143705e-05 1.130135909967100579e-03 2.759227009266287012e-04 0.000000000000000000e+00 2.493438520551585942e-04 -3.166063519046266247e-04 -5.444335489168652053e-05 1.160213546420082141e-03 -9.936053649297392574e-04 6.473439015348052088e-05 4.346920908006211230e-04 -6.940922774223808522e-04
-4.850313286892084176e-04 1.377883146271519305e-04 1.516534345887676619e-04 2.493438520551585942e-04 0.000000000000000000e+00 -4.270817001609991648e-04 -1.325751745641039593e-03 1.499791734161563025e-03 -2.357940640761824289e-04 9.214928722278147607e-05 -7.936020461590372814e-05 4.193351100218998574e-04
2.334959346083943788e-04 1.334698880008877014e-03 3.836086125265337436e-04 -3.166063519046266247e-04 -4.270817001609991648e-04 0.000000000000000000e+00 8.476241285333329040e-04 1.302202526662935619e-03 -2.035597065286679755e-04 -3.312921852262571960e-04 -2.156066961969139160e-04 1.500659875217477863e-04
7.266455596853957323e-04 1.190617760328668449e-03 3.244180787946786639e-04 -5.444335489168652053e-05 -1.325751745641039593e-03 8.476241285333329040e-04 0.000000000000000000e+00 1.902352860701387064e-03 2.163998835954004192e-04 -8.747841303098537061e-04 4.088950800989882002e-04 -1.941261083122480368e-03
1.189562919268817879e-03 -1.500038838559892077e-03 1.067952665891209844e-03 1.160213546420082141e-03 1.499791734161563025e-03 1.302202526662935619e-03 1.902352860701387064e-03 0.000000000000000000e+00 -1.284320508199338767e-03 -8.621413779949095406e-04 1.497665876691262412e-04 -1.177320777284538095e-03
-5.456700685890331602e-04 -1.346914907460232229e-03 1.045167777388662019e-04 -9.936053649297392574e-04 -2.357940640761824289e-04 -2.035597065286679755e-04 2.163998835954004192e-04 -1.284320508199338767e-03 0.000000000000000000e+00 -2.599774135886553971e-04 3.932318763132265898e-04 1.627201478585729472e-04
-2.404059135740759673e-04 1.069585749476215097e-03 -3.042694178764719000e-05 6.473439015348052088e-05 9.214928722278147607e-05 -3.312921852262571960e-04 -8.747841303098537061e-04 -8.621413779949095406e-04 -2.599774135886553971e-04 0.000000000000000000e+00 9.304404650628952738e-05 2.884603068881171723e-04
-2.370185069759532157e-04 -2.486630347123072889e-04 8.895516525145900701e-07 4.346920908006211230e-04 -7.936020461590372814e-05 -2.156066961969139160e-04 4.088950800989882002e-04 1.497665876691262412e-04 3.932318763132265898e-04 9.304404650628952738e-05 0.000000000000000000e+00 -3.037218593272240447e-05
-1.621264978924164902e-04 1.128748074964051271e-04 1.585132767590623822e-04 -6.940922774223808522e-04 4.193351100218998574e-04 1.500659875217477863e-04 -1.941261083122480368e-03 -1.177320777284538095e-03 1.627201478585729472e-04 2.884603068881171723e-04 -3.037218593272240447e-05 0.000000000000000000e+00
