0.000000000000000000e+00 -2.014540906020488933e-04 5.931500830658806419e-04 5.008012228817144322e-04 -7.828335898944655544e-04 -6.795818243559054346e-04 5.241622231458576949e-04 2.109529095781426859e-04 -2.338429724006780739e-04 4.515429348378751685e-04 -3.027522436441103574e-04 8.082711966244385737e-04
-2.014540906020488933e-04 0.000000000000000000e+00 -7.328211680930929754e-04 1.137846210471751872e-03 9.850944604013953099e-05 2.372222641069977596e-04 -5.292699313493230391e-04 2.391697772421360219e-05 1.410142496597569135e-03 5.349975941987586111e-04 -2.050081791856126227e-04 6.602232853046867064e-04
5.931500830658806419e-04 -7.328211680930929754e-04 0.000000000000000000e+00 3.397617479939610426e-04 -1.001819905857978998e-04 -4.213741223788674780e-04 3.318501710521133533e-04 -9.641079875310030068e-04 4.108211707396624960e-04 -3.838580389958233855e-04 2.070071843114670406e-04 6.788683869671605781e-04
5.008012228817144322e-04 1.137846210471751872e-03 3.397617479939610426e-04 0.000000000000000000e+00 4.031663616633408723e-04 -3.704264857245100182e-04 9.354959514703946739e-06 -8.224220835397535187e-04 2.000196887888293281e-05 -6.964345090815876290e-05 -1.297557810572804371e-04 1.308341298953211336e-03
-7.828335898944655544e-04 9.850944604013953099e-05 -1.001819905857978998e-04 4.031663616633408723e-04 0.000000000000000000e+00 4.324399820896930547e-05 3.197751140471208754e-04 -6.101431761311865154e-04 6.180302822747716892e-04 4.122070474960540113e-04 3.530509435345987484e-05 3.783490563509115594e-04
-6.795818243559054346e-04 2.372222641069977596e-04 -4.213741223788674780e-04 -3.704264857245100182e-04 4.324399820896930547e-05 0.000000000000000000e+00 4.319594577259701254e-04 1.451512300296292895e-03 5.578223043713895560e-04 -2.423007557657163474e-04 -5.046775941652907865e-04 7.171161846006738954e-04
5.241622231458576949e-04 -5.292699313493230391e-04 3.318501710521133533e-04 9.354959514703946739e-06 3.197751140471208754e-04 4.319594577259701254e-04 0.000000000000000000e+00 3.448600021555588927e-03 8.586658171683925157e-04 9.251983008239078989e-04 1.969256895038853591e-04 -1.493191062318548808e-03
2.109529095781426859e-04 2.391697772421360219e-05 -9.641079875310030068e-04 -8.224220835397535187e-04 -6.101431761311865154e-04 1.451512300296292895e-03 3.448600021555588927e-03 0.000000000000000000e+00 2.111576574977212534e-03 2.858542122955654361e-05 8.139028445600648152e-04 2.071502465305968040e-03
-2.338429724006780739e-04 1.410142496597569135e-03 4.108211707396624960e-04 2.000196887888293281e-05 6.180302822747716892e-04 5.578223043713895560e-04 8.586658171683925157e-04 2.111576574977212534e-03 0.000000000000000000e+00 2.874066063561405153e-04 9.210845693657084899e-05 1.336513545739715682e-03
4.515429348378751685e-04 5.349975941987586111e-04 -3.838580389958233855e-04 -6.964345090815876290e-05 4.122070474960540113e-04 -2.423007557657163474e-04 9.251983008239078989e-04 2.858542122955654361e-05 2.874066063561405153e-04 0.000000000000000000e+00 2.065915796660936366e-04 2.993465039769170938e-05
-3.027522436441103574e-04 -2.050081791856126227e-04 2.070071843114670406e-04 -1.297557810572804371e-04 3.530509435345987484e-05 -5.046775941652907865e-04 1.969256895038853591e-04 8.139028445600648152e-04 9.210845693657084899e-05 2.065915796660936366e-04 0.000000000000000000e+00 -1.464422173854956907e-04
8.082711966244385737e-04 6.602232853046867064e-04 6.788683869671605781e-04 1.308341298953211336e-03 3.783490563509115594e-04 7.171161846006738954e-04 -1.493191062318548808e-03 2.071502465305968040e-03 1.336513545739715682e-03 2.993465039769170938e-05 -1.464422173854956907e-04 0.000000000000000000e+00
