0.000000000000000000e+00 8.776057607732565095e-04 3.773759232813531160e-04 -1.654732690130333427e-03 3.357709344813370519e-03 4.348042308260251297e-04 -4.444478665106239910e-04 -9.492253884790180984e-04 7.944735895253758574e-04 -6.623018858306277228e-04 1.073520130407536665e-03 8.519552549776195820e-04
8.776057607732565095e-04 0.000000000000000000e+00 -1.006011474157963748e-04 3.158048251467096275e-04 -3.602799969933463578e-04 -3.930709473795288055e-04 -6.782553697059419168e-05 -6.095258963374410944e-04 3.418676714157472033e-04 -3.043047747884043111e-04 -1.896464518870814582e-04 -4.456782033498752119e-04
3.773759232813531160e-04 -1.006011474157963748e-04 0.000000000000000000e+00 -1.870653032424690978e-04 1.450452795259930957e-04 1.263532526951275466e-04 3.183459635788003436e-04 -1.919788328230454823e-04 3.313742901114877460e-05 2.112071844520028649e-04 -1.563285491368717015e-04 1.003430484694979986e-04
-1.654732690130333427e-03 3.158048251467096275e-04 -1.870653032424690978e-04 0.000000000000000000e+00 -8.563991273716403457e-04 1.359798715500784225e-03 -3.392537969242992555e-04 2.600235528602640937e-04 -2.183567253170228949e-04 2.308733260949337538e-03 1.140796374694597092e-03 8.290353134417585441e-04
3.357709344813370519e-03 -3.602799969933463578e-04 1.450452795259930957e-04 -8.563991273716403457e-04 0.000000000000000000e+00 1.420476572117541436e-03 3.464933699492089261e-04 -9.306561344166575751e-04 -6.882106678512232975e-04 -3.715599942513416257e-03 1.418377341138880561e-03 -7.667518407426660021e-04
4.348042308260251297e-04 -3.930709473795288055e-04 1.263532526951275466e-04 1.359798715500784225e-03 1.420476572117541436e-03 0.000000000000000000e+00 2.097203583085434982e-04 -2.579848281204740520e-04 3.473585912052826229e-04 2.203876868778800648e-03 4.087794163956493085e-04 -6.905359023041655626e-04
-4.444478665106239910e-04 -6.782553697059419168e-05 3.183459635788003436e-04 -3.392537969242992555e-04 3.464933699492089261e-04 2.097203583085434982e-04 0.000000000000000000e+00 6.879582081154953389e-04 3.800359924512303309e-04 -5.669215078244701535e-04 6.247228804299411646e-04 2.178580484406347501e-04
-9.492253884790180984e-04 -6.095258963374410944e-04 -1.919788328230454823e-04 2.600235528602640937e-04 -9.306561344166575751e-04 -2.579848281204740520e-04 6.879582081154953389e-04 0.000000000000000000e+00 -1.576036273191706513e-04 8.970336301665691428e-05 3.519638949050776181e-04 2.537116627731366629e-04
7.944735895253758574e-04 3.418676714157472033e-04 3.313742901114877460e-05 -2.183567253170228949e-04 -6.882106678512232975e-04 3.473585912052826229e-04 3.800359924512303309e-04 -1.576036273191706513e-04 0.000000000000000000e+00 7.908649463117958063e-04 3.767730928165475852e-04 1.660757276445827286e-04
-6.623018858306277228e-04 -3.043047747884043111e-04 2.112071844520028649e-04 2.308733260949337538e-03 -3.715599942513416257e-03 2.203876868778800648e-03 -5.669215078244701535e-04 8.970336301665691428e-05 7.908649463117958063e-04 0.000000000000000000e+00 -1.644039574564965401e-03 -5.903799611752338396e-04
1.073520130407536665e-03 -1.896464518870814582e-04 -1.563285491368717015e-04 1.140796374694597092e-03 1.418377341138880561e-03 4.087794163956493085e-04 6.247228804299411646e-04 3.519638949050776181e-04 3.767730928165475852e-04 -1.644039574564965401e-03 0.000000000000000000e+00 -4.437630633786839875e-04
8.519552549776195820e-04 -4.456782033498752119e-04 1.003430484694979986e-04 8.290353134417585441e-04 -7.667518407426660021e-04 -6.905359023041655626e-04 2.178580484406347501e-04 2.537116627731366629e-04 1.660757276445827286e-04 -5.903799611752338396e-04 -4.437630633786839875e-04 0.000000000000000000e+00
