0.000000000000000000e+00 -3.514658325528787668e-04 4.020674930392756775e-04 3.950753987333634329e-04 -1.873571190977250380e-03 -1.769969269520051385e-03 -5.722865863187069939e-04 -1.072259706379362441e-03 -3.215524038293460078e-04 2.140253387811695465e-03 2.759949668332180870e-04 7.754745663435014561e-05
-3.514658325528787668e-04 0.000000000000000000e+00 -2.663330740388129489e-04 -8.776890054192225442e-04 -1.124379433737482782e-03 -2.938947049306009953e-05 1.116564393089691288e-04 4.161575417417297165e-04 3.956112450844312422e-04 2.546636738102602167e-04 -2.097325349912081713e-04 2.300621083284447191e-04
4.020674930392756775e-04 -2.663330740388129489e-04 0.000000000000000000e+00 -4.268293040347116073e-05 6.554502925537691275e-05 1.608968007872997239e-04 -1.896225912381131501e-04 4.801531871916203345e-07 -9.109294087672090926e-05 -5.034182618274561432e-04 -7.110788441412596843e-05 6.719048204135745831e-05
3.950753987333634329e-04 -8.776890054192225442e-04 -4.268293040347116073e-05 0.000000000000000000e+00 -9.024649427086568624e-04 4.483626860765170508e-04 3.264062568279179873e-04 9.701627433146966855e-04 4.817692445756646132e-05 -1.092544430526714953e-03 -5.712984988563935083e-04 8.528516406522654606e-04
-1.873571190977250380e-03 -1.124379433737482782e-03 6.554502925537691275e-05 -9.024649427086568624e-04 0.000000000000000000e+00 -1.459577943244698590e-03 -1.008404107857435511e-03 -1.326682444765971266e-03 1.114571856528112290e-03 -1.694910689357060360e-03 -2.830021761974243523e-04 -5.263902702287716036e-04
-1.769969269520051385e-03 -2.938947049306009953e-05 1.608968007872997239e-04 4.483626860765170508e-04 -1.459577943244698590e-03 0.000000000000000000e+00 -1.928588883433833264e-04 1.441948485589433489e-04 -8.954636055032232870e-04 -5.544669131266671477e-04 -1.389952073255527583e-03 -8.548724866210120779e-05
-5.722865863187069939e-04 1.116564393089691288e-04 -1.896225912381131501e-04 3.264062568279179873e-04 -1.008404107857435511e-03 -1.928588883433833264e-04 0.000000000000000000e+00 3.729961459691982133e-04 -1.644549635461897707e-04 -6.680081087327961959e-04 -5.612654378617255293e-04 -2.965413450641697754e-04
-1.072259706379362441e-03 4.161575417417297165e-04 4.801531871916203345e-07 9.701627433146966855e-04 -1.326682444765971266e-03 1.441948485589433489e-04 3.729961459691982133e-04 0.000000000000000000e+00 5.404384007072989037e-04 1.485611306660362214e-03 6.513347942022771264e-04 1.750456770591167542e-04
-3.215524038293460078e-04 3.956112450844312422e-04 -9.109294087672090926e-05 4.817692445756646132e-05 1.114571856528112290e-03 -8.954636055032232870e-04 -1.644549635461897707e-04 5.404384007072989037e-04 0.000000000000000000e+00 3.597081019332335882e-04 4.734517535086406868e-04 2.806535588786568522e-04
2.140253387811695465e-03 2.546636738102602167e-04 -5.034182618274561432e-04 -1.092544430526714953e-03 -1.694910689357060360e-03 -5.544669131266671477e-04 -6.680081087327961959e-04 1.485611306660362214e-03 3.597081019332335882e-04 0.000000000000000000e+00 7.805982842160853145e-04 -1.571565030327027701e-04
2.759949668332180870e-04 -2.097325349912081713e-04 -7.110788441412596843e-05 -5.712984988563935083e-04 -2.830021761974243523e-04 -1.389952073255527583e-03 -5.612654378617255293e-04 6.513347942022771264e-04 4.734517535086406868e-04 7.805982842160853145e-04 0.000000000000000000e+00 -1.151569629713704865e-03
7.754745663435014561e-05 2.300621083284447191e-04 6.719048204135745831e-05 8.528516406522654606e-04 -5.263902702287716036e-04 -8.548724866210120779e-05 -2.965413450641697754e-04 1.750456770591167542e-04 2.806535588786568522e-04 -1.571565030327027701e-04 -1.151569629713704865e-03 0.000000000000000000e+00
