0.000000000000000000e+00 -3.879671744738031019e-04 -5.982452102785483332e-04 -1.412670731030251942e-03 -1.328985901334221427e-03 1.352888379864033682e-03 1.484712101200378329e-04 4.350673223657366170e-04 -3.906262309822778299e-04 5.303255450919356750e-04 -9.633417727901385673e-04 -8.997045865638877158e-04
-3.879671744738031019e-04 0.000000000000000000e+00 2.324688323885052614e-04 1.973626762626118803e-04 -9.185574642829417037e-04 1.171188150735244607e-04 2.587263175508956021e-04 -1.672231199314055808e-04 3.007523805650305485e-04 1.289634259144921023e-03 6.526080639503039791e-04 1.546806556441611717e-04
-5.982452102785483332e-04 2.324688323885052614e-04 0.000000000000000000e+00 4.660935170054154733e-04 1.372569304715519443e-03 5.015708510355153986e-04 1.843206397968480393e-04 1.805154116149342372e-04 -2.204223119661425463e-04 4.110857931613445988e-04 -2.965587980142527034e-04 -2.020933664083381098e-04
-1.412670731030251942e-03 1.973626762626118803e-04 4.660935170054154733e-04 0.000000000000000000e+00 -1.076856337716956130e-03 -4.218551487506412047e-04 2.417365615237853868e-04 -4.509080824325622681e-04 -4.919321236607865588e-05 -1.304889269597243016e-03 -8.295709736719347055e-04 2.819234473219744421e-04
-1.328985901334221427e-03 -9.185574642829417037e-04 1.372569304715519443e-03 -1.076856337716956130e-03 0.000000000000000000e+00 1.994290410561437403e-03 -9.515625258136926976e-04 1.749365443951705163e-03 9.392003883159601770e-04 4.037967330400531857e-04 -1.294569361721034770e-04 -5.241876204245386360e-04
1.352888379864033682e-03 1.171188150735244607e-04 5.015708510355153986e-04 -4.218551487506412047e-04 1.994290410561437403e-03 0.000000000000000000e+00 2.483734764871763502e-04 -6.200750028307067943e-04 4.629339429498082500e-04 1.319928151240667936e-03 -1.241718462841387991e-03 -3.166111674476794691e-05
1.484712101200378329e-04 2.587263175508956021e-04 1.843206397968480393e-04 2.417365615237853868e-04 -9.515625258136926976e-04 2.483734764871763502e-04 0.000000000000000000e+00 -8.642980613861955764e-05 -3.826874409741043767e-05 -6.223380099716669962e-04 -5.248655633539002149e-04 -4.336579472085430446e-04
4.350673223657366170e-04 -1.672231199314055808e-04 1.805154116149342372e-04 -4.509080824325622681e-04 1.749365443951705163e-03 -6.200750028307067943e-04 -8.642980613861955764e-05 0.000000000000000000e+00 -9.278888120077948020e-05 5.285931021051720269e-04 4.491796042573129315e-04 -4.336337262743493633e-04
-3.906262309822778299e-04 3.007523805650305485e-04 -2.204223119661425463e-04 -4.919321236607865588e-05 9.392003883159601770e-04 4.629339429498082500e-04 -3.826874409741043767e-05 -9.278888120077948020e-05 0.000000000000000000e+00 -2.094186461621548221e-04 1.515645979581554037e-04 3.915776286032218517e-05
5.303255450919356750e-04 1.289634259144921023e-03 4.110857931613445988e-04 -1.304889269597243016e-03 4.037967330400531857e-04 1.319928151240667936e-03 -6.223380099716669962e-04 5.285931021051720269e-04 -2.094186461621548221e-04 0.000000000000000000e+00 6.580730398601377729e-04 1.375408821787878037e-03
-9.633417727901385673e-04 6.526080639503039791e-04 -2.965587980142527034e-04 -8.295709736719347055e-04 -1.294569361721034770e-04 -1.241718462841387991e-03 -5.248655633539002149e-04 4.491796042573129315e-04 1.515645979581554037e-04 6.580730398601377729e-04 0.000000000000000000e+00 -5.212317324416044758e-04
-8.997045865638877158e-04 1.546806556441611717e-04 -2.020933664083381098e-04 2.819234473219744421e-04 -5.241876204245386360e-04 -3.166111674476794691e-05 -4.336579472085430446e-04 -4.336337262743493633e-04 3.915776286032218517e-05 1.375408821787878037e-03 -5.212317324416044758e-04 0.000000000000000000e+00
