0.000000000000000000e+00 7.942823524694871866e-04 2.661398341184114205e-04 -1.325966115425481710e-03 -1.930996987925216821e-03 3.786806852431988260e-04 -4.681344737495313451e-04 9.857996381427559622e-04 -1.116431836220719816e-03 -1.003864050544651726e-03 2.478058953998250077e-04 -1.426812905800928363e-04
7.942823524694871866e-04 0.000000000000000000e+00 -2.943672725931049039e-04 6.099959644322039149e-04 -6.354989505626002779e-04 -3.797210640961682249e-04 3.813872898220071724e-04 -1.595636830731471075e-04 -5.716706154973871410e-04 7.963685212824973001e-04 -5.876236049269835268e-05 -1.444204943809894609e-05
2.661398341184114205e-04 -2.943672725931049039e-04 0.000000000000000000e+00 3.838500161818887615e-04 5.178464221380479080e-04 4.340820374596257017e-04 -3.810383161402775237e-04 4.541354395882200336e-05 -1.635833232942715575e-04 3.381572104431355822e-04 4.566752066788404112e-04 1.093530837347785864e-04
-1.325966115425481710e-03 6.099959644322039149e-04 3.838500161818887615e-04 0.000000000000000000e+00 2.171098847242717168e-03 1.063222524157211293e-03 2.834201658674246607e-04 8.854874490034350329e-04 5.296684071526503107e-04 1.173741111588804016e-03 -5.515932397898178465e-04 -1.412778548911159966e-03
-1.930996987925216821e-03 -6.354989505626002779e-04 5.178464221380479080e-04 2.171098847242717168e-03 0.000000000000000000e+00 2.212925923179754565e-03 4.058953968065824678e-04 -6.095409744549060843e-04 3.852628387107369682e-04 3.594380163905316287e-03 -1.989531593301748121e-03 -1.492540587259667427e-03
3.786806852431988260e-04 -3.797210640961682249e-04 4.340820374596257017e-04 1.063222524157211293e-03 2.212925923179754565e-03 0.000000000000000000e+00 -3.602236740844412164e-04 6.974134787823818224e-04 -3.685588217758260484e-04 2.340460761813499535e-04 3.731369874999386862e-04 -2.773287329721471953e-04
-4.681344737495313451e-04 3.813872898220071724e-04 -3.810383161402775237e-04 2.834201658674246607e-04 4.058953968065824678e-04 -3.602236740844412164e-04 0.000000000000000000e+00 3.745282895841322299e-04 -1.614102403980104052e-04 6.043930793094170507e-04 3.994841193491648545e-04 1.681331326424389139e-04
9.857996381427559622e-04 -1.595636830731471075e-04 4.541354395882200336e-05 8.854874490034350329e-04 -6.095409744549060843e-04 6.974134787823818224e-04 3.745282895841322299e-04 0.000000000000000000e+00 -4.718012648240369855e-04 9.923070397850420124e-04 9.662033530156151177e-04 -2.023618637214686918e-04
-1.116431836220719816e-03 -5.716706154973871410e-04 -1.635833232942715575e-04 5.296684071526503107e-04 3.852628387107369682e-04 -3.685588217758260484e-04 -1.614102403980104052e-04 -4.718012648240369855e-04 0.000000000000000000e+00 -2.034815834259941225e-03 1.016381417336082804e-03 -7.334847953562160681e-04
-1.003864050544651726e-03 7.963685212824973001e-04 3.381572104431355822e-04 1.173741111588804016e-03 3.594380163905316287e-03 2.340460761813499535e-04 6.043930793094170507e-04 9.923070397850420124e-04 -2.034815834259941225e-03 0.000000000000000000e+00 1.621647742891004504e-03 -9.119708770030021325e-04
2.478058953998250077e-04 -5.876236049269835268e-05 4.566752066788404112e-04 -5.515932397898178465e-04 -1.989531593301748121e-03 3.731369874999386862e-04 3.994841193491648545e-04 9.662033530156151177e-04 1.016381417336082804e-03 1.621647742891004504e-03 0.000000000000000000e+00 1.083466009261788111e-03
-1.426812905800928363e-04 -1.444204943809894609e-05 1.093530837347785864e-04 -1.412778548911159966e-03 -1.492540587259667427e-03 -2.773287329721471953e-04 1.681331326424389139e-04 -2.023618637214686918e-04 -7.334847953562160681e-04 -9.119708770030021325e-04 1.083466009261788111e-03 0.000000000000000000e+00
