0.000000000000000000e+00 -2.040326589450447837e-04 1.348599751071115262e-03 -4.033644115016223508e-04 -4.377429777502483575e-04 -8.990938918799412172e-04 1.451909144597362438e-03 -1.825274273336949151e-05 5.367356484417299886e-04 -3.496743262000411674e-04 -1.806841161726075514e-04 -4.657862378295815381e-04
-2.040326589450447837e-04 0.000000000000000000e+00 7.749444354389269530e-04 -2.227264594474388565e-04 1.199437596425259253e-03 1.102585770920595646e-04 -1.498142625403638378e-04 2.323374699261968816e-04 1.164715638574589018e-03 4.920158032770677444e-04 -7.226379720321724582e-04 -8.056459651847186227e-04
1.348599751071115262e-03 7.749444354389269530e-04 0.000000000000000000e+00 2.170866172703525500e-04 2.128534497449562080e-03 7.554605727146619437e-04 2.785257287113426967e-03 1.393330048850376351e-04 -2.282334810321772801e-03 -8.263246417473902802e-04 2.457693343067363849e-04 -6.484253621543705653e-05
-4.033644115016223508e-04 -2.227264594474388565e-04 2.170866172703525500e-04 0.000000000000000000e+00 2.295908990850858164e-04 8.080930371624254972e-05 1.517951830796898693e-04 -1.180027916616701916e-04 7.895337715230527249e-04 -1.974350601661531022e-04 1.694031654973977862e-04 4.479063014038203901e-04
-4.377429777502483575e-04 1.199437596425259253e-03 2.128534497449562080e-03 2.295908990850858164e-04 0.000000000000000000e+00 5.171759767544310609e-04 1.518121990263573712e-03 9.718397311110640543e-05 9.245895264079499656e-04 -2.835043284139700790e-04 9.683502682317877844e-04 -1.309293607640863626e-03
-8.990938918799412172e-04 1.102585770920595646e-04 7.554605727146619437e-04 8.080930371624254972e-05 5.171759767544310609e-04 0.000000000000000000e+00 3.398120598889626772e-05 3.878978370452736460e-05 -4.656936493009776641e-04 -2.764536271838306653e-05 -5.625743045015933917e-06 1.717506040744829811e-04
1.451909144597362438e-03 -1.498142625403638378e-04 2.785257287113426967e-03 1.517951830796898693e-04 1.518121990263573712e-03 3.398120598889626772e-05 0.000000000000000000e+00 2.002920502003095661e-04 -3.212267556141635335e-03 3.161297517865770644e-04 8.266774508372936583e-04 3.927678540825549802e-04
-1.825274273336949151e-05 2.323374699261968816e-04 1.393330048850376351e-04 -1.180027916616701916e-04 9.718397311110640543e-05 3.878978370452736460e-05 2.002920502003095661e-04 0.000000000000000000e+00 1.485166701771183757e-04 -2.636489691083087998e-04 -1.983122782872514460e-04 1.562220381823658209e-04
5.367356484417299886e-04 1.164715638574589018e-03 -2.282334810321772801e-03 7.895337715230527249e-04 9.245895264079499656e-04 -4.656936493009776641e-04 -3.212267556141635335e-03 1.485166701771183757e-04 0.000000000000000000e+00 3.748577908737485767e-04 2.804506943963266941e-04 -1.155733833001824354e-03
-3.496743262000411674e-04 4.920158032770677444e-04 -8.263246417473902802e-04 -1.974350601661531022e-04 -2.835043284139700790e-04 -2.764536271838306653e-05 3.161297517865770644e-04 -2.636489691083087998e-04 3.748577908737485767e-04 0.000000000000000000e+00 -1.698201466633297526e-04 2.249160506241975214e-05
-1.806841161726075514e-04 -7.226379720321724582e-04 2.457693343067363849e-04 1.694031654973977862e-04 9.683502682317877844e-04 -5.625743045015933917e-06 8.266774508372936583e-04 -1.983122782872514460e-04 2.804506943963266941e-04 -1.698201466633297526e-04 0.000000000000000000e+00 4.979178539464409678e-04
-4.657862378295815381e-04 -8.056459651847186227e-04 -6.484253621543705653e-05 4.479063014038203901e-04 -1.309293607640863626e-03 1.717506040744829811e-04 3.927678540825549802e-04 1.562220381823658209e-04 -1.155733833001824354e-03 2.249160506241975214e-05 4.979178539464409678e-04 0.000000000000000000e+00
