0.000000000000000000e+00 9.656298648731093484e-05 -1.262908906740970968e-04 4.054399378490389943e-04 6.262862831932754573e-04 -1.532871272453910664e-03 1.519558387022756571e-03 -9.823708268062325436e-05 1.254595592259746947e-03 3.263927272439665463e-04 -1.041198616709077159e-03 3.083328006768289577e-04
9.656298648731093484e-05 0.000000000000000000e+00 6.927134561203574870e-04 2.870705781924669958e-04 -2.180246781514639241e-04 -2.436492176382111074e-04 2.264807289068161648e-05 2.546208469690453523e-04 5.878277527709762718e-04 2.079757561997642688e-06 5.104109539464999051e-04 -2.690083928107329936e-04
-1.262908906740970968e-04 6.927134561203574870e-04 0.000000000000000000e+00 -3.328323370714101454e-04 -3.380575509486028808e-04 -1.439431703290950130e-03 -1.085864339539056563e-03 1.355261953530297492e-04 2.462461719154779879e-04 3.578601780424907905e-04 6.244672948634459120e-04 5.147620833717471032e-04
4.054399378490389943e-04 2.870705781924669958e-04 -3.328323370714101454e-04 0.000000000000000000e+00 -6.600137768657957441e-04 4.663338585352558362e-04 -1.333002923021126994e-03 2.065040745960389408e-04 -1.353944660529301331e-03 1.035096002647399740e-04 -4.631892957743805462e-04 -6.360494776632025790e-04
6.262862831932754573e-04 -2.180246781514639241e-04 -3.380575509486028808e-04 -6.600137768657957441e-04 0.000000000000000000e+00 8.760648941832944320e-04 2.380550841050572877e-03 -7.244985008369296152e-04 2.602644473850198106e-03 2.897443661453827672e-04 -9.900299444329490727e-04 1.405923854146164662e-04
-1.532871272453910664e-03 -2.436492176382111074e-04 -1.439431703290950130e-03 4.663338585352558362e-04 8.760648941832944320e-04 0.000000000000000000e+00 -1.161852810310751551e-03 -2.068161841364537178e-04 5.462257337515765429e-04 8.883562078741252246e-05 3.308150067316413230e-04 -7.296626303092874650e-04
1.519558387022756571e-03 2.264807289068161648e-05 -1.085864339539056563e-03 -1.333002923021126994e-03 2.380550841050572877e-03 -1.161852810310751551e-03 0.000000000000000000e+00 -6.537889681239273613e-04 -2.762321077932060852e-03 1.178068385182990969e-03 -1.515308583828185165e-03 2.414891243547962610e-05
-9.823708268062325436e-05 2.546208469690453523e-04 1.355261953530297492e-04 2.065040745960389408e-04 -7.244985008369296152e-04 -2.068161841364537178e-04 -6.537889681239273613e-04 0.000000000000000000e+00 -1.528031574338196909e-04 -2.507467381085291998e-04 -5.764145748337103905e-04 -5.237741913195365648e-04
1.254595592259746947e-03 5.878277527709762718e-04 2.462461719154779879e-04 -1.353944660529301331e-03 2.602644473850198106e-03 5.462257337515765429e-04 -2.762321077932060852e-03 -1.528031574338196909e-04 0.000000000000000000e+00 8.422797414588303725e-05 -5.291551101729228797e-04 -1.299082003152231312e-03
3.263927272439665463e-04 2.079757561997642688e-06 3.578601780424907905e-04 1.035096002647399740e-04 2.897443661453827672e-04 8.883562078741252246e-05 1.178068385182990969e-03 -2.507467381085291998e-04 8.422797414588303725e-05 0.000000000000000000e+00 3.629288622425858079e-04 3.128804943633648329e-04
-1.041198616709077159e-03 5.104109539464999051e-04 6.244672948634459120e-04 -4.631892957743805462e-04 -9.900299444329490727e-04 3.308150067316413230e-04 -1.515308583828185165e-03 -5.764145748337103905e-04 -5.291551101729228797e-04 3.629288622425858079e-04 0.000000000000000000e+00 8.399859308454649598e-04
3.083328006768289577e-04 -2.690083928107329936e-04 5.147620833717471032e-04 -6.360494776632025790e-04 1.405923854146164662e-04 -7.296626303092874650e-04 2.414891243547962610e-05 -5.237741913195365648e-04 -1.299082003152231312e-03 3.128804943633648329e-04 8.399859308454649598e-04 0.000000000000000000e+00
