0.000000000000000000e+00 2.006285092068219489e-04 -3.492206873860696347e-04 -4.910018065797103811e-04 5.768626613792448080e-04 7.917718098548177886e-04 -7.087484536977874941e-04 7.076315062112157283e-05 2.992926437506967315e-04 7.027209251858991318e-04 6.013308872060672567e-04 -8.720489273128470033e-04
2.006285092068219489e-04 0.000000000000000000e+00 -1.051144918071314342e-04 4.065744949705054874e-04 3.439226167111757030e-04 3.661453120980056545e-04 3.242071502433521642e-05 6.150280214572625016e-04 5.141756162505457806e-04 7.479075745478186302e-04 6.208766560037519942e-04 -7.409975353324621365e-04
-3.492206873860696347e-04 -1.051144918071314342e-04 0.000000000000000000e+00 -5.162518729212397552e-04 5.104159126623760779e-04 -1.144449981995148682e-03 6.890379876099423772e-04 5.136368752091745966e-04 -6.013438918512122987e-04 5.241666334847703461e-04 7.483040213912169059e-04 6.698580037578648512e-04
-4.910018065797103811e-04 4.065744949705054874e-04 -5.162518729212397552e-04 0.000000000000000000e+00 1.027287172717522432e-04 -4.146239179609009003e-04 5.357730426990939704e-05 3.016229477618297713e-04 1.145485109249841393e-04 1.078491561861866493e-03 8.842177294837022528e-05 6.019738894013876122e-04
5.768626613792448080e-04 3.439226167111757030e-04 5.104159126623760779e-04 1.027287172717522432e-04 0.000000000000000000e+00 -2.499409167592726985e-04 8.370431340626933081e-05 -1.581132139347614244e-03 -3.400620010197826041e-05 1.939200381302407482e-03 6.567225684946039225e-04 9.013509367911466978e-04
7.917718098548177886e-04 3.661453120980056545e-04 -1.144449981995148682e-03 -4.146239179609009003e-04 -2.499409167592726985e-04 0.000000000000000000e+00 2.603914109861794500e-04 2.897597393435021669e-04 1.394721103899811522e-03 -1.215182731436748606e-03 -6.134175650990375496e-04 -1.499046755681336706e-03
-7.087484536977874941e-04 3.242071502433521642e-05 6.890379876099423772e-04 5.357730426990939704e-05 8.370431340626933081e-05 2.603914109861794500e-04 0.000000000000000000e+00 -3.027556652798369004e-04 4.501818585842444639e-04 -8.503205692701021985e-04 8.019086022551188703e-04 2.638312122141674783e-04
7.076315062112157283e-05 6.150280214572625016e-04 5.136368752091745966e-04 3.016229477618297713e-04 -1.581132139347614244e-03 2.897597393435021669e-04 -3.027556652798369004e-04 0.000000000000000000e+00 -2.457864003321659713e-04 4.145920788263871264e-04 3.436174782455529686e-04 1.142956942890648139e-04
2.992926437506967315e-04 5.141756162505457806e-04 -6.013438918512122987e-04 1.145485109249841393e-04 -3.400620010197826041e-05 1.394721103899811522e-03 4.501818585842444639e-04 -2.457864003321659713e-04 0.000000000000000000e+00 1.516743534409616470e-03 -7.482328760081046121e-05 2.030300183659441027e-03
7.027209251858991318e-04 7.479075745478186302e-04 5.241666334847703461e-04 1.078491561861866493e-03 1.939200381302407482e-03 -1.215182731436748606e-03 -8.503205692701021985e-04 4.145920788263871264e-04 1.516743534409616470e-03 0.000000000000000000e+00 -4.644554551875813776e-04 1.397598214218631228e-03
6.013308872060672567e-04 6.208766560037519942e-04 7.483040213912169059e-04 8.842177294837022528e-05 6.567225684946039225e-04 -6.134175650990375496e-04 8.019086022551188703e-04 3.436174782455529686e-04 -7.482328760081046121e-05 -4.644554551875813776e-04 0.000000000000000000e+00 -2.905395873728398512e-03
-8.720489273128470033e-04 -7.409975353324621365e-04 6.698580037578648512e-04 6.019738894013876122e-04 9.013509367911466978e-04 -1.499046755681336706e-03 2.638312122141674783e-04 1.142956942890648139e-04 2.030300183659441027e-03 1.397598214218631228e-03 -2.905395873728398512e-03 0.000000000000000000e+00
