0.000000000000000000e+00 -2.722050534160680370e-04 -1.922887112174785868e-04 1.041300739735914472e-04 2.438000303362538169e-04 -2.537279428388964525e-04 -3.442328150713965998e-05 -1.547769599068298278e-04 1.812918699295465940e-04 -2.550154281188520933e-04 2.178480387588134655e-04 7.746314886896093046e-04
-2.722050534160680370e-04 0.000000000000000000e+00 1.139874408009557729e-04 -1.900997121125687117e-05 -3.302884651907803527e-04 2.489891682400516889e-04 -4.781577285930995315e-04 4.937405528145488839e-05 3.367548579848187796e-05 -5.700831909105615394e-04 2.042748361101144150e-04 1.283804626738130729e-03
-1.922887112174785868e-04 1.139874408009557729e-04 0.000000000000000000e+00 3.553188342972520811e-04 4.496391030093183018e-04 -2.254710633529720214e-04 -2.100460923373297865e-06 1.471903137493354638e-04 -4.182942335543624176e-04 -4.861986950302954382e-04 4.071297179118803320e-04 -3.780219286579296535e-05
1.041300739735914472e-04 -1.900997121125687117e-05 3.553188342972520811e-04 0.000000000000000000e+00 -5.771445373366800496e-05 2.759468939346971031e-04 3.535283836999691845e-04 -3.678683811858744594e-04 1.352000454844332566e-04 -5.619384819669589635e-04 -3.744590953917676735e-04 -1.023852435978239413e-03
2.438000303362538169e-04 -3.302884651907803527e-04 4.496391030093183018e-04 -5.771445373366800496e-05 0.000000000000000000e+00 -7.528083826815034491e-04 -7.800485231801592258e-04 3.318058029215439886e-04 -1.363710354713859325e-04 -1.651116577269336931e-03 -1.050857675014605258e-04 9.557642015004557583e-04
-2.537279428388964525e-04 2.489891682400516889e-04 -2.254710633529720214e-04 2.759468939346971031e-04 -7.528083826815034491e-04 0.000000000000000000e+00 -5.363152768878511794e-04 -4.176844747770889959e-06 1.126725852793584526e-03 9.712424143902707776e-04 6.955167554846661184e-04 -1.219927017787965969e-03
-3.442328150713965998e-05 -4.781577285930995315e-04 -2.100460923373297865e-06 3.535283836999691845e-04 -7.800485231801592258e-04 -5.363152768878511794e-04 0.000000000000000000e+00 -9.261075957213589765e-04 -8.968595163623816315e-04 5.842172692103657448e-04 -2.995032095247802928e-04 2.671486820321480817e-04
-1.547769599068298278e-04 4.937405528145488839e-05 1.471903137493354638e-04 -3.678683811858744594e-04 3.318058029215439886e-04 -4.176844747770889959e-06 -9.261075957213589765e-04 0.000000000000000000e+00 -3.575972260329149041e-04 1.984855247433592491e-03 -5.455489816253624585e-04 -9.292202931905653831e-04
1.812918699295465940e-04 3.367548579848187796e-05 -4.182942335543624176e-04 1.352000454844332566e-04 -1.363710354713859325e-04 1.126725852793584526e-03 -8.968595163623816315e-04 -3.575972260329149041e-04 0.000000000000000000e+00 -2.482493783238622943e-03 7.611938397290515541e-05 -3.388772567439298422e-04
-2.550154281188520933e-04 -5.700831909105615394e-04 -4.861986950302954382e-04 -5.619384819669589635e-04 -1.651116577269336931e-03 9.712424143902707776e-04 5.842172692103657448e-04 1.984855247433592491e-03 -2.482493783238622943e-03 0.000000000000000000e+00 1.572138229850099345e-04 -1.557518818123856778e-03
2.178480387588134655e-04 2.042748361101144150e-04 4.071297179118803320e-04 -3.744590953917676735e-04 -1.050857675014605258e-04 6.955167554846661184e-04 -2.995032095247802928e-04 -5.455489816253624585e-04 7.611938397290515541e-05 1.572138229850099345e-04 0.000000000000000000e+00 9.286557514152222722e-04
7.746314886896093046e-04 1.283804626738130729e-03 -3.780219286579296535e-05 -1.023852435978239413e-03 9.557642015004557583e-04 -1.219927017787965969e-03 2.671486820321480817e-04 -9.292202931905653831e-04 -3.388772567439298422e-04 -1.557518818123856778e-03 9.286557514152222722e-04 0.000000000000000000e+00
