0.000000000000000000e+00 -3.506474586169619446e-04 -4.416924043883002290e-04 4.054532510579121531e-04 -2.292296749829913854e-04 6.837903031660081234e-04 1.959051065627717247e-04 -7.792253854637507969e-04 -7.510680605995348567e-04 -2.414849385766372621e-04 5.446127279327340380e-04 8.049992749520327485e-04
-3.506474586169619446e-04 0.000000000000000000e+00 3.097437461133833894e-04 2.281058170520833923e-04 -2.822678213395180447e-04 9.047074343490641246e-06 -3.790349015435362122e-05 5.756088179119662595e-04 3.451522340637267253e-04 1.647345183103552865e-03 2.600254444145451947e-04 -2.850143073119712185e-04
-4.416924043883002290e-04 3.097437461133833894e-04 0.000000000000000000e+00 2.209450159878343267e-04 -6.118033677149467726e-04 2.859414891314447714e-04 2.072626478802469508e-04 -7.304721949719760864e-04 8.261401831243046215e-04 1.807982749775472690e-04 1.380262944046704247e-04 -6.958996407318913035e-04
4.054532510579121531e-04 2.281058170520833923e-04 2.209450159878343267e-04 0.000000000000000000e+00 3.062305101815661020e-04 -1.538086731801492876e-05 3.455594577057606110e-04 2.504251506595177681e-04 -5.095245221681110733e-04 -1.024330745240788513e-03 -2.776716415210222361e-04 6.631282113562932774e-04
-2.292296749829913854e-04 -2.822678213395180447e-04 -6.118033677149467726e-04 3.062305101815661020e-04 0.000000000000000000e+00 2.164371514694875698e-03 -7.798623300393159536e-04 1.488665871053359126e-03 9.102260354049327654e-04 -6.306526147274242296e-04 -1.932654110445830283e-04 1.626933395358837143e-03
6.837903031660081234e-04 9.047074343490641246e-06 2.859414891314447714e-04 -1.538086731801492876e-05 2.164371514694875698e-03 0.000000000000000000e+00 6.981524900762887476e-04 4.676806622315912276e-04 1.763884315392215993e-04 1.480210082183507862e-03 1.391900864789033737e-03 -6.585874113739419384e-04
1.959051065627717247e-04 -3.790349015435362122e-05 2.072626478802469508e-04 3.455594577057606110e-04 -7.798623300393159536e-04 6.981524900762887476e-04 0.000000000000000000e+00 -6.757500912080632643e-04 8.910589442476712831e-05 -1.295119092772943799e-03 9.053771962763553730e-04 -1.851619628655519012e-03
-7.792253854637507969e-04 5.756088179119662595e-04 -7.304721949719760864e-04 2.504251506595177681e-04 1.488665871053359126e-03 4.676806622315912276e-04 -6.757500912080632643e-04 0.000000000000000000e+00 -5.296845096746842854e-04 -8.031106958760947574e-05 6.838211191749142244e-04 -1.721111816686683987e-03
-7.510680605995348567e-04 3.451522340637267253e-04 8.261401831243046215e-04 -5.095245221681110733e-04 9.102260354049327654e-04 1.763884315392215993e-04 8.910589442476712831e-05 -5.296845096746842854e-04 0.000000000000000000e+00 2.471098883846439202e-04 3.089638074072475495e-04 -7.006500910447966291e-04
-2.414849385766372621e-04 1.647345183103552865e-03 1.807982749775472690e-04 -1.024330745240788513e-03 -6.306526147274242296e-04 1.480210082183507862e-03 -1.295119092772943799e-03 -8.031106958760947574e-05 2.471098883846439202e-04 0.000000000000000000e+00 2.725420482192534807e-04 4.325439171956010562e-03
5.446127279327340380e-04 2.600254444145451947e-04 1.380262944046704247e-04 -2.776716415210222361e-04 -1.932654110445830283e-04 1.391900864789033737e-03 9.053771962763553730e-04 6.838211191749142244e-04 3.089638074072475495e-04 2.725420482192534807e-04 0.000000000000000000e+00 -1.767553030012976312e-03
8.049992749520327485e-04 -2.850143073119712185e-04 -6.958996407318913035e-04 6.631282113562932774e-04 1.626933395358837143e-03 -6.585874113739419384e-04 -1.851619628655519012e-03 -1.721111816686683987e-03 -7.006500910447966291e-04 4.325439171956010562e-03 -1.767553030012976312e-03 0.000000000000000000e+00
