0.000000000000000000e+00 -3.889029506691566210e-04 1.283528744662065010e-03 1.476397093141088111e-03 3.562148394596936513e-03 9.529452832262681403e-04 1.778714684802974884e-04 -9.010060151928947795e-04 -4.731734997654455169e-04 -6.845146355301310161e-04 1.731554559679579757e-03 7.923617489582645732e-05
-3.889029506691566210e-04 0.000000000000000000e+00 -2.717825827520752003e-04 -2.670185289922305505e-04 -7.896560564286511565e-04 -2.371599090447983906e-04 3.621561156191065536e-05 -2.373790467771746818e-04 6.424144396303149598e-05 5.619337769199194186e-05 1.203839000944707804e-03 5.111355403444082330e-04
1.283528744662065010e-03 -2.717825827520752003e-04 0.000000000000000000e+00 -1.340361008402982991e-04 -3.029709786765078980e-04 -2.364182329163912915e-04 1.514841175939995252e-05 -1.516991431466071019e-04 6.090853000360883139e-05 -5.087025643584161052e-06 -2.511559331207916575e-04 -7.947267709272536149e-04
1.476397093141088111e-03 -2.670185289922305505e-04 -1.340361008402982991e-04 0.000000000000000000e+00 -8.060374190025660496e-04 2.206669530213698058e-04 -1.153433471051224191e-04 -4.927259389286309807e-04 -9.292823698360827632e-05 -4.442699643713103586e-04 -9.724763340796642192e-04 4.564216704651105540e-04
3.562148394596936513e-03 -7.896560564286511565e-04 -3.029709786765078980e-04 -8.060374190025660496e-04 0.000000000000000000e+00 8.462958111467225450e-04 -3.510205326983742457e-04 2.104969473899887673e-06 -4.349553944140740450e-04 1.929447302240906714e-03 2.093216826148760687e-03 8.137348117308555858e-04
9.529452832262681403e-04 -2.371599090447983906e-04 -2.364182329163912915e-04 2.206669530213698058e-04 8.462958111467225450e-04 0.000000000000000000e+00 9.212457707157512357e-05 1.477398553411327770e-04 -6.115354090585544094e-05 -4.470708163866238174e-04 6.134860494582158440e-04 -5.126744066789198874e-04
1.778714684802974884e-04 3.621561156191065536e-05 1.514841175939995252e-05 -1.153433471051224191e-04 -3.510205326983742457e-04 9.212457707157512357e-05 0.000000000000000000e+00 4.942618179659968999e-05 -4.167695458379023230e-04 3.687554605224303188e-04 -9.295443197136783319e-05 2.300878353572231676e-04
-9.010060151928947795e-04 -2.373790467771746818e-04 -1.516991431466071019e-04 -4.927259389286309807e-04 2.104969473899887673e-06 1.477398553411327770e-04 4.942618179659968999e-05 0.000000000000000000e+00 1.946590933449257637e-05 1.060276917524966673e-04 1.065559206583397924e-04 -2.638737237334994805e-04
-4.731734997654455169e-04 6.424144396303149598e-05 6.090853000360883139e-05 -9.292823698360827632e-05 -4.349553944140740450e-04 -6.115354090585544094e-05 -4.167695458379023230e-04 1.946590933449257637e-05 0.000000000000000000e+00 -1.019220550907840440e-04 8.112023703763492901e-04 -7.749987880432897782e-06
-6.845146355301310161e-04 5.619337769199194186e-05 -5.087025643584161052e-06 -4.442699643713103586e-04 1.929447302240906714e-03 -4.470708163866238174e-04 3.687554605224303188e-04 1.060276917524966673e-04 -1.019220550907840440e-04 0.000000000000000000e+00 -7.600206021985511477e-04 1.022259522956725421e-03
1.731554559679579757e-03 1.203839000944707804e-03 -2.511559331207916575e-04 -9.724763340796642192e-04 2.093216826148760687e-03 6.134860494582158440e-04 -9.295443197136783319e-05 1.065559206583397924e-04 8.112023703763492901e-04 -7.600206021985511477e-04 0.000000000000000000e+00 -4.182137059211856714e-04
7.923617489582645732e-05 5.111355403444082330e-04 -7.947267709272536149e-04 4.564216704651105540e-04 8.137348117308555858e-04 -5.126744066789198874e-04 2.300878353572231676e-04 -2.638737237334994805e-04 -7.749987880432897782e-06 1.022259522956725421e-03 -4.182137059211856714e-04 0.000000000000000000e+00
