0.000000000000000000e+00 -2.292881082034325599e-03 2.842933758423529778e-04 1.576676165504460668e-04 3.554573129785579093e-03 -1.611333526049254020e-03 3.600663887281084908e-04 2.487970798643254224e-04 6.214846542304235805e-04 -6.342007021899667826e-04 -4.699645705262098412e-03 -9.983406899242374365e-04
-2.292881082034325599e-03 0.000000000000000000e+00 -4.221464476374945968e-04 6.788700810565736002e-04 -7.759212034920542076e-04 -5.903333906115196521e-04 6.298970177512577427e-04 2.047347766454328153e-04 -5.324780452374828880e-04 -2.821381611283683261e-04 -9.267609966256741289e-04 -5.152333673420528585e-04
2.842933758423529778e-04 -4.221464476374945968e-04 0.000000000000000000e+00 2.856952395753428894e-04 -3.362400668704672996e-04 1.758719144895748562e-04 1.662216447345634667e-05 -6.078472889241993130e-05 -4.029453229976492825e-04 -5.715681665631384853e-05 -4.813234296699587644e-04 -2.076424782987338052e-04
1.576676165504460668e-04 6.788700810565736002e-04 2.856952395753428894e-04 0.000000000000000000e+00 -2.112698359015116340e-03 5.293234620665527180e-04 -1.771409100752599725e-04 3.700158956059133386e-04 4.940124245711295008e-04 -3.963783180085629697e-04 -3.598563193653153127e-04 -5.080382228513783457e-04
3.554573129785579093e-03 -7.759212034920542076e-04 -3.362400668704672996e-04 -2.112698359015116340e-03 0.000000000000000000e+00 -1.405089355818755310e-03 -6.042917834584785042e-04 1.937357389960652363e-05 1.079987192903947941e-03 1.435785542432781441e-04 -2.175851069781719813e-03 -6.077037963903385688e-04
-1.611333526049254020e-03 -5.903333906115196521e-04 1.758719144895748562e-04 5.293234620665527180e-04 -1.405089355818755310e-03 0.000000000000000000e+00 7.122929170849146311e-04 -2.267734187263380186e-04 -1.178627710723868528e-04 6.340678866028458130e-04 -7.440852486879241104e-04 9.070169115467537329e-05
3.600663887281084908e-04 6.298970177512577427e-04 1.662216447345634667e-05 -1.771409100752599725e-04 -6.042917834584785042e-04 7.122929170849146311e-04 0.000000000000000000e+00 -1.733475632886647278e-04 -4.896676122394244676e-04 3.035438354201389684e-04 2.603202704217082207e-04 -3.966430823902683989e-04
2.487970798643254224e-04 2.047347766454328153e-04 -6.078472889241993130e-05 3.700158956059133386e-04 1.937357389960652363e-05 -2.267734187263380186e-04 -1.733475632886647278e-04 0.000000000000000000e+00 8.418425010726669007e-05 4.063596082819814423e-04 5.021522902772268017e-04 -2.262986651503885380e-04
6.214846542304235805e-04 -5.324780452374828880e-04 -4.029453229976492825e-04 4.940124245711295008e-04 1.079987192903947941e-03 -1.178627710723868528e-04 -4.896676122394244676e-04 8.418425010726669007e-05 0.000000000000000000e+00 -5.215803177880610608e-04 -6.459250304702487402e-05 4.075323346865990736e-04
-6.342007021899667826e-04 -2.821381611283683261e-04 -5.715681665631384853e-05 -3.963783180085629697e-04 1.435785542432781441e-04 6.340678866028458130e-04 3.035438354201389684e-04 4.063596082819814423e-04 -5.215803177880610608e-04 0.000000000000000000e+00 4.451993721371027809e-04 7.980253678737226448e-04
-4.699645705262098412e-03 -9.267609966256741289e-04 -4.813234296699587644e-04 -3.598563193653153127e-04 -2.175851069781719813e-03 -7.440852486879241104e-04 2.603202704217082207e-04 5.021522902772268017e-04 -6.459250304702487402e-05 4.451993721371027809e-04 0.000000000000000000e+00 2.301491161611367482e-04
-9.983406899242374365e-04 -5.152333673420528585e-04 -2.076424782987338052e-04 -5.080382228513783457e-04 -6.077037963903385688e-04 9.070169115467537329e-05 -3.966430823902683989e-04 -2.262986651503885380e-04 4.075323346865990736e-04 7.980253678737226448e-04 2.301491161611367482e-04 0.000000000000000000e+00
