0.000000000000000000e+00 1.087756379977849802e-03 -4.875205015413308944e-04 6.555738605899076111e-04 -2.773049431391861989e-03 5.673073948161789582e-04 -1.351744371413039205e-03 -2.085949498952343988e-04 8.665388407589235309e-05 -8.767961456819237717e-04 1.864237574272154712e-03 1.604014167885093375e-03
1.087756379977849802e-03 0.000000000000000000e+00 3.213998336635408054e-04 -1.476805811210687958e-04 6.470020947428773176e-04 -5.624212018940624638e-04 2.234613781401476333e-04 3.748382952569173903e-04 3.524738069653275929e-05 5.197954772287835968e-04 4.034104219375684772e-04 -1.980812883564677892e-04
-4.875205015413308944e-04 3.213998336635408054e-04 0.000000000000000000e+00 1.377166002513532006e-04 -6.096253645123416755e-04 1.153563587606786336e-04 4.878718488800934611e-04 -6.119936068755341401e-05 3.968296190162122223e-04 -8.883531158938235469e-04 -2.056050896980753638e-05 -1.326266135995090938e-04
6.555738605899076111e-04 -1.476805811210687958e-04 1.377166002513532006e-04 0.000000000000000000e+00 -1.258003058164577481e-03 -4.855888824238845732e-04 2.444565895272933476e-04 -1.934703673041880169e-04 -6.213125709541667072e-04 7.826410694625285467e-04 1.231026559259087907e-03 1.006421821274272946e-03
-2.773049431391861989e-03 6.470020947428773176e-04 -6.096253645123416755e-04 -1.258003058164577481e-03 0.000000000000000000e+00 -7.414135795545136578e-04 1.638421809751397376e-03 -2.374611020966863929e-04 -1.027427870615035604e-03 7.941760281174915781e-04 1.099348073776579889e-03 -1.625907862895285393e-03
5.673073948161789582e-04 -5.624212018940624638e-04 1.153563587606786336e-04 -4.855888824238845732e-04 -7.414135795545136578e-04 0.000000000000000000e+00 -4.090572029289051221e-04 2.740525784846207179e-04 2.476725243971492898e-04 -3.015525078886362604e-05 1.449527938874008420e-03 -4.458398683983581172e-04
-1.351744371413039205e-03 2.234613781401476333e-04 4.878718488800934611e-04 2.444565895272933476e-04 1.638421809751397376e-03 -4.090572029289051221e-04 0.000000000000000000e+00 -3.425881579343650288e-04 5.325452237830925794e-04 -2.359721274504011205e-05 1.307594656713714472e-03 6.403703361179992337e-04
-2.085949498952343988e-04 3.748382952569173903e-04 -6.119936068755341401e-05 -1.934703673041880169e-04 -2.374611020966863929e-04 2.740525784846207179e-04 -3.425881579343650288e-04 0.000000000000000000e+00 -3.220823453735936130e-04 -1.933651015865056220e-04 7.926238051569496341e-05 -2.190186848326854292e-04
8.665388407589235309e-05 3.524738069653275929e-05 3.968296190162122223e-04 -6.213125709541667072e-04 -1.027427870615035604e-03 2.476725243971492898e-04 5.325452237830925794e-04 -3.220823453735936130e-04 0.000000000000000000e+00 6.254334058982541356e-04 5.568644674926908397e-04 9.650260514942859535e-04
-8.767961456819237717e-04 5.197954772287835968e-04 -8.883531158938235469e-04 7.826410694625285467e-04 7.941760281174915781e-04 -3.015525078886362604e-05 -2.359721274504011205e-05 -1.933651015865056220e-04 6.254334058982541356e-04 0.000000000000000000e+00 3.166072057365015109e-04 1.028602351433500128e-03
1.864237574272154712e-03 4.034104219375684772e-04 -2.056050896980753638e-05 1.231026559259087907e-03 1.099348073776579889e-03 1.449527938874008420e-03 1.307594656713714472e-03 7.926238051569496341e-05 5.568644674926908397e-04 3.166072057365015109e-04 0.000000000000000000e+00 -1.072152013954925150e-03
1.604014167885093375e-03 -1.980812883564677892e-04 -1.326266135995090938e-04 1.006421821274272946e-03 -1.625907862895285393e-03 -4.458398683983581172e-04 6.403703361179992337e-04 -2.190186848326854292e-04 9.650260514942859535e-04 1.028602351433500128e-03 -1.072152013954925150e-03 0.000000000000000000e+00
