0.000000000000000000e+00 8.887030447037820363e-04 -3.251113873088466678e-04 -2.767140903767150166e-04 9.562852401632360557e-04 4.053870115969105195e-03 1.068714314056595305e-03 -1.601766760203301911e-03 3.695623424921360599e-06 -1.918257592138936660e-03 -5.630973747554708295e-04 6.529669697384940909e-04
8.887030447037820363e-04 0.000000000000000000e+00 -1.198147048886071887e-04 8.951642287176746248e-04 -2.378585872885483846e-04 1.591113928995293355e-03 -3.092466675786257886e-04 1.073602493751774599e-03 9.599695518315795335e-04 5.399837375600052142e-04 -5.513597583328349672e-04 -5.419478890969710479e-04
-3.251113873088466678e-04 -1.198147048886071887e-04 0.000000000000000000e+00 5.117923709250111466e-04 -2.940121787186513857e-04 1.056446373374010693e-03 -3.662323579796775575e-04 -1.763794060301052352e-04 2.485019490596342509e-04 -6.042936600797287191e-04 4.033649876089883464e-05 7.332991237331355273e-05
-2.767140903767150166e-04 8.951642287176746248e-04 5.117923709250111466e-04 0.000000000000000000e+00 3.878746120978068140e-04 1.564957761342388506e-03 -6.647406918103373509e-04 4.730549039455844967e-04 -6.817045543116316336e-04 4.637429178592542651e-04 -5.721264984999950982e-05 2.980296270212579425e-04
9.562852401632360557e-04 -2.378585872885483846e-04 -2.940121787186513857e-04 3.878746120978068140e-04 0.000000000000000000e+00 -1.740902464552195657e-03 3.583845082092273083e-04 6.363138925902794710e-04 6.527293784261805330e-05 -4.138766903622962800e-04 3.480905871367435847e-04 2.223885044167837183e-04
4.053870115969105195e-03 1.591113928995293355e-03 1.056446373374010693e-03 1.564957761342388506e-03 -1.740902464552195657e-03 0.000000000000000000e+00 2.505242814956746590e-04 4.085573367073545961e-05 -2.990620918185362309e-04 2.695754018592789493e-03 2.141497103695156376e-04 7.264066294711832641e-04
1.068714314056595305e-03 -3.092466675786257886e-04 -3.662323579796775575e-04 -6.647406918103373509e-04 3.583845082092273083e-04 2.505242814956746590e-04 0.000000000000000000e+00 5.032305313947869701e-05 -2.965039318593381239e-05 7.813256280960408128e-04 -4.449490507583051500e-04 1.441843233253442005e-04
-1.601766760203301911e-03 1.073602493751774599e-03 -1.763794060301052352e-04 4.730549039455844967e-04 6.363138925902794710e-04 4.085573367073545961e-05 5.032305313947869701e-05 0.000000000000000000e+00 5.343034281385449451e-05 1.050356014902301734e-03 1.011535884341145924e-03 -1.512658384013501991e-04
3.695623424921360599e-06 9.599695518315795335e-04 2.485019490596342509e-04 -6.817045543116316336e-04 6.527293784261805330e-05 -2.990620918185362309e-04 -2.965039318593381239e-05 5.343034281385449451e-05 0.000000000000000000e+00 -8.124885436873679036e-04 -1.902599193022593124e-04 6.211520149897001330e-05
-1.918257592138936660e-03 5.399837375600052142e-04 -6.042936600797287191e-04 4.637429178592542651e-04 -4.138766903622962800e-04 2.695754018592789493e-03 7.813256280960408128e-04 1.050356014902301734e-03 -8.124885436873679036e-04 0.000000000000000000e+00 1.869940932691192674e-04 -5.211065930023901609e-04
-5.630973747554708295e-04 -5.513597583328349672e-04 4.033649876089883464e-05 -5.721264984999950982e-05 3.480905871367435847e-04 2.141497103695156376e-04 -4.449490507583051500e-04 1.011535884341145924e-03 -1.902599193022593124e-04 1.869940932691192674e-04 0.000000000000000000e+00 -8.996783323134694408e-05
6.529669697384940909e-04 -5.419478890969710479e-04 7.332991237331355273e-05 2.980296270212579425e-04 2.223885044167837183e-04 7.264066294711832641e-04 1.441843233253442005e-04 -1.512658384013501991e-04 6.211520149897001330e-05 -5.211065930023901609e-04 -8.996783323134694408e-05 0.000000000000000000e+00
