0.000000000000000000e+00 1.615121509561153867e-03 3.235628310661922127e-04 4.843370565446980633e-04 -1.927020517807363277e-04 2.472405868100275260e-03 -6.365225642732683445e-04 -3.213176517544257330e-03 8.522087492029687035e-05 -6.501691378257031364e-04 -5.284672384722887035e-04 -5.042293375044199465e-04
1.615121509561153867e-03 0.000000000000000000e+00 3.761480576784051607e-04 1.190301004045161938e-03 -9.428706527148529278e-04 1.755057993446590588e-03 1.436314159598932327e-04 1.045615152063880541e-03 -4.263840545257085763e-04 -2.575395701893569813e-04 1.459107932974125325e-04 -2.408390540667371604e-04
3.235628310661922127e-04 3.761480576784051607e-04 0.000000000000000000e+00 -2.768811003839717860e-04 -2.966154301282214706e-04 -4.285978866283428096e-04 7.348494740649176224e-05 -4.873232361466242916e-04 1.167356905943235884e-04 4.259072747745335842e-04 6.045760325585083862e-05 3.221823401214245815e-04
4.843370565446980633e-04 1.190301004045161938e-03 -2.768811003839717860e-04 0.000000000000000000e+00 8.721708092719338825e-04 1.919038890122585529e-03 7.191809842961974274e-04 1.191415336517997011e-04 -3.989662168324009401e-04 1.698162273999338594e-04 -2.355895982519093802e-04 7.543219881426675884e-04
-1.927020517807363277e-04 -9.428706527148529278e-04 -2.966154301282214706e-04 8.721708092719338825e-04 0.000000000000000000e+00 9.506240390781356495e-04 -2.697614103960000961e-04 4.375410737137977110e-04 -6.446891319065481234e-04 -1.644111856372210037e-04 -2.085172327574276398e-04 5.374892388482862453e-04
2.472405868100275260e-03 1.755057993446590588e-03 -4.285978866283428096e-04 1.919038890122585529e-03 9.506240390781356495e-04 0.000000000000000000e+00 -3.038049490504924569e-04 -2.966533793085985703e-03 -7.392351150824254475e-04 8.547832552835072425e-04 5.784906745695745419e-04 -9.685792083706721818e-04
-6.365225642732683445e-04 1.436314159598932327e-04 7.348494740649176224e-05 7.191809842961974274e-04 -2.697614103960000961e-04 -3.038049490504924569e-04 0.000000000000000000e+00 -1.299358691494129721e-04 3.999806846679901926e-04 -6.990677929881445977e-04 -3.310633385579830109e-04 3.028687835075274473e-05
-3.213176517544257330e-03 1.045615152063880541e-03 -4.873232361466242916e-04 1.191415336517997011e-04 4.375410737137977110e-04 -2.966533793085985703e-03 -1.299358691494129721e-04 0.000000000000000000e+00 5.877249423103483210e-04 2.372016988745790115e-04 -5.450616069448904017e-04 3.182647090503770205e-04
8.522087492029687035e-05 -4.263840545257085763e-04 1.167356905943235884e-04 -3.989662168324009401e-04 -6.446891319065481234e-04 -7.392351150824254475e-04 3.999806846679901926e-04 5.877249423103483210e-04 0.000000000000000000e+00 -5.471913913808805442e-04 4.771114851318335290e-04 -4.961471855759272295e-05
-6.501691378257031364e-04 -2.575395701893569813e-04 4.259072747745335842e-04 1.698162273999338594e-04 -1.644111856372210037e-04 8.547832552835072425e-04 -6.990677929881445977e-04 2.372016988745790115e-04 -5.471913913808805442e-04 0.000000000000000000e+00 7.925460031405082368e-04 9.905672228672896505e-04
-5.284672384722887035e-04 1.459107932974125325e-04 6.045760325585083862e-05 -2.355895982519093802e-04 -2.085172327574276398e-04 5.784906745695745419e-04 -3.310633385579830109e-04 -5.450616069448904017e-04 4.771114851318335290e-04 7.925460031405082368e-04 0.000000000000000000e+00 -2.312178999154656655e-04
-5.042293375044199465e-04 -2.408390540667371604e-04 3.221823401214245815e-04 7.543219881426675884e-04 5.374892388482862453e-04 -9.685792083706721818e-04 3.028687835075274473e-05 3.182647090503770205e-04 -4.961471855759272295e-05 9.905672228672896505e-04 -2.312178999154656655e-04 0.000000000000000000e+00
