0.000000000000000000e+00 -7.751315271550984114e-04 -1.167400727343741304e-03 1.983407080619442077e-03 3.054848462817559541e-04 -4.651400426464542479e-04 6.709162407114385458e-04 -6.979511285370917093e-04 1.586111010538121991e-04 7.412704481934940734e-04 -1.902300213404756917e-04 1.367077715969627460e-04
-7.751315271550984114e-04 0.000000000000000000e+00 -4.708340205103010842e-04 -1.652932358561132089e-04 9.824358123951277676e-04 1.572619634645836028e-03 -4.303527456607187198e-04 3.045893657176251498e-04 -1.274308511771155440e-04 -1.173802427725746797e-03 7.006256326327510572e-04 -4.315642306700063742e-04
-1.167400727343741304e-03 -4.708340205103010842e-04 0.000000000000000000e+00 -1.413361348988241702e-04 -3.290493995735189526e-04 1.007480068356270131e-04 8.681729036138866593e-05 -4.736893030900601138e-04 2.134593759904722268e-04 3.561557917235750811e-04 -7.523303673716462349e-05 -3.051622088074427887e-04
1.983407080619442077e-03 -1.652932358561132089e-04 -1.413361348988241702e-04 0.000000000000000000e+00 -2.559356622590925039e-04 -4.299185822666673354e-04 -3.285674067425859964e-04 -9.681415221924350714e-04 1.947321483561204709e-04 5.638739732150852349e-04 5.917155994790878259e-04 -6.164572536419677231e-04
3.054848462817559541e-04 9.824358123951277676e-04 -3.290493995735189526e-04 -2.559356622590925039e-04 0.000000000000000000e+00 2.709768047921895170e-04 1.529160417002917226e-04 7.215179044574771992e-04 -1.684048859847540771e-05 1.509524325502240331e-04 -2.480014420347315444e-04 1.120558159512353942e-04
-4.651400426464542479e-04 1.572619634645836028e-03 1.007480068356270131e-04 -4.299185822666673354e-04 2.709768047921895170e-04 0.000000000000000000e+00 -1.056063714118340513e-03 -2.044974054609231384e-03 -1.109471119147266384e-03 -2.215427266202657855e-03 -4.572682108007354693e-04 1.006725910029456069e-03
6.709162407114385458e-04 -4.303527456607187198e-04 8.681729036138866593e-05 -3.285674067425859964e-04 1.529160417002917226e-04 -1.056063714118340513e-03 0.000000000000000000e+00 -3.418359296106109513e-04 7.230209104758185444e-05 -8.979205923751718867e-04 -2.554162244294836326e-04 1.659668957097717440e-05
-6.979511285370917093e-04 3.045893657176251498e-04 -4.736893030900601138e-04 -9.681415221924350714e-04 7.215179044574771992e-04 -2.044974054609231384e-03 -3.418359296106109513e-04 0.000000000000000000e+00 -2.927755221521842303e-04 1.618251576236025713e-03 6.294666909495888517e-04 1.250214806882608032e-05
1.586111010538121991e-04 -1.274308511771155440e-04 2.134593759904722268e-04 1.947321483561204709e-04 -1.684048859847540771e-05 -1.109471119147266384e-03 7.230209104758185444e-05 -2.927755221521842303e-04 0.000000000000000000e+00 -3.775304013210126078e-04 1.148970740328293677e-04 -1.404737641813643822e-04
7.412704481934940734e-04 -1.173802427725746797e-03 3.561557917235750811e-04 5.638739732150852349e-04 1.509524325502240331e-04 -2.215427266202657855e-03 -8.979205923751718867e-04 1.618251576236025713e-03 -3.775304013210126078e-04 0.000000000000000000e+00 -8.736159266812535459e-04 -5.333560997077664784e-04
-1.902300213404756917e-04 7.006256326327510572e-04 -7.523303673716462349e-05 5.917155994790878259e-04 -2.480014420347315444e-04 -4.572682108007354693e-04 -2.554162244294836326e-04 6.294666909495888517e-04 1.148970740328293677e-04 -8.736159266812535459e-04 0.000000000000000000e+00 -4.937773018837258749e-05
1.367077715969627460e-04 -4.315642306700063742e-04 -3.051622088074427887e-04 -6.164572536419677231e-04 1.120558159512353942e-04 1.006725910029456069e-03 1.659668957097717440e-05 1.250214806882608032e-05 -1.404737641813643822e-04 -5.333560997077664784e-04 -4.937773018837258749e-05 0.000000000000000000e+00
