0.000000000000000000e+00 -2.544475622811496855e-04 -5.818257845904031790e-04 1.284770002994470740e-03 1.233694149671634268e-03 -1.656951403916623712e-03 -6.078877859482488544e-04 7.043177115419735476e-04 -1.039037809222015819e-03 1.970416329494786931e-03 1.308279165349755238e-03 -6.014362065168074521e-06
-2.544475622811496855e-04 0.000000000000000000e+00 -8.956228751115929705e-05 -2.380734966691988195e-04 2.261380468448332651e-04 1.983974516998411857e-03 -1.083371123224990154e-04 7.814143842179786369e-04 7.752615384747785091e-04 1.442098461432188847e-03 4.812491581733456232e-04 -5.412893086129790584e-04
-5.818257845904031790e-04 -8.956228751115929705e-05 0.000000000000000000e+00 -2.728187275316230832e-04 -2.170498875760948712e-04 -5.952402438018144842e-04 2.454851724189929135e-05 -2.775370689871395780e-04 -1.766785307980263192e-04 7.961846166439944580e-04 -4.492466304992389064e-04 4.451888408379237635e-04
1.284770002994470740e-03 -2.380734966691988195e-04 -2.728187275316230832e-04 0.000000000000000000e+00 7.916831935231807187e-04 -2.589286011680566341e-03 1.543335775625894845e-04 -7.584967118874167422e-04 -2.408273661064606484e-04 1.033638259479645587e-03 2.363285151061221762e-06 -7.927558409475498724e-05
1.233694149671634268e-03 2.261380468448332651e-04 -2.170498875760948712e-04 7.916831935231807187e-04 0.000000000000000000e+00 5.049747564636491472e-04 3.911585326590927888e-04 -1.231718944369711256e-03 -7.473207145476329707e-04 -1.632130516641839418e-03 4.320598853081897045e-04 6.899377467996883374e-04
-1.656951403916623712e-03 1.983974516998411857e-03 -5.952402438018144842e-04 -2.589286011680566341e-03 5.049747564636491472e-04 0.000000000000000000e+00 4.575416128497967918e-04 2.767264597910022890e-03 -5.033938972041541613e-04 -2.423911029368475915e-03 3.214086365997128551e-04 2.087099245769384311e-04
-6.078877859482488544e-04 -1.083371123224990154e-04 2.454851724189929135e-05 1.543335775625894845e-04 3.911585326590927888e-04 4.575416128497967918e-04 0.000000000000000000e+00 -2.449335913305787627e-04 1.537875069118766066e-04 7.033421594027705268e-04 -8.961117157868603929e-05 -1.020122445952992269e-04
7.043177115419735476e-04 7.814143842179786369e-04 -2.775370689871395780e-04 -7.584967118874167422e-04 -1.231718944369711256e-03 2.767264597910022890e-03 -2.449335913305787627e-04 0.000000000000000000e+00 -1.076363528772688390e-04 1.736913488294811788e-03 2.411990111117592577e-05 -3.203789991743689089e-04
-1.039037809222015819e-03 7.752615384747785091e-04 -1.766785307980263192e-04 -2.408273661064606484e-04 -7.473207145476329707e-04 -5.033938972041541613e-04 1.537875069118766066e-04 -1.076363528772688390e-04 0.000000000000000000e+00 7.748855294849935071e-04 2.727313059904780607e-05 4.040320213711642481e-04
1.970416329494786931e-03 1.442098461432188847e-03 7.961846166439944580e-04 1.033638259479645587e-03 -1.632130516641839418e-03 -2.423911029368475915e-03 7.033421594027705268e-04 1.736913488294811788e-03 7.748855294849935071e-04 0.000000000000000000e+00 -3.514112975295874343e-04 -8.685290729388511852e-04
1.308279165349755238e-03 4.812491581733456232e-04 -4.492466304992389064e-04 2.363285151061221762e-06 4.320598853081897045e-04 3.214086365997128551e-04 -8.961117157868603929e-05 2.411990111117592577e-05 2.727313059904780607e-05 -3.514112975295874343e-04 0.000000000000000000e+00 -2.151052573202857335e-04
-6.014362065168074521e-06 -5.412893086129790584e-04 4.451888408379237635e-04 -7.927558409475498724e-05 6.899377467996883374e-04 2.087099245769384311e-04 -1.020122445952992269e-04 -3.203789991743689089e-04 4.040320213711642481e-04 -8.685290729388511852e-04 -2.151052573202857335e-04 0.000000000000000000e+00
