0.000000000000000000e+00 -1.194072634000206082e-03 -8.443178940190674631e-04 8.082217098851097060e-04 9.757465593509115007e-04 1.627169833913298148e-03 4.041205388025562959e-05 -7.660959491340408418e-04 -6.281065804324165603e-04 2.700292540788635197e-03 -6.249244154076963147e-04 5.165779344137369760e-04
-1.194072634000206082e-03 0.000000000000000000e+00 -4.077077593661004818e-04 -8.051973974000299660e-05 4.549336026018070797e-04 -1.263345545834452860e-03 -6.758147903630200987e-04 -7.785846831741999893e-05 -6.845959180576084236e-04 -1.548715138542737599e-03 4.959964687282286070e-04 -4.344323398943107260e-05
-8.443178940190674631e-04 -4.077077593661004818e-04 0.000000000000000000e+00 -7.814430972936532694e-05 1.109462551115939774e-04 2.214354413416310709e-04 -3.727386061090981408e-04 -7.475298439586918094e-04 -2.512183878420080679e-04 3.770529927552115413e-04 -1.197478271065414637e-04 -3.759739087047491834e-04
8.082217098851097060e-04 -8.051973974000299660e-05 -7.814430972936532694e-05 0.000000000000000000e+00 1.228530196237599117e-03 -6.262537100141840661e-04 4.013700955121422229e-05 1.069506324454755179e-03 7.417486053957053280e-04 -1.469720316223075817e-03 -9.046911790281511384e-04 -2.808282929702581357e-04
9.757465593509115007e-04 4.549336026018070797e-04 1.109462551115939774e-04 1.228530196237599117e-03 0.000000000000000000e+00 -2.414381420258039906e-03 -3.616081327231397409e-04 -8.875016519228633074e-04 -4.247291550817056073e-04 -1.385384156786682516e-03 -1.541571345967643520e-04 -3.448933125265524679e-04
1.627169833913298148e-03 -1.263345545834452860e-03 2.214354413416310709e-04 -6.262537100141840661e-04 -2.414381420258039906e-03 0.000000000000000000e+00 8.621420358181117009e-04 -6.840048204384267154e-04 -1.196916102360285006e-04 -5.274900910184799095e-05 6.511601436910795899e-05 -1.535352641676615679e-04
4.041205388025562959e-05 -6.758147903630200987e-04 -3.727386061090981408e-04 4.013700955121422229e-05 -3.616081327231397409e-04 8.621420358181117009e-04 0.000000000000000000e+00 -4.972105901015161047e-05 -4.109693061849186888e-04 1.361907766199769684e-04 -2.332474426289442510e-04 -3.980201907853109038e-04
-7.660959491340408418e-04 -7.785846831741999893e-05 -7.475298439586918094e-04 1.069506324454755179e-03 -8.875016519228633074e-04 -6.840048204384267154e-04 -4.972105901015161047e-05 0.000000000000000000e+00 5.696942643805827855e-04 1.437778520116656140e-03 -4.577455856630731216e-04 9.043991063169146485e-04
-6.281065804324165603e-04 -6.845959180576084236e-04 -2.512183878420080679e-04 7.417486053957053280e-04 -4.247291550817056073e-04 -1.196916102360285006e-04 -4.109693061849186888e-04 5.696942643805827855e-04 0.000000000000000000e+00 2.536219395645915374e-04 -4.112869256449606568e-04 -5.817552710865193781e-05
2.700292540788635197e-03 -1.548715138542737599e-03 3.770529927552115413e-04 -1.469720316223075817e-03 -1.385384156786682516e-03 -5.274900910184799095e-05 1.361907766199769684e-04 1.437778520116656140e-03 2.536219395645915374e-04 0.000000000000000000e+00 -5.141363382509595752e-04 7.493203837198124774e-04
-6.249244154076963147e-04 4.959964687282286070e-04 -1.197478271065414637e-04 -9.046911790281511384e-04 -1.541571345967643520e-04 6.511601436910795899e-05 -2.332474426289442510e-04 -4.577455856630731216e-04 -4.112869256449606568e-04 -5.141363382509595752e-04 0.000000000000000000e+00 -7.199905771166333415e-04
5.165779344137369760e-04 -4.344323398943107260e-05 -3.759739087047491834e-04 -2.808282929702581357e-04 -3.448933125265524679e-04 -1.535352641676615679e-04 -3.980201907853109038e-04 9.043991063169146485e-04 -5.817552710865193781e-05 7.493203837198124774e-04 -7.199905771166333415e-04 0.000000000000000000e+00
