0.000000000000000000e+00 -9.082174254405451337e-05 -2.834931929985166953e-04 1.072014335929797257e-03 -4.286006363239210819e-04 1.260171000192561496e-03 1.932189744432832716e-04 -2.281821612083244615e-03 -1.189077636779443600e-03 -1.198886693569307509e-04 1.010673784183463084e-03 7.962076957866651020e-04
-9.082174254405451337e-05 0.000000000000000000e+00 7.194436334937867822e-04 1.219085817561911794e-03 3.033903965280561115e-04 4.997557200155939693e-04 -4.102556032135683370e-04 -5.404863671454526730e-04 9.089618067540498089e-05 -5.200454600373761663e-05 9.772870308353254730e-04 -3.091561917651198757e-05
-2.834931929985166953e-04 7.194436334937867822e-04 0.000000000000000000e+00 9.697733168183686589e-05 -1.232773649570415356e-04 -1.170767380045651898e-04 8.738488232250633261e-05 -8.436894174802256341e-04 4.788528524754009951e-05 -3.228981186867573732e-05 -6.991248768227354272e-05 -4.601787150257809862e-04
1.072014335929797257e-03 1.219085817561911794e-03 9.697733168183686589e-05 0.000000000000000000e+00 -5.506537486440475941e-04 -7.006580765103217860e-04 7.100616911561915005e-05 3.626631424649240880e-05 1.244122956980480386e-03 -4.202019211539926940e-04 8.220199543742031517e-04 1.760648491758156188e-03
-4.286006363239210819e-04 3.033903965280561115e-04 -1.232773649570415356e-04 -5.506537486440475941e-04 0.000000000000000000e+00 3.142875986305224936e-04 -9.440836777120790492e-05 1.049929937511562533e-03 1.399588771643401632e-05 1.739912297824978472e-04 -4.647333794159227765e-04 1.144598023034159060e-04
1.260171000192561496e-03 4.997557200155939693e-04 -1.170767380045651898e-04 -7.006580765103217860e-04 3.142875986305224936e-04 0.000000000000000000e+00 -2.452700202137458397e-04 -8.983686846357855386e-04 -3.123804953805490959e-04 1.627176173194073375e-04 7.380545790072753172e-04 1.211542699050331857e-03
1.932189744432832716e-04 -4.102556032135683370e-04 8.738488232250633261e-05 7.100616911561915005e-05 -9.440836777120790492e-05 -2.452700202137458397e-04 0.000000000000000000e+00 -1.314972876049817730e-04 -2.768968612943596718e-04 2.186693825786869411e-04 -1.969419382646644327e-04 2.483353633038242803e-04
-2.281821612083244615e-03 -5.404863671454526730e-04 -8.436894174802256341e-04 3.626631424649240880e-05 1.049929937511562533e-03 -8.983686846357855386e-04 -1.314972876049817730e-04 0.000000000000000000e+00 -1.188432106227517351e-03 6.369757197577899550e-04 2.852719001058919967e-03 1.686964512980677249e-03
-1.189077636779443600e-03 9.089618067540498089e-05 4.788528524754009951e-05 1.244122956980480386e-03 1.399588771643401632e-05 -3.123804953805490959e-04 -2.768968612943596718e-04 -1.188432106227517351e-03 0.000000000000000000e+00 -3.706406138467178025e-04 -3.834077001077042289e-04 1.538367849412411621e-03
-1.198886693569307509e-04 -5.200454600373761663e-05 -3.228981186867573732e-05 -4.202019211539926940e-04 1.739912297824978472e-04 1.627176173194073375e-04 2.186693825786869411e-04 6.369757197577899550e-04 -3.706406138467178025e-04 0.000000000000000000e+00 2.480160096555317911e-04 6.013078579027511528e-04
1.010673784183463084e-03 9.772870308353254730e-04 -6.991248768227354272e-05 8.220199543742031517e-04 -4.647333794159227765e-04 7.380545790072753172e-04 -1.969419382646644327e-04 2.852719001058919967e-03 -3.834077001077042289e-04 2.480160096555317911e-04 0.000000000000000000e+00 7.128984067829682077e-04
7.962076957866651020e-04 -3.091561917651198757e-05 -4.601787150257809862e-04 1.760648491758156188e-03 1.144598023034159060e-04 1.211542699050331857e-03 2.483353633038242803e-04 1.686964512980677249e-03 1.538367849412411621e-03 6.013078579027511528e-04 7.128984067829682077e-04 0.000000000000000000e+00
