0.000000000000000000e+00 -4.184216933808464163e-05 -6.797141670606207534e-04 4.597314149684440538e-04 6.136629679920364150e-04 1.037716036831966591e-04 -1.198566846861118425e-03 1.630869125824318481e-03 6.435012806602199899e-04 -8.258552808732676914e-04 -3.153937563182324013e-04 -2.318303642136216453e-03
-4.184216933808464163e-05 0.000000000000000000e+00 -4.401804812589606652e-04 1.164710191745966118e-03 3.568277404140673416e-04 1.694378793787518483e-04 -1.105553633585294504e-04 -2.563276840651017296e-03 5.292775692724502323e-04 -5.389499289530870268e-04 3.971510325426303670e-04 1.518358863776678690e-03
-6.797141670606207534e-04 -4.401804812589606652e-04 0.000000000000000000e+00 -2.408054258248673335e-04 -1.970983571092532630e-04 -1.683991074309782690e-04 2.321517512633849709e-06 7.830660542500551997e-04 6.082836578199552765e-05 -3.639447751694131392e-04 6.025331210715532135e-04 2.461568105766646876e-04
4.597314149684440538e-04 1.164710191745966118e-03 -2.408054258248673335e-04 0.000000000000000000e+00 6.979845247799498461e-05 5.633081022691516920e-04 -3.591845300264190577e-05 -4.556030444734989479e-04 2.619940267911503385e-04 -4.175375041352303576e-04 -2.227116213890630643e-04 9.749819681882342104e-04
6.136629679920364150e-04 3.568277404140673416e-04 -1.970983571092532630e-04 6.979845247799498461e-05 0.000000000000000000e+00 4.206723084227277057e-04 -2.846542110942880752e-05 -1.325234004822330473e-03 -3.673027357422705081e-04 1.475577858781617919e-04 4.967008356048117825e-04 -9.268932634862514031e-04
1.037716036831966591e-04 1.694378793787518483e-04 -1.683991074309782690e-04 5.633081022691516920e-04 4.206723084227277057e-04 0.000000000000000000e+00 8.387267334664944961e-04 9.129227049634850875e-04 3.832554540962255086e-04 1.670001436521576811e-04 5.562816636815021663e-04 -7.120731143422856643e-04
-1.198566846861118425e-03 -1.105553633585294504e-04 2.321517512633849709e-06 -3.591845300264190577e-05 -2.846542110942880752e-05 8.387267334664944961e-04 0.000000000000000000e+00 -9.325858804156438074e-04 1.952517183175274938e-04 -1.194931664802349492e-06 -7.472834734895986110e-04 -1.017205687091759549e-03
1.630869125824318481e-03 -2.563276840651017296e-03 7.830660542500551997e-04 -4.556030444734989479e-04 -1.325234004822330473e-03 9.129227049634850875e-04 -9.325858804156438074e-04 0.000000000000000000e+00 2.290483597539201555e-03 3.385087399671999871e-04 1.270786268754353718e-03 -3.001209917294996813e-03
6.435012806602199899e-04 5.292775692724502323e-04 6.082836578199552765e-05 2.619940267911503385e-04 -3.673027357422705081e-04 3.832554540962255086e-04 1.952517183175274938e-04 2.290483597539201555e-03 0.000000000000000000e+00 -1.916327374478530654e-04 6.323472368381988012e-04 7.892921727951364127e-04
-8.258552808732676914e-04 -5.389499289530870268e-04 -3.639447751694131392e-04 -4.175375041352303576e-04 1.475577858781617919e-04 1.670001436521576811e-04 -1.194931664802349492e-06 3.385087399671999871e-04 -1.916327374478530654e-04 0.000000000000000000e+00 6.657425902310381812e-04 4.969970357695973522e-04
-3.153937563182324013e-04 3.971510325426303670e-04 6.025331210715532135e-04 -2.227116213890630643e-04 4.967008356048117825e-04 5.562816636815021663e-04 -7.472834734895986110e-04 1.270786268754353718e-03 6.323472368381988012e-04 6.657425902310381812e-04 0.000000000000000000e+00 1.699433278140025094e-03
-2.318303642136216453e-03 1.518358863776678690e-03 2.461568105766646876e-04 9.749819681882342104e-04 -9.268932634862514031e-04 -7.120731143422856643e-04 -1.017205687091759549e-03 -3.001209917294996813e-03 7.892921727951364127e-04 4.969970357695973522e-04 1.699433278140025094e-03 0.000000000000000000e+00
