0.000000000000000000e+00 -2.628554496520951159e-04 -6.838858341874608227e-04 7.083814428446187292e-04 3.320603906171858024e-04 -1.770995702964544085e-04 -6.540104486020019078e-04 3.158508128897137730e-03 -8.399943782928076096e-04 -3.074238149017311916e-04 -8.879729674832580058e-04 5.972622527399608925e-04
-2.628554496520951159e-04 0.000000000000000000e+00 -3.337890737547137337e-04 -1.189549943038135460e-03 -4.358121247103139556e-04 6.088816258473772321e-05 -2.094495716015678155e-04 -5.851730637740026018e-04 -6.044921525214363430e-05 -8.705316817063254536e-06 -7.601194289577692257e-04 -9.951830197182675621e-04
-6.838858341874608227e-04 -3.337890737547137337e-04 0.000000000000000000e+00 4.446729436658029030e-04 -1.885231517878937341e-04 1.121028123671314517e-05 -1.908305565914673472e-04 -1.130770065608921986e-04 -5.476796273351472889e-04 1.573024404416323632e-04 1.665472597308679061e-04 -6.551468604344754107e-04
7.083814428446187292e-04 -1.189549943038135460e-03 4.446729436658029030e-04 0.000000000000000000e+00 -7.290140386408552420e-05 1.131582722527333220e-03 -4.514313793822167446e-04 -2.553030527719185160e-03 -9.191550676948372078e-04 -2.037658262759565217e-04 -1.586003706682611409e-03 2.815505982125605282e-04
3.320603906171858024e-04 -4.358121247103139556e-04 -1.885231517878937341e-04 -7.290140386408552420e-05 0.000000000000000000e+00 -5.666640670604447565e-05 1.464917860888118593e-04 5.174084841281569600e-04 -2.777054940126870929e-04 2.044035668132995580e-04 4.859036676399891238e-04 -6.979862509201323773e-04
-1.770995702964544085e-04 6.088816258473772321e-05 1.121028123671314517e-05 1.131582722527333220e-03 -5.666640670604447565e-05 0.000000000000000000e+00 -2.933416138880135118e-05 -2.850956883318845128e-04 -5.437409078623611834e-05 4.029532801447207376e-04 3.624011144301567447e-04 1.038446672065313717e-03
-6.540104486020019078e-04 -2.094495716015678155e-04 -1.908305565914673472e-04 -4.514313793822167446e-04 1.464917860888118593e-04 -2.933416138880135118e-05 0.000000000000000000e+00 1.351326125286606960e-03 -1.668792556906299501e-04 -1.709561896649688646e-04 9.338325641648706358e-04 -4.501842946178163745e-04
3.158508128897137730e-03 -5.851730637740026018e-04 -1.130770065608921986e-04 -2.553030527719185160e-03 5.174084841281569600e-04 -2.850956883318845128e-04 1.351326125286606960e-03 0.000000000000000000e+00 9.823040170066515454e-04 -1.051538287252260038e-03 2.462051958009875245e-03 -1.020434083891300748e-05
-8.399943782928076096e-04 -6.044921525214363430e-05 -5.476796273351472889e-04 -9.191550676948372078e-04 -2.777054940126870929e-04 -5.437409078623611834e-05 -1.668792556906299501e-04 9.823040170066515454e-04 0.000000000000000000e+00 -1.439998909724130504e-04 -5.269751756173685634e-05 -3.386033223409385382e-04
-3.074238149017311916e-04 -8.705316817063254536e-06 1.573024404416323632e-04 -2.037658262759565217e-04 2.044035668132995580e-04 4.029532801447207376e-04 -1.709561896649688646e-04 -1.051538287252260038e-03 -1.439998909724130504e-04 0.000000000000000000e+00 3.650476538300496889e-04 -7.004508890753174130e-04
-8.879729674832580058e-04 -7.601194289577692257e-04 1.665472597308679061e-04 -1.586003706682611409e-03 4.859036676399891238e-04 3.624011144301567447e-04 9.338325641648706358e-04 2.462051958009875245e-03 -5.269751756173685634e-05 3.650476538300496889e-04 0.000000000000000000e+00 4.566356133524890728e-04
5.972622527399608925e-04 -9.951830197182675621e-04 -6.551468604344754107e-04 2.815505982125605282e-04 -6.979862509201323773e-04 1.038446672065313717e-03 -4.501842946178163745e-04 -1.020434083891300748e-05 -3.386033223409385382e-04 -7.004508890753174130e-04 4.566356133524890728e-04 0.000000000000000000e+00
