0.000000000000000000e+00 1.128475104113183880e-03 -4.373598959504087103e-04 1.248848976790000332e-03 -2.624686933390047209e-04 1.713523744336339349e-05 7.727177362886629821e-04 -2.985744360948742494e-03 3.676528830038874526e-04 3.350671297981543031e-04 4.732065251982735927e-04 -7.589574733832493659e-04
1.128475104113183880e-03 0.000000000000000000e+00 2.046053523649224068e-04 5.524552829031412703e-05 2.711289207626008590e-04 6.242614939780731596e-04 1.349759104194069514e-04 6.453967850426860350e-04 3.705276049526573702e-05 1.706716463171795508e-04 5.727052477642563359e-04 1.220941086761264966e-03
-4.373598959504087103e-04 2.046053523649224068e-04 0.000000000000000000e+00 -6.206276559357172063e-04 1.877327457537747034e-04 4.097323539516282065e-04 -4.957449090234585052e-04 -1.572116173459199399e-03 -1.038455027839502626e-04 -2.560855124109367867e-04 -4.849784716503451401e-04 -3.143696976749464048e-04
1.248848976790000332e-03 5.524552829031412703e-05 -6.206276559357172063e-04 0.000000000000000000e+00 4.573961554700421640e-04 -3.202186349513335252e-04 3.837325688225663245e-04 -9.232515358561974549e-04 6.854846551783154484e-04 -6.733143819722615985e-04 1.397753031887443917e-03 3.385352665233698857e-04
-2.624686933390047209e-04 2.711289207626008590e-04 1.877327457537747034e-04 4.573961554700421640e-04 0.000000000000000000e+00 1.007937979990123850e-05 -2.818176647066384342e-04 4.808934323425784370e-04 6.628891949902689963e-04 -4.715952973383771732e-04 -8.454715770887896069e-04 1.215567947799627924e-03
1.713523744336339349e-05 6.242614939780731596e-04 4.097323539516282065e-04 -3.202186349513335252e-04 1.007937979990123850e-05 0.000000000000000000e+00 -5.336368889538292606e-04 -2.120838385766775076e-04 -1.799688365995216689e-04 -2.136997441080684852e-04 -2.114361458411453802e-04 8.154686893999199695e-06
7.727177362886629821e-04 1.349759104194069514e-04 -4.957449090234585052e-04 3.837325688225663245e-04 -2.818176647066384342e-04 -5.336368889538292606e-04 0.000000000000000000e+00 1.410829697416493209e-03 -1.445896209784394129e-04 3.035309541882997598e-04 -1.833412741956327570e-04 1.365966401215916535e-03
-2.985744360948742494e-03 6.453967850426860350e-04 -1.572116173459199399e-03 -9.232515358561974549e-04 4.808934323425784370e-04 -2.120838385766775076e-04 1.410829697416493209e-03 0.000000000000000000e+00 5.677710617888655914e-04 -8.606100826891474554e-04 -1.580381019552530011e-03 -1.265062152596795454e-04
3.676528830038874526e-04 3.705276049526573702e-05 -1.038455027839502626e-04 6.854846551783154484e-04 6.628891949902689963e-04 -1.799688365995216689e-04 -1.445896209784394129e-04 5.677710617888655914e-04 0.000000000000000000e+00 -2.479667377923714853e-04 -6.624015044431691911e-05 -3.005642280839964774e-04
3.350671297981543031e-04 1.706716463171795508e-04 -2.560855124109367867e-04 -6.733143819722615985e-04 -4.715952973383771732e-04 -2.136997441080684852e-04 3.035309541882997598e-04 -8.606100826891474554e-04 -2.479667377923714853e-04 0.000000000000000000e+00 -2.738293598594520348e-04 3.069308057467941731e-04
4.732065251982735927e-04 5.727052477642563359e-04 -4.849784716503451401e-04 1.397753031887443917e-03 -8.454715770887896069e-04 -2.114361458411453802e-04 -1.833412741956327570e-04 -1.580381019552530011e-03 -6.624015044431691911e-05 -2.738293598594520348e-04 0.000000000000000000e+00 1.026910799952513755e-03
-7.589574733832493659e-04 1.220941086761264966e-03 -3.143696976749464048e-04 3.385352665233698857e-04 1.215567947799627924e-03 8.154686893999199695e-06 1.365966401215916535e-03 -1.265062152596795454e-04 -3.005642280839964774e-04 3.069308057467941731e-04 1.026910799952513755e-03 0.000000000000000000e+00
