0.000000000000000000e+00 -5.552581337292676654e-04 -1.333024903841290368e-03 7.138907683973056469e-04 1.442781277923986744e-03 1.178494916486106823e-03 1.069319948450228944e-03 -1.710056898132529231e-03 2.243998290164554634e-04 6.589357182016883667e-04 -1.188890478483064974e-03 -2.513273085317275710e-03
-5.552581337292676654e-04 0.000000000000000000e+00 2.288985095615763679e-04 -6.513505547922190313e-05 2.581095573026690381e-04 6.574801952608404828e-04 1.329010341766723906e-03 -4.976685150785238251e-04 -3.613228513904300746e-04 1.862263105017364936e-05 8.983248134623030652e-05 6.061559275740729296e-04
-1.333024903841290368e-03 2.288985095615763679e-04 0.000000000000000000e+00 7.651081951338244570e-05 9.731690443498507701e-05 -7.005335909955165592e-04 3.577339885651967689e-04 6.074726790749885837e-04 -6.569666489023646061e-04 -3.985956274717724181e-04 -7.839962707756077936e-04 9.312954509695373550e-05
7.138907683973056469e-04 -6.513505547922190313e-05 7.651081951338244570e-05 0.000000000000000000e+00 1.492279923589728407e-04 -2.915662272714419003e-05 2.436666962990576181e-05 3.188599866287128697e-04 -8.459659601361542935e-05 -1.718302783025709704e-04 1.202237967836742541e-04 -2.231835169875031894e-04
1.442781277923986744e-03 2.581095573026690381e-04 9.731690443498507701e-05 1.492279923589728407e-04 0.000000000000000000e+00 2.245590199431872817e-04 3.449120532681119338e-04 5.661313322955186341e-05 -1.519341161925919207e-05 1.391087143665555308e-04 9.064105991063905457e-04 -3.510146769152479459e-04
1.178494916486106823e-03 6.574801952608404828e-04 -7.005335909955165592e-04 -2.915662272714419003e-05 2.245590199431872817e-04 0.000000000000000000e+00 6.544265436024602990e-04 3.772085966808122600e-04 7.186586977602963224e-04 -1.207846128030208528e-04 4.896105399956038112e-04 8.640646340002311118e-04
1.069319948450228944e-03 1.329010341766723906e-03 3.577339885651967689e-04 2.436666962990576181e-05 3.449120532681119338e-04 6.544265436024602990e-04 0.000000000000000000e+00 1.799081995185589544e-04 3.515682818241999013e-04 1.300983601173927610e-04 -8.221904643559458260e-04 7.448893560680468900e-04
-1.710056898132529231e-03 -4.976685150785238251e-04 6.074726790749885837e-04 3.188599866287128697e-04 5.661313322955186341e-05 3.772085966808122600e-04 1.799081995185589544e-04 0.000000000000000000e+00 2.707880824876884428e-04 3.051042342285394484e-04 -3.955501766972859185e-04 2.517121982546792393e-04
2.243998290164554634e-04 -3.613228513904300746e-04 -6.569666489023646061e-04 -8.459659601361542935e-05 -1.519341161925919207e-05 7.186586977602963224e-04 3.515682818241999013e-04 2.707880824876884428e-04 0.000000000000000000e+00 3.512085724451539850e-04 -1.780827248664742461e-03 -9.430481314141960815e-04
6.589357182016883667e-04 1.862263105017364936e-05 -3.985956274717724181e-04 -1.718302783025709704e-04 1.391087143665555308e-04 -1.207846128030208528e-04 1.300983601173927610e-04 3.051042342285394484e-04 3.512085724451539850e-04 0.000000000000000000e+00 -1.460110851420546620e-03 -6.326286960893091199e-04
-1.188890478483064974e-03 8.983248134623030652e-05 -7.839962707756077936e-04 1.202237967836742541e-04 9.064105991063905457e-04 4.896105399956038112e-04 -8.221904643559458260e-04 -3.955501766972859185e-04 -1.780827248664742461e-03 -1.460110851420546620e-03 0.000000000000000000e+00 -9.230183368976118633e-04
-2.513273085317275710e-03 6.061559275740729296e-04 9.312954509695373550e-05 -2.231835169875031894e-04 -3.510146769152479459e-04 8.640646340002311118e-04 7.448893560680468900e-04 2.517121982546792393e-04 -9.430481314141960815e-04 -6.326286960893091199e-04 -9.230183368976118633e-04 0.000000000000000000e+00
