0.000000000000000000e+00 -1.948286603233786085e-03 3.088395813936135794e-05 1.104798936521282551e-03 3.521038275790614727e-04 -8.199829202280340974e-04 1.846727929524803800e-04 -1.726596642087338974e-03 4.191085995628918604e-04 -5.355397852692854932e-04 -4.109065766792611464e-03 -1.755992508458204633e-03
-1.948286603233786085e-03 0.000000000000000000e+00 -9.942959083608885352e-04 -7.441195083810718406e-04 -1.656251130909035859e-04 3.133740150743742560e-04 -3.858352610514829560e-04 -8.744448532236056377e-04 8.131679397017108155e-04 -1.262771492470313650e-03 1.765527292482964089e-03 1.609492378674366785e-04
3.088395813936135794e-05 -9.942959083608885352e-04 0.000000000000000000e+00 1.843511067251256690e-04 3.152219604390531270e-04 4.557483743946804744e-04 -3.795630941939647732e-04 5.345688485016759526e-04 7.735656247625011576e-05 -9.389188898274170839e-05 4.250204413215162845e-05 -1.189111742144051149e-03
1.104798936521282551e-03 -7.441195083810718406e-04 1.843511067251256690e-04 0.000000000000000000e+00 -6.786256159538298538e-05 -5.287926651952822542e-04 1.038392401945349903e-04 4.305317361275192941e-04 1.693563079695177629e-04 -4.296752855745328476e-04 4.417016015825032862e-04 -1.899336912825714001e-04
3.521038275790614727e-04 -1.656251130909035859e-04 3.152219604390531270e-04 -6.786256159538298538e-05 0.000000000000000000e+00 6.048384492530791941e-04 -2.491447749968494899e-04 3.838359831754152270e-04 -2.663108092671820923e-04 5.370254094888487562e-04 2.580118952726485437e-04 -2.208343260463362990e-04
-8.199829202280340974e-04 3.133740150743742560e-04 4.557483743946804744e-04 -5.287926651952822542e-04 6.048384492530791941e-04 0.000000000000000000e+00 -9.070402233439143428e-05 -1.041775276594032779e-05 1.076245148172423312e-03 4.969979791384996617e-04 -1.228258533300022283e-03 -4.354155941871876026e-04
1.846727929524803800e-04 -3.858352610514829560e-04 -3.795630941939647732e-04 1.038392401945349903e-04 -2.491447749968494899e-04 -9.070402233439143428e-05 0.000000000000000000e+00 -7.456261575385137212e-05 -2.709993460352068482e-04 5.043163903674330274e-04 2.329966015533420408e-04 -2.098757903335284048e-04
-1.726596642087338974e-03 -8.744448532236056377e-04 5.345688485016759526e-04 4.305317361275192941e-04 3.838359831754152270e-04 -1.041775276594032779e-05 -7.456261575385137212e-05 0.000000000000000000e+00 -1.978690749946389294e-04 2.630831356914859354e-04 1.001461452711742590e-03 1.133513673684129371e-03
4.191085995628918604e-04 8.131679397017108155e-04 7.735656247625011576e-05 1.693563079695177629e-04 -2.663108092671820923e-04 1.076245148172423312e-03 -2.709993460352068482e-04 -1.978690749946389294e-04 0.000000000000000000e+00 -5.965366995318514397e-04 -5.166103253098899492e-04 -2.482057489297682853e-04
-5.355397852692854932e-04 -1.262771492470313650e-03 -9.389188898274170839e-05 -4.296752855745328476e-04 5.370254094888487562e-04 4.969979791384996617e-04 5.043163903674330274e-04 2.630831356914859354e-04 -5.965366995318514397e-04 0.000000000000000000e+00 -2.109798940249706187e-03 6.801389595893872790e-04
-4.109065766792611464e-03 1.765527292482964089e-03 4.250204413215162845e-05 4.417016015825032862e-04 2.580118952726485437e-04 -1.228258533300022283e-03 2.329966015533420408e-04 1.001461452711742590e-03 -5.166103253098899492e-04 -2.109798940249706187e-03 0.000000000000000000e+00 -2.641716131222378132e-03
-1.755992508458204633e-03 1.609492378674366785e-04 -1.189111742144051149e-03 -1.899336912825714001e-04 -2.208343260463362990e-04 -4.354155941871876026e-04 -2.098757903335284048e-04 1.133513673684129371e-03 -2.482057489297682853e-04 6.801389595893872790e-04 -2.641716131222378132e-03 0.000000000000000000e+00
