0.000000000000000000e+00 -6.402827012970654973e-04 7.689077298371979358e-04 -4.232285494147740865e-04 1.583796131714873111e-03 3.329207718150387942e-03 5.175511142836439416e-05 1.152511307263370506e-03 1.727380401877353809e-03 1.036368693163852673e-03 1.399187293404301593e-03 -1.714933472969062652e-03
-6.402827012970654973e-04 0.000000000000000000e+00 -6.160662445171551874e-04 -2.675577223003760045e-04 7.737140595658561527e-04 -6.442333320506172774e-04 -1.659559517435882565e-05 8.681132138981973866e-05 -3.452783308522039472e-04 -7.213125676407217482e-04 2.038594134931914510e-03 1.504594313614006883e-03
7.689077298371979358e-04 -6.160662445171551874e-04 0.000000000000000000e+00 1.464595591175061507e-05 7.559831377198834867e-05 -4.072673864730600861e-05 -1.185882368098606447e-04 -4.432516085322931614e-04 2.140834374086183350e-04 -4.197033725267334766e-04 -2.318068191138847485e-04 -5.436207537094505131e-04
-4.232285494147740865e-04 -2.675577223003760045e-04 1.464595591175061507e-05 0.000000000000000000e+00 2.537689182037753018e-04 -3.450900333814073298e-04 -5.657671634384329323e-04 1.517619341486848238e-04 1.989211140126842102e-04 3.535475036960963424e-04 1.305501843899863816e-04 -1.545138863128443275e-05
1.583796131714873111e-03 7.737140595658561527e-04 7.559831377198834867e-05 2.537689182037753018e-04 0.000000000000000000e+00 7.050282528578010084e-04 -4.179981380515032717e-04 -3.482863424278679677e-04 -6.042337276403153242e-04 3.873937949205132395e-04 9.482522329330724756e-04 5.352866308240065269e-05
3.329207718150387942e-03 -6.442333320506172774e-04 -4.072673864730600861e-05 -3.450900333814073298e-04 7.050282528578010084e-04 0.000000000000000000e+00 2.257304824453553214e-06 5.138058597171915251e-04 3.281294905385985397e-04 -2.053681139413554991e-04 -2.139393280431273539e-03 1.906411066665141289e-03
5.175511142836439416e-05 -1.659559517435882565e-05 -1.185882368098606447e-04 -5.657671634384329323e-04 -4.179981380515032717e-04 2.257304824453553214e-06 0.000000000000000000e+00 -2.226994431090455328e-05 -4.586035621975180043e-04 -4.546471121606498805e-05 1.751290775188005927e-04 -7.486533875601974249e-04
1.152511307263370506e-03 8.681132138981973866e-05 -4.432516085322931614e-04 1.517619341486848238e-04 -3.482863424278679677e-04 5.138058597171915251e-04 -2.226994431090455328e-05 0.000000000000000000e+00 1.220288067561464435e-04 2.562670930149822906e-04 -7.070813185333994473e-04 -5.896807007886542171e-05
1.727380401877353809e-03 -3.452783308522039472e-04 2.140834374086183350e-04 1.989211140126842102e-04 -6.042337276403153242e-04 3.281294905385985397e-04 -4.586035621975180043e-04 1.220288067561464435e-04 0.000000000000000000e+00 -5.182124103563348410e-04 8.685610995305524272e-04 -2.453781941561082721e-04
1.036368693163852673e-03 -7.213125676407217482e-04 -4.197033725267334766e-04 3.535475036960963424e-04 3.873937949205132395e-04 -2.053681139413554991e-04 -4.546471121606498805e-05 2.562670930149822906e-04 -5.182124103563348410e-04 0.000000000000000000e+00 -4.420727610354831456e-05 -1.334066452258660497e-03
1.399187293404301593e-03 2.038594134931914510e-03 -2.318068191138847485e-04 1.305501843899863816e-04 9.482522329330724756e-04 -2.139393280431273539e-03 1.751290775188005927e-04 -7.070813185333994473e-04 8.685610995305524272e-04 -4.420727610354831456e-05 0.000000000000000000e+00 -1.831200644742925123e-03
-1.714933472969062652e-03 1.504594313614006883e-03 -5.436207537094505131e-04 -1.545138863128443275e-05 5.352866308240065269e-05 1.906411066665141289e-03 -7.486533875601974249e-04 -5.896807007886542171e-05 -2.453781941561082721e-04 -1.334066452258660497e-03 -1.831200644742925123e-03 0.000000000000000000e+00
