0.000000000000000000e+00 -3.164628550617828301e-03 -4.937939148736617120e-04 1.583559313777517757e-04 -3.441979698498212462e-04 1.579059830927379265e-03 5.832089416897168633e-04 -3.268557893024786693e-05 1.206576478892038657e-03 -1.731903995686104227e-03 2.159718162621732628e-03 -2.271175566818825660e-03
-3.164628550617828301e-03 0.000000000000000000e+00 3.648093207905210556e-04 -7.715415644537542902e-04 -7.600393005020316837e-04 -5.730588003777216605e-04 1.787834994520085723e-04 1.591011790868988277e-04 -6.765628157404473229e-04 -3.560392850200415826e-04 4.528173818368606851e-04 -9.557725514032021743e-05
-4.937939148736617120e-04 3.648093207905210556e-04 0.000000000000000000e+00 3.174706674606805651e-04 1.624590772743656961e-04 -3.906713873339619290e-04 -1.557020729192214366e-04 -3.684375763121822584e-05 5.531377498936565973e-04 3.163468020373525575e-04 1.249767273336054030e-04 6.673212715758813744e-04
1.583559313777517757e-04 -7.715415644537542902e-04 3.174706674606805651e-04 0.000000000000000000e+00 -3.133889061464627712e-04 2.325249535341896074e-04 -7.436670265300722948e-05 5.281559146166212504e-04 3.245572880262394993e-05 -1.258698781774401443e-03 -1.867765558840407724e-03 1.308456615601268254e-03
-3.441979698498212462e-04 -7.600393005020316837e-04 1.624590772743656961e-04 -3.133889061464627712e-04 0.000000000000000000e+00 -5.527402624617566707e-04 5.890600818200177627e-05 1.556439423527701581e-04 4.093188626562652014e-04 -1.092755178176912619e-03 7.353534794310130152e-04 7.713356431772915370e-04
1.579059830927379265e-03 -5.730588003777216605e-04 -3.906713873339619290e-04 2.325249535341896074e-04 -5.527402624617566707e-04 0.000000000000000000e+00 4.315360074039291914e-04 5.434086880183524671e-04 -7.515666816460889188e-04 6.178374613870009661e-04 7.752039003678460596e-04 -1.326797823115386237e-04
5.832089416897168633e-04 1.787834994520085723e-04 -1.557020729192214366e-04 -7.436670265300722948e-05 5.890600818200177627e-05 4.315360074039291914e-04 0.000000000000000000e+00 3.880228854750615661e-04 -1.833802441248892179e-04 -3.809724341597338099e-04 1.164163140455306335e-04 -8.677045236488296594e-04
-3.268557893024786693e-05 1.591011790868988277e-04 -3.684375763121822584e-05 5.281559146166212504e-04 1.556439423527701581e-04 5.434086880183524671e-04 3.880228854750615661e-04 0.000000000000000000e+00 7.248033891569108172e-05 3.869456423099584515e-04 4.280296701903435605e-04 7.145651279245951925e-04
1.206576478892038657e-03 -6.765628157404473229e-04 5.531377498936565973e-04 3.245572880262394993e-05 4.093188626562652014e-04 -7.515666816460889188e-04 -1.833802441248892179e-04 7.248033891569108172e-05 0.000000000000000000e+00 3.419656516211201907e-04 4.557326052965371562e-04 -5.458929837987142302e-04
-1.731903995686104227e-03 -3.560392850200415826e-04 3.163468020373525575e-04 -1.258698781774401443e-03 -1.092755178176912619e-03 6.178374613870009661e-04 -3.809724341597338099e-04 3.869456423099584515e-04 3.419656516211201907e-04 0.000000000000000000e+00 7.686256305330032993e-04 7.141034158643233412e-04
2.159718162621732628e-03 4.528173818368606851e-04 1.249767273336054030e-04 -1.867765558840407724e-03 7.353534794310130152e-04 7.752039003678460596e-04 1.164163140455306335e-04 4.280296701903435605e-04 4.557326052965371562e-04 7.686256305330032993e-04 0.000000000000000000e+00 -5.335756455433256765e-05
-2.271175566818825660e-03 -9.557725514032021743e-05 6.673212715758813744e-04 1.308456615601268254e-03 7.713356431772915370e-04 -1.326797823115386237e-04 -8.677045236488296594e-04 7.145651279245951925e-04 -5.458929837987142302e-04 7.141034158643233412e-04 -5.335756455433256765e-05 0.000000000000000000e+00
