0.000000000000000000e+00 2.207173957261928787e-03 4.587732835451895048e-05 1.338217002357688966e-03 -1.161010813342129404e-03 1.851443951329654789e-04 -1.410305616977297095e-03 8.573889282840796476e-05 1.509438192248136780e-03 1.644902316431633236e-03 2.661825153196770849e-03 -2.219506615643719594e-03
2.207173957261928787e-03 0.000000000000000000e+00 -1.813254569026905710e-04 1.108978575732187232e-03 -3.485476221051144884e-04 6.804653748540653206e-04 -1.776991893419299054e-04 4.961684635800799872e-04 -7.957239463506839312e-04 -4.115874621086002341e-04 -9.349695122480121412e-04 -1.317586663441300959e-03
4.587732835451895048e-05 -1.813254569026905710e-04 0.000000000000000000e+00 2.180038283213888892e-05 -5.560752579109780065e-04 1.742195912991921524e-04 -2.762383089204673253e-04 -1.763127865092071296e-04 -1.906304825118686859e-04 -2.989834207181368562e-05 2.034505406748835931e-04 -6.925152057853664958e-04
1.338217002357688966e-03 1.108978575732187232e-03 2.180038283213888892e-05 0.000000000000000000e+00 2.911307358639436313e-04 5.749102541834800193e-04 4.938888676000860109e-04 1.070013680631514232e-04 -1.548660992179050821e-04 6.085525581791184288e-05 9.800009935374070450e-04 1.250195891852391586e-03
-1.161010813342129404e-03 -3.485476221051144884e-04 -5.560752579109780065e-04 2.911307358639436313e-04 0.000000000000000000e+00 -4.238996923244205725e-05 -1.565786201442217725e-04 5.747804505007497917e-05 4.809355237100171820e-04 7.461220553934776699e-04 -1.421840259950630852e-03 2.512230250234029089e-04
1.851443951329654789e-04 6.804653748540653206e-04 1.742195912991921524e-04 5.749102541834800193e-04 -4.238996923244205725e-05 0.000000000000000000e+00 7.561074482977824711e-04 2.185751999566827900e-04 5.108118874464125927e-04 -2.303342387824296818e-04 -9.283145064439408912e-04 -9.156641087180726916e-04
-1.410305616977297095e-03 -1.776991893419299054e-04 -2.762383089204673253e-04 4.938888676000860109e-04 -1.565786201442217725e-04 7.561074482977824711e-04 0.000000000000000000e+00 1.437542854763420891e-04 -4.144623531420215290e-04 3.281366658466024406e-04 4.984153100635947990e-04 -4.655495537790336948e-04
8.573889282840796476e-05 4.961684635800799872e-04 -1.763127865092071296e-04 1.070013680631514232e-04 5.747804505007497917e-05 2.185751999566827900e-04 1.437542854763420891e-04 0.000000000000000000e+00 -1.205387135602128739e-05 -5.180195403845435108e-05 -9.799106582558019321e-04 7.841859622592780785e-04
1.509438192248136780e-03 -7.957239463506839312e-04 -1.906304825118686859e-04 -1.548660992179050821e-04 4.809355237100171820e-04 5.108118874464125927e-04 -4.144623531420215290e-04 -1.205387135602128739e-05 0.000000000000000000e+00 8.651514711393607177e-05 -3.524477906393808649e-05 1.046558272006785969e-03
1.644902316431633236e-03 -4.115874621086002341e-04 -2.989834207181368562e-05 6.085525581791184288e-05 7.461220553934776699e-04 -2.303342387824296818e-04 3.281366658466024406e-04 -5.180195403845435108e-05 8.651514711393607177e-05 0.000000000000000000e+00 1.292724758210849715e-04 -9.131940137527133627e-04
2.661825153196770849e-03 -9.349695122480121412e-04 2.034505406748835931e-04 9.800009935374070450e-04 -1.421840259950630852e-03 -9.283145064439408912e-04 4.984153100635947990e-04 -9.799106582558019321e-04 -3.524477906393808649e-05 1.292724758210849715e-04 0.000000000000000000e+00 8.005926457445435929e-04
-2.219506615643719594e-03 -1.317586663441300959e-03 -6.925152057853664958e-04 1.250195891852391586e-03 2.512230250234029089e-04 -9.156641087180726916e-04 -4.655495537790336948e-04 7.841859622592780785e-04 1.046558272006785969e-03 -9.131940137527133627e-04 8.005926457445435929e-04 0.000000000000000000e+00
