0.000000000000000000e+00 1.385020759470363216e-04 -4.704442109472490728e-04 -2.080583853448960535e-04 -3.190238290181921866e-04 -4.619346593976228748e-04 6.092727096636305984e-04 1.580591764105600955e-04 4.026152888617705425e-04 -2.786199987173270496e-05 -8.194494648166383659e-05 3.537770672633707607e-04
1.385020759470363216e-04 0.000000000000000000e+00 -1.616153420184727779e-04 1.821948633155654363e-04 -1.007572811031804197e-03 -3.203242595028465436e-04 -9.655676036066172373e-04 4.972129964336854772e-04 1.402544016387761137e-04 -1.743701474243978297e-04 3.321853256996348293e-04 -1.887907169962062953e-03
-4.704442109472490728e-04 -1.616153420184727779e-04 0.000000000000000000e+00 -1.015252750344699259e-03 -1.301152730847891402e-03 1.106760538511635276e-03 -1.471677039906023375e-03 1.367225701113470031e-04 3.617784730412640826e-04 -1.036705488259663781e-03 -2.259901422074358460e-04 2.487301281556524111e-03
-2.080583853448960535e-04 1.821948633155654363e-04 -1.015252750344699259e-03 0.000000000000000000e+00 -5.451229915683222316e-04 -6.389202281148380694e-04 -1.106059462742094591e-03 -4.773288404663971699e-04 -6.402324947893194527e-04 6.536325606246279037e-04 1.351170926443258868e-04 -1.104361004602134530e-03
-3.190238290181921866e-04 -1.007572811031804197e-03 -1.301152730847891402e-03 -5.451229915683222316e-04 0.000000000000000000e+00 6.217585900308759430e-05 6.847493588279760261e-04 -5.801112220915112137e-04 -8.026886908665746383e-04 1.066101160307043969e-03 2.302178557466017623e-04 2.158297150182696134e-03
-4.619346593976228748e-04 -3.203242595028465436e-04 1.106760538511635276e-03 -6.389202281148380694e-04 6.217585900308759430e-05 0.000000000000000000e+00 2.040533759956011071e-03 -2.342792583120884866e-04 -7.088449032217720384e-04 -7.217935941426741660e-04 3.051611419134776337e-04 -1.642482666154538933e-04
6.092727096636305984e-04 -9.655676036066172373e-04 -1.471677039906023375e-03 -1.106059462742094591e-03 6.847493588279760261e-04 2.040533759956011071e-03 0.000000000000000000e+00 1.980895297417278400e-04 -1.446112602866472720e-05 7.428246091509202453e-04 -8.781894450023683190e-04 -2.735536909153321854e-03
1.580591764105600955e-04 4.972129964336854772e-04 1.367225701113470031e-04 -4.773288404663971699e-04 -5.801112220915112137e-04 -2.342792583120884866e-04 1.980895297417278400e-04 0.000000000000000000e+00 4.479135280474282987e-04 3.539965976637751092e-04 2.357231756355072631e-05 1.157257056906624347e-04
4.026152888617705425e-04 1.402544016387761137e-04 3.617784730412640826e-04 -6.402324947893194527e-04 -8.026886908665746383e-04 -7.088449032217720384e-04 -1.446112602866472720e-05 4.479135280474282987e-04 0.000000000000000000e+00 -2.347499539900713725e-04 1.082746106075665034e-04 7.311990251655999407e-04
-2.786199987173270496e-05 -1.743701474243978297e-04 -1.036705488259663781e-03 6.536325606246279037e-04 1.066101160307043969e-03 -7.217935941426741660e-04 7.428246091509202453e-04 3.539965976637751092e-04 -2.347499539900713725e-04 0.000000000000000000e+00 2.390428587132002573e-04 7.159493817624834004e-04
-8.194494648166383659e-05 3.321853256996348293e-04 -2.259901422074358460e-04 1.351170926443258868e-04 2.302178557466017623e-04 3.051611419134776337e-04 -8.781894450023683190e-04 2.357231756355072631e-05 1.082746106075665034e-04 2.390428587132002573e-04 0.000000000000000000e+00 3.227687601794773328e-04
3.537770672633707607e-04 -1.887907169962062953e-03 2.487301281556524111e-03 -1.104361004602134530e-03 2.158297150182696134e-03 -1.642482666154538933e-04 -2.735536909153321854e-03 1.157257056906624347e-04 7.311990251655999407e-04 7.159493817624834004e-04 3.227687601794773328e-04 0.000000000000000000e+00
