0.000000000000000000e+00 -2.291992345284845766e-04 3.219250330787610083e-04 -1.118962207194252814e-04 -1.040907853939588949e-04 -4.910433091820221420e-04 8.874778468896817691e-05 5.073329824161988341e-04 -2.339336619930042487e-04 3.626133563096914744e-05 -2.489250225980350895e-04 -3.816998826979495565e-04
-2.291992345284845766e-04 0.000000000000000000e+00 -5.113005902702607436e-04 -3.320195758314288385e-04 4.692643645047516300e-04 1.914906108062355985e-05 -5.834339832728018937e-04 1.029925111413343560e-04 -8.689836084212944497e-05 -7.084076402616132405e-04 6.883111595906811822e-05 1.956235493815376356e-03
3.219250330787610083e-04 -5.113005902702607436e-04 0.000000000000000000e+00 -2.386209166348453488e-03 1.458959692726734172e-03 9.576668050251627715e-04 -1.381884692033814258e-03 2.027167276187591643e-04 -3.074796037406505060e-04 -4.436966654153709044e-04 -1.182531451993357305e-04 -3.217548987187238401e-04
-1.118962207194252814e-04 -3.320195758314288385e-04 -2.386209166348453488e-03 0.000000000000000000e+00 9.144889945933034172e-04 7.414677170877560309e-04 -9.162100099860022440e-04 1.035506762283282343e-03 -1.005513657371739705e-03 1.174089000670903993e-03 3.499968289658234358e-04 -9.646175212657820278e-04
-1.040907853939588949e-04 4.692643645047516300e-04 1.458959692726734172e-03 9.144889945933034172e-04 0.000000000000000000e+00 -7.698903810410438406e-04 -1.570503484759519855e-03 -2.474825302904612684e-04 3.217775735106257417e-04 1.156471705480375921e-04 8.979522625095514882e-05 2.558523323034047909e-03
-4.910433091820221420e-04 1.914906108062355985e-05 9.576668050251627715e-04 7.414677170877560309e-04 -7.698903810410438406e-04 0.000000000000000000e+00 1.801690709235601127e-03 4.803888381643819033e-05 -1.633610497166076449e-04 7.266453428280209015e-04 6.994688376490485046e-04 2.178039518450843558e-03
8.874778468896817691e-05 -5.834339832728018937e-04 -1.381884692033814258e-03 -9.162100099860022440e-04 -1.570503484759519855e-03 1.801690709235601127e-03 0.000000000000000000e+00 -5.210119326424311010e-04 -2.937644611532315019e-04 -3.649656079034941714e-04 3.377715350827988723e-04 -2.847512460064702440e-03
5.073329824161988341e-04 1.029925111413343560e-04 2.027167276187591643e-04 1.035506762283282343e-03 -2.474825302904612684e-04 4.803888381643819033e-05 -5.210119326424311010e-04 0.000000000000000000e+00 -2.066569446271355136e-04 2.080025478753003761e-04 2.837651186740392468e-06 -2.967598300906912887e-04
-2.339336619930042487e-04 -8.689836084212944497e-05 -3.074796037406505060e-04 -1.005513657371739705e-03 3.217775735106257417e-04 -1.633610497166076449e-04 -2.937644611532315019e-04 -2.066569446271355136e-04 0.000000000000000000e+00 2.692648832269623404e-04 1.922337026082685974e-05 3.977497884782729373e-04
3.626133563096914744e-05 -7.084076402616132405e-04 -4.436966654153709044e-04 1.174089000670903993e-03 1.156471705480375921e-04 7.266453428280209015e-04 -3.649656079034941714e-04 2.080025478753003761e-04 2.692648832269623404e-04 0.000000000000000000e+00 -1.025161860526088448e-04 -8.551854596632489300e-04
-2.489250225980350895e-04 6.883111595906811822e-05 -1.182531451993357305e-04 3.499968289658234358e-04 8.979522625095514882e-05 6.994688376490485046e-04 3.377715350827988723e-04 2.837651186740392468e-06 1.922337026082685974e-05 -1.025161860526088448e-04 0.000000000000000000e+00 8.175787664258901037e-04
-3.816998826979495565e-04 1.956235493815376356e-03 -3.217548987187238401e-04 -9.646175212657820278e-04 2.558523323034047909e-03 2.178039518450843558e-03 -2.847512460064702440e-03 -2.967598300906912887e-04 3.977497884782729373e-04 -8.551854596632489300e-04 8.175787664258901037e-04 0.000000000000000000e+00
