0.000000000000000000e+00 1.126045909852300541e-04 -1.546933772771570770e-05 8.088382708154886157e-04 -4.042163260166041147e-04 -1.574769976812379524e-04 -4.422005414382106873e-04 -2.949863352473888632e-06 3.523515049943155581e-04 -1.527258519875541684e-04 3.787064977154045104e-04 -1.071501872526460031e-03
1.126045909852300541e-04 0.000000000000000000e+00 8.620788085872356423e-04 -7.875731053404701415e-04 2.615615549200564103e-04 -4.284320867479832342e-05 8.560336063492503993e-04 2.838718940439573495e-04 5.868917476932942708e-05 4.645591337641430136e-04 -1.335533505516768082e-05 7.284691530567577325e-04
-1.546933772771570770e-05 8.620788085872356423e-04 0.000000000000000000e+00 -1.435831749360421631e-03 9.313446219669452514e-04 1.492536062151419572e-04 -4.622528961333677799e-04 -4.332148529346515671e-05 9.438903299188334270e-04 -3.131046051010805999e-04 -1.593490323832242304e-04 -1.234770777657142292e-03
8.088382708154886157e-04 -7.875731053404701415e-04 -1.435831749360421631e-03 0.000000000000000000e+00 -1.653794573925837508e-03 5.439800369916414184e-04 1.203505401424661636e-03 3.653046902468264903e-04 1.048180667171521056e-03 2.449912447442637682e-04 8.450406614565084899e-05 3.607875857835955019e-03
-4.042163260166041147e-04 2.615615549200564103e-04 9.313446219669452514e-04 -1.653794573925837508e-03 0.000000000000000000e+00 1.012416099825153275e-03 6.979213616737589771e-04 -5.874370117880955717e-04 1.080593503265923916e-04 -3.224104352236015951e-04 4.206405630378863992e-04 1.566667275795466862e-03
-1.574769976812379524e-04 -4.284320867479832342e-05 1.492536062151419572e-04 5.439800369916414184e-04 1.012416099825153275e-03 0.000000000000000000e+00 -1.720833866097430057e-03 3.109797604788065196e-04 2.193667797790142137e-05 5.321841491892209805e-04 3.043406234404770895e-04 2.189509539846477490e-03
-4.422005414382106873e-04 8.560336063492503993e-04 -4.622528961333677799e-04 1.203505401424661636e-03 6.979213616737589771e-04 -1.720833866097430057e-03 0.000000000000000000e+00 3.316363718579855464e-04 -2.217447199639855477e-04 -1.251148061146295813e-03 5.171402785035349300e-04 3.072295640258603140e-03
-2.949863352473888632e-06 2.838718940439573495e-04 -4.332148529346515671e-05 3.653046902468264903e-04 -5.874370117880955717e-04 3.109797604788065196e-04 3.316363718579855464e-04 0.000000000000000000e+00 -9.496038314204760132e-05 -7.574896101281619392e-05 1.589108321136949056e-04 -2.969899188164247983e-05
3.523515049943155581e-04 5.868917476932942708e-05 9.438903299188334270e-04 1.048180667171521056e-03 1.080593503265923916e-04 2.193667797790142137e-05 -2.217447199639855477e-04 -9.496038314204760132e-05 0.000000000000000000e+00 -8.355758606592402144e-05 -1.557690007514326268e-04 5.878943403119376394e-04
-1.527258519875541684e-04 4.645591337641430136e-04 -3.131046051010805999e-04 2.449912447442637682e-04 -3.224104352236015951e-04 5.321841491892209805e-04 -1.251148061146295813e-03 -7.574896101281619392e-05 -8.355758606592402144e-05 0.000000000000000000e+00 -4.276119400470004155e-04 1.470862412528691626e-03
3.787064977154045104e-04 -1.335533505516768082e-05 -1.593490323832242304e-04 8.450406614565084899e-05 4.206405630378863992e-04 3.043406234404770895e-04 5.171402785035349300e-04 1.589108321136949056e-04 -1.557690007514326268e-04 -4.276119400470004155e-04 0.000000000000000000e+00 -4.500748921456595541e-04
-1.071501872526460031e-03 7.284691530567577325e-04 -1.234770777657142292e-03 3.607875857835955019e-03 1.566667275795466862e-03 2.189509539846477490e-03 3.072295640258603140e-03 -2.969899188164247983e-05 5.878943403119376394e-04 1.470862412528691626e-03 -4.500748921456595541e-04 0.000000000000000000e+00
