0.000000000000000000e+00 2.911637609912312834e-04 -5.398074310996059952e-04 7.304728776417467343e-04 4.528326212656956848e-05 -6.903002871146658379e-04 6.585702922854245198e-04 -1.290532051394961688e-04 8.668028659229177200e-05 5.060171965896014673e-04 7.127763712300419128e-05 -1.201127754490705340e-04
2.911637609912312834e-04 0.000000000000000000e+00 -4.736848952993286382e-04 -6.683196484965833739e-04 4.647250589288950007e-04 -8.861017051464056002e-04 7.282674209351758200e-04 2.610747771708848584e-04 4.184413448633471084e-04 -3.223706970575039403e-04 -2.578409387360968360e-05 -1.073900938865955277e-03
-5.398074310996059952e-04 -4.736848952993286382e-04 0.000000000000000000e+00 1.815223163453041336e-04 -5.357409926185001349e-04 7.203325783173812483e-04 1.702904099041551312e-03 4.530395406370672567e-04 3.712037332000278351e-04 -4.414511657074319194e-04 8.932111978632342438e-04 -1.579835472356400441e-03
7.304728776417467343e-04 -6.683196484965833739e-04 1.815223163453041336e-04 0.000000000000000000e+00 -8.273321980702866936e-04 4.168969396512706800e-04 -1.562220320347504614e-03 -9.092870745493110028e-04 4.236817498521148876e-04 9.216938797836304008e-04 7.201034900312810018e-04 -1.300528362637458704e-03
4.528326212656956848e-05 4.647250589288950007e-04 -5.357409926185001349e-04 -8.273321980702866936e-04 0.000000000000000000e+00 -1.523344511946975795e-04 -1.199788042149279102e-03 -1.680592977825327611e-04 1.865683637263560206e-04 -6.578838966803434503e-05 1.713562514751577250e-05 -2.702668925767516116e-03
-6.903002871146658379e-04 -8.861017051464056002e-04 7.203325783173812483e-04 4.168969396512706800e-04 -1.523344511946975795e-04 0.000000000000000000e+00 1.132389254908691299e-03 -6.237477919351379265e-04 -6.344939619240335619e-04 -5.176223084634927300e-04 -1.815175032498449713e-04 -1.519652085332916540e-03
6.585702922854245198e-04 7.282674209351758200e-04 1.702904099041551312e-03 -1.562220320347504614e-03 -1.199788042149279102e-03 1.132389254908691299e-03 0.000000000000000000e+00 3.637047726231488489e-04 1.020067156586823521e-03 -4.139457279194138002e-04 -4.338344064981235941e-04 -2.204026892076451759e-03
-1.290532051394961688e-04 2.610747771708848584e-04 4.530395406370672567e-04 -9.092870745493110028e-04 -1.680592977825327611e-04 -6.237477919351379265e-04 3.637047726231488489e-04 0.000000000000000000e+00 2.066170724878943260e-04 1.409121659397413674e-04 9.958597494886942863e-05 1.205059329418342075e-03
8.668028659229177200e-05 4.184413448633471084e-04 3.712037332000278351e-04 4.236817498521148876e-04 1.865683637263560206e-04 -6.344939619240335619e-04 1.020067156586823521e-03 2.066170724878943260e-04 0.000000000000000000e+00 -1.533251537568227577e-04 -3.434636951350293599e-04 2.056345323146772041e-04
5.060171965896014673e-04 -3.223706970575039403e-04 -4.414511657074319194e-04 9.216938797836304008e-04 -6.578838966803434503e-05 -5.176223084634927300e-04 -4.139457279194138002e-04 1.409121659397413674e-04 -1.533251537568227577e-04 0.000000000000000000e+00 1.381194274355968083e-05 -5.581024818272339177e-04
7.127763712300419128e-05 -2.578409387360968360e-05 8.932111978632342438e-04 7.201034900312810018e-04 1.713562514751577250e-05 -1.815175032498449713e-04 -4.338344064981235941e-04 9.958597494886942863e-05 -3.434636951350293599e-04 1.381194274355968083e-05 0.000000000000000000e+00 4.108604758964332971e-04
-1.201127754490705340e-04 -1.073900938865955277e-03 -1.579835472356400441e-03 -1.300528362637458704e-03 -2.702668925767516116e-03 -1.519652085332916540e-03 -2.204026892076451759e-03 1.205059329418342075e-03 2.056345323146772041e-04 -5.581024818272339177e-04 4.108604758964332971e-04 0.000000000000000000e+00
