0.000000000000000000e+00 -7.111659335946359848e-06 3.996167944502137213e-04 -2.665466659035134749e-04 -7.689128369863196212e-04 9.511792779953262165e-04 -3.924359023719111946e-04 -4.297110353844736642e-05 -4.616801938420465922e-04 -3.776839491569892473e-04 -7.151066753212122478e-05 8.561988181726758402e-04
-7.111659335946359848e-06 0.000000000000000000e+00 5.491253552912941319e-04 2.770287285445514197e-04 6.134145760711621597e-05 -1.248525912052108862e-03 -1.677006067843021548e-03 2.000288409723249437e-04 -9.217719434292514363e-04 3.178995812346771554e-04 -2.481961270414385738e-04 7.690827247055243574e-04
3.996167944502137213e-04 5.491253552912941319e-04 0.000000000000000000e+00 -6.802990581412099317e-04 -7.373301600909278357e-04 1.580427012755446627e-04 -1.291939764057002649e-04 -1.496939863010431517e-05 4.507777179171627542e-04 -6.046293711571464405e-04 -1.564903335506158258e-04 1.848797341181340672e-03
-2.665466659035134749e-04 2.770287285445514197e-04 -6.802990581412099317e-04 0.000000000000000000e+00 -8.198163846646985440e-04 -2.206849494192608587e-03 -1.823197496812673391e-03 -4.378401179599384707e-04 2.975395319106052409e-05 -7.297686600923210774e-04 -3.679261137973446763e-04 1.323306567250252743e-04
-7.689128369863196212e-04 6.134145760711621597e-05 -7.373301600909278357e-04 -8.198163846646985440e-04 0.000000000000000000e+00 -4.519867269923458046e-04 1.045702571924478829e-03 -1.420697361317330826e-04 -1.880658543923771154e-04 -6.963076605737654598e-04 3.190098222230873938e-04 -1.631059276718312134e-03
9.511792779953262165e-04 -1.248525912052108862e-03 1.580427012755446627e-04 -2.206849494192608587e-03 -4.519867269923458046e-04 0.000000000000000000e+00 -1.110637157278441178e-03 -3.069563217484678141e-04 1.741344116958690701e-04 3.824717009535421220e-04 8.531021660178084469e-04 7.459772182592866105e-04
-3.924359023719111946e-04 -1.677006067843021548e-03 -1.291939764057002649e-04 -1.823197496812673391e-03 1.045702571924478829e-03 -1.110637157278441178e-03 0.000000000000000000e+00 4.593793996002983201e-04 -1.306580173810690561e-03 1.031960055433322598e-03 6.920466997999262125e-04 -2.415867801229783403e-03
-4.297110353844736642e-05 2.000288409723249437e-04 -1.496939863010431517e-05 -4.378401179599384707e-04 -1.420697361317330826e-04 -3.069563217484678141e-04 4.593793996002983201e-04 0.000000000000000000e+00 -7.556668709137462836e-05 -1.405798056476744926e-04 -2.470681672942649483e-04 3.728022195838339575e-04
-4.616801938420465922e-04 -9.217719434292514363e-04 4.507777179171627542e-04 2.975395319106052409e-05 -1.880658543923771154e-04 1.741344116958690701e-04 -1.306580173810690561e-03 -7.556668709137462836e-05 0.000000000000000000e+00 -3.848785190870014205e-04 6.892943142893545420e-05 -4.034644860698230072e-05
-3.776839491569892473e-04 3.178995812346771554e-04 -6.046293711571464405e-04 -7.297686600923210774e-04 -6.963076605737654598e-04 3.824717009535421220e-04 1.031960055433322598e-03 -1.405798056476744926e-04 -3.848785190870014205e-04 0.000000000000000000e+00 3.466896704633998737e-04 9.624280331538681956e-04
-7.151066753212122478e-05 -2.481961270414385738e-04 -1.564903335506158258e-04 -3.679261137973446763e-04 3.190098222230873938e-04 8.531021660178084469e-04 6.920466997999262125e-04 -2.470681672942649483e-04 6.892943142893545420e-05 3.466896704633998737e-04 0.000000000000000000e+00 -1.964373109056791482e-04
8.561988181726758402e-04 7.690827247055243574e-04 1.848797341181340672e-03 1.323306567250252743e-04 -1.631059276718312134e-03 7.459772182592866105e-04 -2.415867801229783403e-03 3.728022195838339575e-04 -4.034644860698230072e-05 9.624280331538681956e-04 -1.964373109056791482e-04 0.000000000000000000e+00
