0.000000000000000000e+00 2.434091150832478766e-04 -5.489491058991008681e-04 -7.921433430481507668e-05 1.897849059830274479e-03 -3.345935208305204759e-04 3.508889000307397073e-04 -1.757377393378382674e-04 1.273114883537622562e-04 -5.237990846049465741e-05 -5.518771285318374781e-05 -1.455291828202221351e-05
2.434091150832478766e-04 0.000000000000000000e+00 -1.085769312655182443e-03 2.128109502655880234e-04 7.678036637989410875e-05 6.830329869266450922e-04 -8.132775808794251264e-04 -2.315958054097307106e-04 -2.465809884887033263e-05 4.198808853116829296e-04 2.001017039429529474e-04 3.506459252357893661e-04
-5.489491058991008681e-04 -1.085769312655182443e-03 0.000000000000000000e+00 9.524348391587591318e-04 -3.542387414839204794e-04 1.164572152354545432e-03 -2.150562457278472589e-04 1.186714004909903818e-03 7.315323987458653351e-04 1.397767384244413260e-03 -2.951860859716825343e-04 1.988925381867738280e-03
-7.921433430481507668e-05 2.128109502655880234e-04 9.524348391587591318e-04 0.000000000000000000e+00 -3.749060107585480695e-04 2.510754140424051968e-04 4.118876680648020415e-04 1.129356885682322194e-04 -5.705585548156081504e-04 5.221902803057591671e-05 4.482275702645197859e-04 7.263509545287276077e-04
1.897849059830274479e-03 7.678036637989410875e-05 -3.542387414839204794e-04 -3.749060107585480695e-04 0.000000000000000000e+00 -7.637304402881996785e-04 1.017184725846676652e-04 -8.611037762367659441e-04 5.270908882446944006e-05 -1.059954322951758322e-03 -4.151257386088991067e-04 2.694310449322542822e-03
-3.345935208305204759e-04 6.830329869266450922e-04 1.164572152354545432e-03 2.510754140424051968e-04 -7.637304402881996785e-04 0.000000000000000000e+00 -6.624379351158754536e-04 3.964415150010786016e-04 -1.698706145563108139e-04 9.938169490641675461e-05 2.243906297639694460e-04 -6.861076985906888054e-04
3.508889000307397073e-04 -8.132775808794251264e-04 -2.150562457278472589e-04 4.118876680648020415e-04 1.017184725846676652e-04 -6.624379351158754536e-04 0.000000000000000000e+00 -1.369988164589931246e-03 -1.487467623042591607e-04 -9.861356133089988190e-04 3.935835411850168060e-04 1.225949306357371595e-03
-1.757377393378382674e-04 -2.315958054097307106e-04 1.186714004909903818e-03 1.129356885682322194e-04 -8.611037762367659441e-04 3.964415150010786016e-04 -1.369988164589931246e-03 0.000000000000000000e+00 -2.335296291921852032e-04 7.337700309687277347e-05 -3.401231135081469016e-04 1.432708845626376199e-03
1.273114883537622562e-04 -2.465809884887033263e-05 7.315323987458653351e-04 -5.705585548156081504e-04 5.270908882446944006e-05 -1.698706145563108139e-04 -1.487467623042591607e-04 -2.335296291921852032e-04 0.000000000000000000e+00 -1.951201704497812581e-05 3.338272090887003745e-04 1.545692340846418513e-04
-5.237990846049465741e-05 4.198808853116829296e-04 1.397767384244413260e-03 5.221902803057591671e-05 -1.059954322951758322e-03 9.938169490641675461e-05 -9.861356133089988190e-04 7.337700309687277347e-05 -1.951201704497812581e-05 0.000000000000000000e+00 1.092781193097863544e-04 5.957664727209104451e-04
-5.518771285318374781e-05 2.001017039429529474e-04 -2.951860859716825343e-04 4.482275702645197859e-04 -4.151257386088991067e-04 2.243906297639694460e-04 3.935835411850168060e-04 -3.401231135081469016e-04 3.338272090887003745e-04 1.092781193097863544e-04 0.000000000000000000e+00 -4.924856993338559870e-04
-1.455291828202221351e-05 3.506459252357893661e-04 1.988925381867738280e-03 7.263509545287276077e-04 2.694310449322542822e-03 -6.861076985906888054e-04 1.225949306357371595e-03 1.432708845626376199e-03 1.545692340846418513e-04 5.957664727209104451e-04 -4.924856993338559870e-04 0.000000000000000000e+00
