0.000000000000000000e+00 6.833605349324100436e-04 2.014647134501598388e-04 6.423977389358531079e-04 1.826176067526995598e-04 2.016067302495355446e-04 -3.899329669702759384e-04 -6.444363096232639523e-04 2.160271022419038101e-04 3.520947696948446511e-04 5.819129459802917887e-04 -9.021517015386546585e-04
6.833605349324100436e-04 0.000000000000000000e+00 -1.148840955084804360e-03 1.568136336807238109e-04 -1.325249452586917294e-03 -3.453728580659722112e-04 -2.155445748104632876e-05 2.376420805637873435e-04 -2.908728033186985039e-05 4.958834592750587618e-04 -3.863565400868875649e-04 6.420015200947521046e-04
2.014647134501598388e-04 -1.148840955084804360e-03 0.000000000000000000e+00 -3.123450317068590405e-04 3.086731840253778125e-03 -1.560818842891190876e-04 -1.709262483061154466e-03 -9.567570801658202995e-04 4.647545693555367322e-04 4.797910982619893938e-04 5.013846391676661778e-04 -2.970165167945998125e-03
6.423977389358531079e-04 1.568136336807238109e-04 -3.123450317068590405e-04 0.000000000000000000e+00 5.240818004538393051e-04 6.549902481057917050e-04 -3.310479955725625987e-04 8.296479891515930248e-05 -3.145430017667799854e-06 1.807880024631682101e-04 5.993085022389366395e-04 1.505745379118963176e-03
1.826176067526995598e-04 -1.325249452586917294e-03 3.086731840253778125e-03 5.240818004538393051e-04 0.000000000000000000e+00 -6.751409322810677377e-04 -3.314592981566795611e-03 7.447370183573181427e-04 -4.240460362123945454e-04 -2.535812976084762306e-04 9.150112779820103199e-04 3.228509606338950035e-03
2.016067302495355446e-04 -3.453728580659722112e-04 -1.560818842891190876e-04 6.549902481057917050e-04 -6.751409322810677377e-04 0.000000000000000000e+00 -7.212234795572928592e-04 7.031476647046625635e-05 -3.282393329678441867e-04 1.966127307472484453e-04 2.001940137252217254e-04 -7.912483240189016999e-04
-3.899329669702759384e-04 -2.155445748104632876e-05 -1.709262483061154466e-03 -3.310479955725625987e-04 -3.314592981566795611e-03 -7.212234795572928592e-04 0.000000000000000000e+00 1.675539466621569270e-03 -5.808057814155927071e-04 2.742909762689673108e-04 6.705210307050512263e-04 -2.395837110802010415e-03
-6.444363096232639523e-04 2.376420805637873435e-04 -9.567570801658202995e-04 8.296479891515930248e-05 7.447370183573181427e-04 7.031476647046625635e-05 1.675539466621569270e-03 0.000000000000000000e+00 -3.805331783832860176e-04 1.162527954292900050e-04 3.537527229265985049e-04 -5.016135518664704192e-04
2.160271022419038101e-04 -2.908728033186985039e-05 4.647545693555367322e-04 -3.145430017667799854e-06 -4.240460362123945454e-04 -3.282393329678441867e-04 -5.808057814155927071e-04 -3.805331783832860176e-04 0.000000000000000000e+00 -9.616271314757486388e-07 -1.729081729283624580e-04 -1.005138300086807221e-03
3.520947696948446511e-04 4.958834592750587618e-04 4.797910982619893938e-04 1.807880024631682101e-04 -2.535812976084762306e-04 1.966127307472484453e-04 2.742909762689673108e-04 1.162527954292900050e-04 -9.616271314757486388e-07 0.000000000000000000e+00 -4.746969587725629529e-04 -2.970421764171431753e-04
5.819129459802917887e-04 -3.863565400868875649e-04 5.013846391676661778e-04 5.993085022389366395e-04 9.150112779820103199e-04 2.001940137252217254e-04 6.705210307050512263e-04 3.537527229265985049e-04 -1.729081729283624580e-04 -4.746969587725629529e-04 0.000000000000000000e+00 -8.817888284625074666e-04
-9.021517015386546585e-04 6.420015200947521046e-04 -2.970165167945998125e-03 1.505745379118963176e-03 3.228509606338950035e-03 -7.912483240189016999e-04 -2.395837110802010415e-03 -5.016135518664704192e-04 -1.005138300086807221e-03 -2.970421764171431753e-04 -8.817888284625074666e-04 0.000000000000000000e+00
