0.000000000000000000e+00 -3.246097771341673022e-04 -3.787485005055383678e-04 -1.102125931327004038e-03 1.675887341862454831e-03 2.930616038104234865e-04 -6.130975033627327365e-04 -9.195676301265525397e-04 6.512754925930623563e-04 1.459246923733483999e-04 -3.015227316102635593e-05 -3.226690548785114405e-04
-3.246097771341673022e-04 0.000000000000000000e+00 -3.743917742593691434e-04 5.814600916853976701e-04 1.070416031762209865e-03 1.537107046001384247e-04 -9.756141947083666992e-04 -4.071856765059045846e-04 -6.218217855735785676e-04 -6.751742581006037257e-05 -2.559138547299769821e-05 5.340976021498636278e-05
-3.787485005055383678e-04 -3.743917742593691434e-04 0.000000000000000000e+00 -5.643013040502728233e-04 2.870383789591652267e-03 1.048440705847773335e-03 1.812687028607236264e-03 -4.157993921423568262e-06 -5.105388812249025618e-04 8.742464217837192433e-04 6.025099609448915482e-06 -1.201369266551983268e-03
-1.102125931327004038e-03 5.814600916853976701e-04 -5.643013040502728233e-04 0.000000000000000000e+00 -1.941316939493118506e-03 6.338164211675767707e-04 -1.299084306338440988e-04 -1.912929586116453176e-03 -4.283098290542861411e-04 -3.293077681551322047e-04 3.208789018834160527e-05 -1.962460026980755322e-04
1.675887341862454831e-03 1.070416031762209865e-03 2.870383789591652267e-03 -1.941316939493118506e-03 0.000000000000000000e+00 7.629484419215945340e-04 -6.726078506508981160e-04 -1.870259308790909791e-05 5.915893643145814359e-04 -9.581620196689479268e-04 5.767359857018224513e-04 2.571843444099135810e-03
2.930616038104234865e-04 1.537107046001384247e-04 1.048440705847773335e-03 6.338164211675767707e-04 7.629484419215945340e-04 0.000000000000000000e+00 -5.985298943862660996e-04 -3.108819818768943999e-04 2.017296892564961902e-04 5.762676829843741246e-04 -6.791974782548531827e-05 6.231918871372456531e-04
-6.130975033627327365e-04 -9.756141947083666992e-04 1.812687028607236264e-03 -1.299084306338440988e-04 -6.726078506508981160e-04 -5.985298943862660996e-04 0.000000000000000000e+00 9.417243772739887541e-05 4.070281350241358406e-04 4.304954409830381488e-04 1.947196249959126256e-04 -1.454266345673123925e-04
-9.195676301265525397e-04 -4.071856765059045846e-04 -4.157993921423568262e-06 -1.912929586116453176e-03 -1.870259308790909791e-05 -3.108819818768943999e-04 9.417243772739887541e-05 0.000000000000000000e+00 -7.409621160975651127e-04 1.150437345117654320e-04 2.616076227257636933e-05 1.954507288962420257e-03
6.512754925930623563e-04 -6.218217855735785676e-04 -5.105388812249025618e-04 -4.283098290542861411e-04 5.915893643145814359e-04 2.017296892564961902e-04 4.070281350241358406e-04 -7.409621160975651127e-04 0.000000000000000000e+00 6.989903309349151874e-05 3.484852942855892733e-04 -6.424105921301935616e-04
1.459246923733483999e-04 -6.751742581006037257e-05 8.742464217837192433e-04 -3.293077681551322047e-04 -9.581620196689479268e-04 5.762676829843741246e-04 4.304954409830381488e-04 1.150437345117654320e-04 6.989903309349151874e-05 0.000000000000000000e+00 -3.802736535493626141e-04 -9.337043345283463662e-04
-3.015227316102635593e-05 -2.559138547299769821e-05 6.025099609448915482e-06 3.208789018834160527e-05 5.767359857018224513e-04 -6.791974782548531827e-05 1.947196249959126256e-04 2.616076227257636933e-05 3.484852942855892733e-04 -3.802736535493626141e-04 0.000000000000000000e+00 6.272826031284202018e-04
-3.226690548785114405e-04 5.340976021498636278e-05 -1.201369266551983268e-03 -1.962460026980755322e-04 2.571843444099135810e-03 6.231918871372456531e-04 -1.454266345673123925e-04 1.954507288962420257e-03 -6.424105921301935616e-04 -9.337043345283463662e-04 6.272826031284202018e-04 0.000000000000000000e+00
