0.000000000000000000e+00 2.463451956013091031e-04 -6.419016792980091791e-04 3.283472890587846044e-04 1.846534169403026915e-03 8.029872092511856213e-05 -4.585107456507647380e-04 6.327628046936312114e-04 1.805588128316086021e-05 -4.381872529439867579e-04 3.139474021774868646e-04 8.091716143429611820e-04
2.463451956013091031e-04 0.000000000000000000e+00 -5.473917722124815042e-04 2.201370749086964840e-04 -2.695727969464632896e-04 3.716966456709483208e-04 -2.457086661204685440e-04 -7.769825283729811733e-04 2.231094050893145581e-04 -1.958243890084089957e-04 -3.333311127067941173e-04 3.688449066859971230e-04
-6.419016792980091791e-04 -5.473917722124815042e-04 0.000000000000000000e+00 1.215932887021589290e-03 -3.196948501909204973e-03 -2.370365149917965340e-04 1.766494833837156620e-03 -8.019624893822268306e-04 -1.195871138428565746e-03 -9.106543383980582719e-04 3.761525193851623602e-04 2.538957477724518470e-03
3.283472890587846044e-04 2.201370749086964840e-04 1.215932887021589290e-03 0.000000000000000000e+00 2.664175214628689350e-03 -1.498293464382465033e-04 1.338307816983538932e-03 -3.789840921873859959e-04 -7.314314887410817284e-04 6.446391155797875135e-04 5.241776846543747719e-04 4.243282197509875013e-04
1.846534169403026915e-03 -2.695727969464632896e-04 -3.196948501909204973e-03 2.664175214628689350e-03 0.000000000000000000e+00 -8.465006688920805348e-04 1.648451071006819344e-03 -1.457336673473028045e-03 1.879529144690883903e-04 -1.300683513100127451e-03 -4.533364246478513584e-05 -4.432533764684752696e-04
8.029872092511856213e-05 3.716966456709483208e-04 -2.370365149917965340e-04 -1.498293464382465033e-04 -8.465006688920805348e-04 0.000000000000000000e+00 1.609222762183986331e-04 -2.780496066996816979e-04 -2.199105076464683462e-04 3.616093104498775430e-04 -2.235831838237676129e-04 7.308523018105491699e-05
-4.585107456507647380e-04 -2.457086661204685440e-04 1.766494833837156620e-03 1.338307816983538932e-03 1.648451071006819344e-03 1.609222762183986331e-04 0.000000000000000000e+00 -6.741041031802141783e-04 1.019314754261710929e-03 8.048635441462499316e-04 3.169583665141146277e-04 1.752871601084360267e-03
6.327628046936312114e-04 -7.769825283729811733e-04 -8.019624893822268306e-04 -3.789840921873859959e-04 -1.457336673473028045e-03 -2.780496066996816979e-04 -6.741041031802141783e-04 0.000000000000000000e+00 -5.937201788977203689e-04 6.494285925540571658e-06 -3.928514536389578291e-04 -1.454416825804220404e-04
1.805588128316086021e-05 2.231094050893145581e-04 -1.195871138428565746e-03 -7.314314887410817284e-04 1.879529144690883903e-04 -2.199105076464683462e-04 1.019314754261710929e-03 -5.937201788977203689e-04 0.000000000000000000e+00 4.209956276998960386e-04 -1.418547246367953798e-04 -4.808451677252567331e-04
-4.381872529439867579e-04 -1.958243890084089957e-04 -9.106543383980582719e-04 6.446391155797875135e-04 -1.300683513100127451e-03 3.616093104498775430e-04 8.048635441462499316e-04 6.494285925540571658e-06 4.209956276998960386e-04 0.000000000000000000e+00 2.757412598117838236e-04 -3.253867904997309862e-04
3.139474021774868646e-04 -3.333311127067941173e-04 3.761525193851623602e-04 5.241776846543747719e-04 -4.533364246478513584e-05 -2.235831838237676129e-04 3.169583665141146277e-04 -3.928514536389578291e-04 -1.418547246367953798e-04 2.757412598117838236e-04 0.000000000000000000e+00 3.780617249948725785e-04
8.091716143429611820e-04 3.688449066859971230e-04 2.538957477724518470e-03 4.243282197509875013e-04 -4.432533764684752696e-04 7.308523018105491699e-05 1.752871601084360267e-03 -1.454416825804220404e-04 -4.808451677252567331e-04 -3.253867904997309862e-04 3.780617249948725785e-04 0.000000000000000000e+00
