0.000000000000000000e+00 -2.678240370440885024e-04 1.605800028121930024e-03 1.752471263133737530e-04 7.321982983040416096e-04 -3.162268669522824965e-04 -2.154814848359646543e-03 -1.556316017134946102e-03 -2.587212821870799474e-03 -5.462329722108410319e-04 2.342281510739539947e-03 -2.324574204472474367e-03
-2.678240370440885024e-04 0.000000000000000000e+00 -2.311630743221737636e-04 1.429916525759184875e-04 1.351463650067598668e-04 -1.820479200908975827e-04 3.572664591517363980e-04 1.893447463329972838e-04 -2.666820107773194858e-04 7.658372401102376344e-05 7.299723568633838516e-05 -5.035040079609944897e-04
1.605800028121930024e-03 -2.311630743221737636e-04 0.000000000000000000e+00 1.916527342938329870e-04 -4.293641176267231447e-04 -7.224686153357431700e-04 -9.016800240801764108e-04 1.529023530868570254e-03 -5.552496847487471340e-04 1.544051277938283723e-04 5.711807843211754061e-04 -3.270673699432496495e-04
1.752471263133737530e-04 1.429916525759184875e-04 1.916527342938329870e-04 0.000000000000000000e+00 3.654281147862338476e-04 -5.183268060890703006e-05 7.680658176561744972e-04 2.672150387445246331e-04 1.050515080030774455e-03 -4.664075854536230354e-04 1.583890723291384528e-06 -6.428857976671355180e-04
7.321982983040416096e-04 1.351463650067598668e-04 -4.293641176267231447e-04 3.654281147862338476e-04 0.000000000000000000e+00 1.908185956128962313e-04 8.812685718175144469e-05 -3.105098087502700869e-04 -2.287728832404643526e-04 -3.909905533534396437e-04 -3.014209637693654725e-04 4.420032969730666381e-04
-3.162268669522824965e-04 -1.820479200908975827e-04 -7.224686153357431700e-04 -5.183268060890703006e-05 1.908185956128962313e-04 0.000000000000000000e+00 9.200116630243870049e-04 2.470782390051919617e-04 -1.373047665283037714e-03 -2.947349106295544564e-04 -1.625643245488666904e-03 -5.132408510190562085e-04
-2.154814848359646543e-03 3.572664591517363980e-04 -9.016800240801764108e-04 7.680658176561744972e-04 8.812685718175144469e-05 9.200116630243870049e-04 0.000000000000000000e+00 1.391267967528989503e-03 -6.252391736780508720e-04 1.012780754693622337e-04 1.180684545827774025e-03 -2.694025377364573249e-04
-1.556316017134946102e-03 1.893447463329972838e-04 1.529023530868570254e-03 2.672150387445246331e-04 -3.105098087502700869e-04 2.470782390051919617e-04 1.391267967528989503e-03 0.000000000000000000e+00 -9.977974207911316767e-04 8.730831101064327629e-05 6.077484204733646454e-04 1.116685918168846853e-04
-2.587212821870799474e-03 -2.666820107773194858e-04 -5.552496847487471340e-04 1.050515080030774455e-03 -2.287728832404643526e-04 -1.373047665283037714e-03 -6.252391736780508720e-04 -9.977974207911316767e-04 0.000000000000000000e+00 -5.428050895594173277e-04 3.192438565964345401e-03 1.322299182501882400e-03
-5.462329722108410319e-04 7.658372401102376344e-05 1.544051277938283723e-04 -4.664075854536230354e-04 -3.909905533534396437e-04 -2.947349106295544564e-04 1.012780754693622337e-04 8.730831101064327629e-05 -5.428050895594173277e-04 0.000000000000000000e+00 -5.130606011647488108e-04 6.708108205406650734e-05
2.342281510739539947e-03 7.299723568633838516e-05 5.711807843211754061e-04 1.583890723291384528e-06 -3.014209637693654725e-04 -1.625643245488666904e-03 1.180684545827774025e-03 6.077484204733646454e-04 3.192438565964345401e-03 -5.130606011647488108e-04 0.000000000000000000e+00 1.086042021571281742e-04
-2.324574204472474367e-03 -5.035040079609944897e-04 -3.270673699432496495e-04 -6.428857976671355180e-04 4.420032969730666381e-04 -5.132408510190562085e-04 -2.694025377364573249e-04 1.116685918168846853e-04 1.322299182501882400e-03 6.708108205406650734e-05 1.086042021571281742e-04 0.000000000000000000e+00
