0.000000000000000000e+00 -4.687672980799909809e-05 -4.736984116855996632e-04 2.017751695927054239e-04 1.874844973082531946e-03 -1.029285206826817617e-03 2.069120252166333634e-03 -3.094072645329556948e-03 3.056657025313094019e-03 8.990194903898368443e-04 6.462899489799588289e-04 -1.445288261367894860e-03
-4.687672980799909809e-05 0.000000000000000000e+00 -3.424991853067083612e-04 1.401838566885348861e-04 -5.229925112232950297e-05 -1.511207163043763007e-05 4.086931385266895887e-04 3.125301242885023326e-04 1.745790186505576710e-04 1.057784420994149679e-04 8.147761386548710793e-05 -1.326548682723964533e-04
-4.736984116855996632e-04 -3.424991853067083612e-04 0.000000000000000000e+00 2.998381241524291935e-04 6.549903921102528384e-04 -2.839917270645389308e-04 -1.585572241336769515e-03 -5.953581330314949328e-04 -1.899387356692205280e-03 2.196849921976348633e-04 1.104564178019040634e-03 -2.984350680525018370e-04
2.017751695927054239e-04 1.401838566885348861e-04 2.998381241524291935e-04 0.000000000000000000e+00 -1.208735426899955280e-04 1.966415059793846418e-04 3.827538435970360303e-04 7.774744176933383625e-04 -2.221783503980201283e-04 4.009789956259279700e-04 4.323914004275604818e-04 -5.957681636958986251e-04
1.874844973082531946e-03 -5.229925112232950297e-05 6.549903921102528384e-04 -1.208735426899955280e-04 0.000000000000000000e+00 -3.657112074974008082e-05 -1.536175953532236326e-03 -2.670922268194821656e-04 1.321366359425483984e-03 7.737568770426860986e-05 -1.081319286102817943e-04 6.992973071588902921e-05
-1.029285206826817617e-03 -1.511207163043763007e-05 -2.839917270645389308e-04 1.966415059793846418e-04 -3.657112074974008082e-05 0.000000000000000000e+00 3.727121238508424288e-04 5.198999476407532936e-04 7.445987854317847850e-04 -2.925458463953796310e-04 1.132993536135493097e-03 5.868841321306603361e-04
2.069120252166333634e-03 4.086931385266895887e-04 -1.585572241336769515e-03 3.827538435970360303e-04 -1.536175953532236326e-03 3.727121238508424288e-04 0.000000000000000000e+00 -1.741269346315402720e-03 -4.307334139359916413e-04 4.292271882536403938e-04 9.958332731223316133e-04 -4.634354081865628893e-04
-3.094072645329556948e-03 3.125301242885023326e-04 -5.953581330314949328e-04 7.774744176933383625e-04 -2.670922268194821656e-04 5.198999476407532936e-04 -1.741269346315402720e-03 0.000000000000000000e+00 1.297497550363143617e-03 -8.151437473222152312e-05 -8.322580352096342528e-04 -1.070401696385318673e-03
3.056657025313094019e-03 1.745790186505576710e-04 -1.899387356692205280e-03 -2.221783503980201283e-04 1.321366359425483984e-03 7.445987854317847850e-04 -4.307334139359916413e-04 1.297497550363143617e-03 0.000000000000000000e+00 -1.022316419261195533e-03 -1.450530288704888126e-03 -9.727125314895808958e-04
8.990194903898368443e-04 1.057784420994149679e-04 2.196849921976348633e-04 4.009789956259279700e-04 7.737568770426860986e-05 -2.925458463953796310e-04 4.292271882536403938e-04 -8.151437473222152312e-05 -1.022316419261195533e-03 0.000000000000000000e+00 -7.997485249055888033e-04 -5.681842874693983765e-05
6.462899489799588289e-04 8.147761386548710793e-05 1.104564178019040634e-03 4.323914004275604818e-04 -1.081319286102817943e-04 1.132993536135493097e-03 9.958332731223316133e-04 -8.322580352096342528e-04 -1.450530288704888126e-03 -7.997485249055888033e-04 0.000000000000000000e+00 -6.815854778120640717e-04
-1.445288261367894860e-03 -1.326548682723964533e-04 -2.984350680525018370e-04 -5.957681636958986251e-04 6.992973071588902921e-05 5.868841321306603361e-04 -4.634354081865628893e-04 -1.070401696385318673e-03 -9.727125314895808958e-04 -5.681842874693983765e-05 -6.815854778120640717e-04 0.000000000000000000e+00
