0.000000000000000000e+00 -1.041164348828668446e-03 1.627736053928017720e-03 -4.874559541030475183e-04 2.921295879619010302e-04 5.117341375758927523e-04 9.790364970954828008e-04 7.134098843555246013e-04 2.803427064627027950e-03 -4.730368052851047418e-04 -1.705387287219410413e-03 8.143801660651902100e-04
-1.041164348828668446e-03 0.000000000000000000e+00 -2.179321637438854482e-04 7.454429110056559182e-05 -5.748128067105498302e-06 3.568315151333044475e-04 2.970020449349299429e-05 8.088961488763246003e-04 -2.663221696412129040e-04 -1.553540726229119060e-04 -1.740189242939085953e-04 5.382303228043426114e-04
1.627736053928017720e-03 -2.179321637438854482e-04 0.000000000000000000e+00 3.580691547184752040e-04 2.168076566854482471e-04 9.092243805595862658e-04 1.581986716978197368e-03 5.960695317743712430e-04 4.481049350879401892e-04 2.216788105500525335e-04 -1.172835838065505341e-03 -4.070301294966039351e-05
-4.874559541030475183e-04 7.454429110056559182e-05 3.580691547184752040e-04 0.000000000000000000e+00 -1.229456339670127935e-04 1.258669547552837991e-05 4.869658689530626731e-04 3.695082071756118983e-04 -9.321977852035447142e-04 -1.949488930588157186e-04 -3.631987168394318496e-04 -1.872447887633140341e-04
2.921295879619010302e-04 -5.748128067105498302e-06 2.168076566854482471e-04 -1.229456339670127935e-04 0.000000000000000000e+00 -1.046148991141783887e-05 2.643449881156267715e-04 -1.554372458951653636e-04 3.459598109000091540e-04 -1.127819899971779620e-04 1.584480843860908934e-05 1.710781616498037764e-04
5.117341375758927523e-04 3.568315151333044475e-04 9.092243805595862658e-04 1.258669547552837991e-05 -1.046148991141783887e-05 0.000000000000000000e+00 -1.033811351519187821e-03 2.699029160922905460e-04 2.494770555092390207e-05 1.265530338731881419e-04 -6.063965591123663627e-04 -6.219183735508602246e-04
9.790364970954828008e-04 2.970020449349299429e-05 1.581986716978197368e-03 4.869658689530626731e-04 2.643449881156267715e-04 -1.033811351519187821e-03 0.000000000000000000e+00 -9.001280945286172864e-04 -4.581415112730844331e-04 -2.451528515904551628e-04 1.323779057142983242e-03 9.391721567388835361e-04
7.134098843555246013e-04 8.088961488763246003e-04 5.960695317743712430e-04 3.695082071756118983e-04 -1.554372458951653636e-04 2.699029160922905460e-04 -9.001280945286172864e-04 0.000000000000000000e+00 7.301272840935841722e-04 7.122578723265080057e-04 -8.921436673697776855e-04 7.436358227149851997e-04
2.803427064627027950e-03 -2.663221696412129040e-04 4.481049350879401892e-04 -9.321977852035447142e-04 3.459598109000091540e-04 2.494770555092390207e-05 -4.581415112730844331e-04 7.301272840935841722e-04 0.000000000000000000e+00 2.943592225053106226e-04 2.302745852413092941e-03 -7.850362863212034781e-05
-4.730368052851047418e-04 -1.553540726229119060e-04 2.216788105500525335e-04 -1.949488930588157186e-04 -1.127819899971779620e-04 1.265530338731881419e-04 -2.451528515904551628e-04 7.122578723265080057e-04 2.943592225053106226e-04 0.000000000000000000e+00 -5.788659826801981949e-04 -3.744922855884645372e-06
-1.705387287219410413e-03 -1.740189242939085953e-04 -1.172835838065505341e-03 -3.631987168394318496e-04 1.584480843860908934e-05 -6.063965591123663627e-04 1.323779057142983242e-03 -8.921436673697776855e-04 2.302745852413092941e-03 -5.788659826801981949e-04 0.000000000000000000e+00 4.040286611884192974e-04
8.143801660651902100e-04 5.382303228043426114e-04 -4.070301294966039351e-05 -1.872447887633140341e-04 1.710781616498037764e-04 -6.219183735508602246e-04 9.391721567388835361e-04 7.436358227149851997e-04 -7.850362863212034781e-05 -3.744922855884645372e-06 4.040286611884192974e-04 0.000000000000000000e+00
