0.000000000000000000e+00 3.192134774621410969e-03 -5.345037714354324357e-04 -2.788344661733493414e-03 4.231876464347812455e-04 3.967276750283259181e-05 -1.443879513119269368e-04 -1.320816483802080151e-04 -5.790249561848826061e-04 1.584937550558064220e-03 -1.264847672837195614e-03 -1.484178551917768058e-03
3.192134774621410969e-03 0.000000000000000000e+00 9.660903963590249891e-04 2.658033981236677164e-03 -1.528247986828961313e-04 -6.024852614970811933e-04 9.518502398856594753e-04 -1.888683960708682254e-03 1.486382266307342890e-04 2.863863280210183528e-03 1.256335166459155404e-03 8.060556328406551436e-05
-5.345037714354324357e-04 9.660903963590249891e-04 0.000000000000000000e+00 7.995261573297667837e-04 -2.998274771459776911e-05 -5.706804778395629257e-05 -4.088155236992540827e-04 6.580354025056332724e-05 5.326137893460845124e-04 -6.848267932130357605e-04 -6.276935543638487939e-04 4.746343854090377288e-04
-2.788344661733493414e-03 2.658033981236677164e-03 7.995261573297667837e-04 0.000000000000000000e+00 -7.461169083046185406e-05 -9.605541821034542429e-04 -5.003722331675161238e-04 -1.403018674749785142e-03 -2.206859801147063600e-04 7.668915628754668446e-04 1.343757596229854445e-03 -4.004128025609614825e-04
4.231876464347812455e-04 -1.528247986828961313e-04 -2.998274771459776911e-05 -7.461169083046185406e-05 0.000000000000000000e+00 -5.466500378328784104e-04 -6.099925355999631269e-05 2.078101407083818756e-06 2.809453379255680630e-04 -1.233124038553442279e-04 -1.265577665710669250e-03 -4.383658464423924902e-04
3.967276750283259181e-05 -6.024852614970811933e-04 -5.706804778395629257e-05 -9.605541821034542429e-04 -5.466500378328784104e-04 0.000000000000000000e+00 5.076426985686477954e-04 -2.244984656918603226e-04 -2.538737899329263623e-04 -3.616714750140869708e-04 -1.727192591144208081e-04 -2.810849754291536487e-04
-1.443879513119269368e-04 9.518502398856594753e-04 -4.088155236992540827e-04 -5.003722331675161238e-04 -6.099925355999631269e-05 5.076426985686477954e-04 0.000000000000000000e+00 -4.627979607810431381e-04 6.787420790341357636e-04 5.068670546514322892e-04 -3.481222068553912401e-04 5.159299241476698883e-04
-1.320816483802080151e-04 -1.888683960708682254e-03 6.580354025056332724e-05 -1.403018674749785142e-03 2.078101407083818756e-06 -2.244984656918603226e-04 -4.627979607810431381e-04 0.000000000000000000e+00 2.732476996853450981e-04 8.338177892699480528e-04 -4.191692070470515391e-04 5.358993522570705721e-04
-5.790249561848826061e-04 1.486382266307342890e-04 5.326137893460845124e-04 -2.206859801147063600e-04 2.809453379255680630e-04 -2.538737899329263623e-04 6.787420790341357636e-04 2.732476996853450981e-04 0.000000000000000000e+00 4.649934007974389368e-04 -1.077163619960681655e-03 5.623588178430592244e-04
1.584937550558064220e-03 2.863863280210183528e-03 -6.848267932130357605e-04 7.668915628754668446e-04 -1.233124038553442279e-04 -3.616714750140869708e-04 5.068670546514322892e-04 8.338177892699480528e-04 4.649934007974389368e-04 0.000000000000000000e+00 4.389118272440650781e-04 -2.703563819526749170e-04
-1.264847672837195614e-03 1.256335166459155404e-03 -6.276935543638487939e-04 1.343757596229854445e-03 -1.265577665710669250e-03 -1.727192591144208081e-04 -3.481222068553912401e-04 -4.191692070470515391e-04 -1.077163619960681655e-03 4.389118272440650781e-04 0.000000000000000000e+00 -1.994773249400452091e-04
-1.484178551917768058e-03 8.060556328406551436e-05 4.746343854090377288e-04 -4.004128025609614825e-04 -4.383658464423924902e-04 -2.810849754291536487e-04 5.159299241476698883e-04 5.358993522570705721e-04 5.623588178430592244e-04 -2.703563819526749170e-04 -1.994773249400452091e-04 0.000000000000000000e+00
