0.000000000000000000e+00 3.770160751954536879e-05 2.132258909480071760e-04 3.168604304961980685e-04 6.229162472341352339e-04 -5.478484462898159925e-05 -1.928929906907155076e-04 -1.164494224772148290e-05 -1.334907268480678639e-03 9.025570469031910057e-05 -2.609659684607827743e-03 -3.782311382956401622e-04
3.770160751954536879e-05 0.000000000000000000e+00 8.158639802374494836e-04 1.720449361020787030e-03 3.857930852727922428e-04 1.509474837052391608e-03 -4.080959299892019960e-04 -1.116160732171770823e-04 -2.133956893713538508e-04 1.574731100353348031e-03 -1.605344273373217594e-03 4.286201961232714310e-04
2.132258909480071760e-04 8.158639802374494836e-04 0.000000000000000000e+00 7.711227094849807014e-04 1.526760477167162118e-04 7.698704126044472718e-05 -3.934082786474830018e-04 9.513848220841914622e-05 -9.789907481129687939e-05 -6.663872777776202972e-04 -9.598222909404971036e-04 -8.603299238123972013e-06
3.168604304961980685e-04 1.720449361020787030e-03 7.711227094849807014e-04 0.000000000000000000e+00 -2.721632448872321453e-04 9.872716405436110596e-04 -2.300019329504314773e-04 -4.563573540035950008e-04 1.628305369314345737e-04 -8.857636488717407855e-05 2.883384126707224260e-03 -7.672904749567497186e-04
6.229162472341352339e-04 3.857930852727922428e-04 1.526760477167162118e-04 -2.721632448872321453e-04 0.000000000000000000e+00 2.371053353553835867e-04 -1.429323618084499736e-04 -1.484614954849110084e-04 2.783056375057804373e-04 2.506495623076213423e-04 5.352116074062063418e-04 1.154886602456987029e-06
-5.478484462898159925e-05 1.509474837052391608e-03 7.698704126044472718e-05 9.872716405436110596e-04 2.371053353553835867e-04 0.000000000000000000e+00 2.059687016999418353e-04 -3.076236437103247682e-04 4.310498243755762383e-04 -7.951083315003697888e-04 -5.035916548012661165e-04 1.174468982737036839e-04
-1.928929906907155076e-04 -4.080959299892019960e-04 -3.934082786474830018e-04 -2.300019329504314773e-04 -1.429323618084499736e-04 2.059687016999418353e-04 0.000000000000000000e+00 -2.487210559202459518e-04 4.174335868806062729e-04 4.012351264531382198e-04 9.961014671094274141e-04 5.759360101959548487e-04
-1.164494224772148290e-05 -1.116160732171770823e-04 9.513848220841914622e-05 -4.563573540035950008e-04 -1.484614954849110084e-04 -3.076236437103247682e-04 -2.487210559202459518e-04 0.000000000000000000e+00 -2.841657960974886183e-04 6.057777829090518762e-04 6.856149456473822033e-04 -5.492286428986900343e-04
-1.334907268480678639e-03 -2.133956893713538508e-04 -9.789907481129687939e-05 1.628305369314345737e-04 2.783056375057804373e-04 4.310498243755762383e-04 4.174335868806062729e-04 -2.841657960974886183e-04 0.000000000000000000e+00 -3.500878246022481486e-04 8.210411815320822282e-04 2.464273802760839687e-04
9.025570469031910057e-05 1.574731100353348031e-03 -6.663872777776202972e-04 -8.857636488717407855e-05 2.506495623076213423e-04 -7.951083315003697888e-04 4.012351264531382198e-04 6.057777829090518762e-04 -3.500878246022481486e-04 0.000000000000000000e+00 1.396524423993466754e-03 -6.798915841580847105e-04
-2.609659684607827743e-03 -1.605344273373217594e-03 -9.598222909404971036e-04 2.883384126707224260e-03 5.352116074062063418e-04 -5.035916548012661165e-04 9.961014671094274141e-04 6.856149456473822033e-04 8.210411815320822282e-04 1.396524423993466754e-03 0.000000000000000000e+00 1.152159121209567812e-03
-3.782311382956401622e-04 4.286201961232714310e-04 -8.603299238123972013e-06 -7.672904749567497186e-04 1.154886602456987029e-06 1.174468982737036839e-04 5.759360101959548487e-04 -5.492286428986900343e-04 2.464273802760839687e-04 -6.798915841580847105e-04 1.152159121209567812e-03 0.000000000000000000e+00
