0.000000000000000000e+00 7.604805866630588544e-04 7.003306699173850050e-04 8.773047855243718148e-05 -1.155957353632792528e-03 -6.701848198115904591e-05 -1.065951439739396683e-03 -6.149637425579385867e-04 -8.782590287300429165e-04 1.274690019432990571e-03 -2.245642429458417563e-03 -4.802067238096956680e-04
7.604805866630588544e-04 0.000000000000000000e+00 -9.673682900359649971e-04 -5.990097758591427304e-04 -7.533704245355584599e-04 3.403040398276100547e-04 1.522737955643698642e-03 -5.143425678936781442e-04 -9.911719585064505348e-04 -2.231186362135262335e-03 -1.150478017310175563e-03 1.211265877873141366e-03
7.003306699173850050e-04 -9.673682900359649971e-04 0.000000000000000000e+00 -2.629377275172787676e-04 7.457904843498572322e-05 2.242804581749673813e-04 -7.674045523132610579e-05 3.254325816741307476e-04 4.034022021754022448e-05 4.436285967010970095e-04 -1.402673892623233472e-04 5.010448136733066521e-04
8.773047855243718148e-05 -5.990097758591427304e-04 -2.629377275172787676e-04 0.000000000000000000e+00 -7.520511481324695881e-05 -2.056756623520310495e-04 -9.014566167905291565e-04 -3.415987583165269541e-04 -2.883183625677745770e-05 1.924605944077361448e-03 4.676517839422338134e-05 4.275337383343540652e-04
-1.155957353632792528e-03 -7.533704245355584599e-04 7.457904843498572322e-05 -7.520511481324695881e-05 0.000000000000000000e+00 -3.948834544099113987e-04 -2.732203986435249995e-04 -8.847597792147605228e-05 1.083766846139466223e-04 -9.858923291566157408e-04 -1.852592941736194471e-04 2.386247561196461946e-04
-6.701848198115904591e-05 3.403040398276100547e-04 2.242804581749673813e-04 -2.056756623520310495e-04 -3.948834544099113987e-04 0.000000000000000000e+00 -1.801304464770094960e-04 -1.461419958823202627e-04 8.196968904510843347e-05 -4.976195071113823261e-04 4.907035966332359746e-04 2.585797937364656520e-04
-1.065951439739396683e-03 1.522737955643698642e-03 -7.674045523132610579e-05 -9.014566167905291565e-04 -2.732203986435249995e-04 -1.801304464770094960e-04 0.000000000000000000e+00 4.464295069590092004e-05 -2.337162229918013714e-04 -2.390367161971991618e-05 7.051704739833083036e-04 1.589643302381771816e-04
-6.149637425579385867e-04 -5.143425678936781442e-04 3.254325816741307476e-04 -3.415987583165269541e-04 -8.847597792147605228e-05 -1.461419958823202627e-04 4.464295069590092004e-05 0.000000000000000000e+00 2.570559410071195002e-05 -3.129794214388903636e-04 2.101424591846657089e-04 -1.208800807227753418e-04
-8.782590287300429165e-04 -9.911719585064505348e-04 4.034022021754022448e-05 -2.883183625677745770e-05 1.083766846139466223e-04 8.196968904510843347e-05 -2.337162229918013714e-04 2.570559410071195002e-05 0.000000000000000000e+00 -6.240134668018152775e-04 -1.705428186189482441e-04 -2.637352958857112450e-04
1.274690019432990571e-03 -2.231186362135262335e-03 4.436285967010970095e-04 1.924605944077361448e-03 -9.858923291566157408e-04 -4.976195071113823261e-04 -2.390367161971991618e-05 -3.129794214388903636e-04 -6.240134668018152775e-04 0.000000000000000000e+00 2.366285619134872367e-03 2.768269172437848140e-04
-2.245642429458417563e-03 -1.150478017310175563e-03 -1.402673892623233472e-04 4.676517839422338134e-05 -1.852592941736194471e-04 4.907035966332359746e-04 7.051704739833083036e-04 2.101424591846657089e-04 -1.705428186189482441e-04 2.366285619134872367e-03 0.000000000000000000e+00 5.687016877896911016e-04
-4.802067238096956680e-04 1.211265877873141366e-03 5.010448136733066521e-04 4.275337383343540652e-04 2.386247561196461946e-04 2.585797937364656520e-04 1.589643302381771816e-04 -1.208800807227753418e-04 -2.637352958857112450e-04 2.768269172437848140e-04 5.687016877896911016e-04 0.000000000000000000e+00
