0.000000000000000000e+00 3.206714744782921799e-03 -2.202603586799603346e-04 -2.098798624183231386e-03 8.515744921444163814e-04 -7.975644535796341209e-06 5.657542127316244349e-04 -5.748998590081125790e-05 -2.012757466251074425e-04 1.332734361027606814e-03 -1.047972396886153162e-03 -9.995225956601862987e-05
3.206714744782921799e-03 0.000000000000000000e+00 1.734602228736998111e-04 1.732273503341518091e-03 -1.372247545343621656e-03 -9.751137457547974334e-04 -2.566615248879137740e-04 -7.156771579281715834e-04 4.290945595452546756e-04 3.070608282592664066e-04 -2.452790033473543647e-03 2.064962798786993195e-03
-2.202603586799603346e-04 1.734602228736998111e-04 0.000000000000000000e+00 -4.228811619870266082e-04 6.170412965375459595e-04 -5.328773011089104434e-04 -2.837955730509650137e-04 3.262100584709332909e-05 2.221980535836702998e-04 -1.048637315557899088e-03 6.256708989582641023e-04 6.514575569329244002e-04
-2.098798624183231386e-03 1.732273503341518091e-03 -4.228811619870266082e-04 0.000000000000000000e+00 -6.185559337234023238e-04 1.099955475087341112e-03 3.552378139714956751e-04 6.927257664650604118e-04 -4.369977087420884049e-04 2.146196422424126395e-04 1.815784908894032114e-04 4.556217283083702305e-04
8.515744921444163814e-04 -1.372247545343621656e-03 6.170412965375459595e-04 -6.185559337234023238e-04 0.000000000000000000e+00 -5.632359504198340173e-04 -1.561283793281463745e-04 -1.327834275766635885e-04 2.225002948955905188e-04 -1.028651373143918977e-03 -1.359266033001715760e-03 -8.351050748359021723e-04
-7.975644535796341209e-06 -9.751137457547974334e-04 -5.328773011089104434e-04 1.099955475087341112e-03 -5.632359504198340173e-04 0.000000000000000000e+00 -3.175353664651559926e-04 3.224091785359095900e-04 5.507359220412713283e-05 4.082591989182402870e-04 -7.567756138702878312e-04 -3.320125231727389552e-05
5.657542127316244349e-04 -2.566615248879137740e-04 -2.837955730509650137e-04 3.552378139714956751e-04 -1.561283793281463745e-04 -3.175353664651559926e-04 0.000000000000000000e+00 -7.885324988548342501e-05 -2.256456667447470990e-04 8.998100991353984775e-04 -6.544120339129177706e-04 -2.349131788462312058e-04
-5.748998590081125790e-05 -7.156771579281715834e-04 3.262100584709332909e-05 6.927257664650604118e-04 -1.327834275766635885e-04 3.224091785359095900e-04 -7.885324988548342501e-05 0.000000000000000000e+00 1.049423928790086763e-04 4.907356518807299076e-04 4.934164895633971933e-04 4.105267277858380844e-04
-2.012757466251074425e-04 4.290945595452546756e-04 2.221980535836702998e-04 -4.369977087420884049e-04 2.225002948955905188e-04 5.507359220412713283e-05 -2.256456667447470990e-04 1.049423928790086763e-04 0.000000000000000000e+00 -9.110244174051503442e-04 -1.326978266395985057e-03 3.164198011605279682e-04
1.332734361027606814e-03 3.070608282592664066e-04 -1.048637315557899088e-03 2.146196422424126395e-04 -1.028651373143918977e-03 4.082591989182402870e-04 8.998100991353984775e-04 4.907356518807299076e-04 -9.110244174051503442e-04 0.000000000000000000e+00 1.382674472100270521e-03 6.556714172503454174e-04
-1.047972396886153162e-03 -2.452790033473543647e-03 6.256708989582641023e-04 1.815784908894032114e-04 -1.359266033001715760e-03 -7.567756138702878312e-04 -6.544120339129177706e-04 4.934164895633971933e-04 -1.326978266395985057e-03 1.382674472100270521e-03 0.000000000000000000e+00 -1.259993685814096319e-03
-9.995225956601862987e-05 2.064962798786993195e-03 6.514575569329244002e-04 4.556217283083702305e-04 -8.351050748359021723e-04 -3.320125231727389552e-05 -2.349131788462312058e-04 4.105267277858380844e-04 3.164198011605279682e-04 6.556714172503454174e-04 -1.259993685814096319e-03 0.000000000000000000e+00
