0.000000000000000000e+00 -6.734841170465590953e-04 -1.299655079261305239e-03 -6.814677678270536195e-04 3.882511567723126271e-04 -6.529699825345618375e-04 -7.624856972987060014e-04 -3.804021079648145596e-04 9.661794210890710085e-04 1.686467338915979353e-03 -3.052329941505130262e-03 -1.032980136261755534e-03
-6.734841170465590953e-04 0.000000000000000000e+00 -7.932881799981053540e-04 -1.864678126803844590e-03 -5.704371511973370130e-04 4.135681663032171368e-04 1.244929920835432299e-03 -4.448430502310499472e-04 -3.159783320807100604e-04 -2.162318272002950749e-04 -3.197043258599533821e-03 -1.000164744578978552e-03
-1.299655079261305239e-03 -7.932881799981053540e-04 0.000000000000000000e+00 8.271734715063038933e-04 2.958114717141393114e-04 4.242592125752674657e-04 -5.261588873231970822e-05 2.106641440735083329e-04 -2.234940503764519775e-04 -1.290653070374045734e-04 -9.926789423291501342e-04 4.286657517505537370e-04
-6.814677678270536195e-04 -1.864678126803844590e-03 8.271734715063038933e-04 0.000000000000000000e+00 1.999010876755138175e-04 5.297222278018941504e-04 -1.036202491559077253e-04 7.313392034499148053e-04 3.605796789332993695e-04 7.599738996034164414e-04 8.032432399192944265e-04 -8.194008841247914666e-04
3.882511567723126271e-04 -5.704371511973370130e-04 2.958114717141393114e-04 1.999010876755138175e-04 0.000000000000000000e+00 5.679889976801277590e-05 2.998922295578133315e-05 5.659784991675625710e-05 1.238391646944315592e-04 1.729765056585238472e-04 5.466442142667607938e-04 -9.089923871931375108e-05
-6.529699825345618375e-04 4.135681663032171368e-04 4.242592125752674657e-04 5.297222278018941504e-04 5.679889976801277590e-05 0.000000000000000000e+00 3.962104946052000341e-04 -3.075986752287676118e-04 3.167027411093104538e-04 -1.464983717853679058e-04 -2.613377624758775699e-04 3.270271413216203384e-04
-7.624856972987060014e-04 1.244929920835432299e-03 -5.261588873231970822e-05 -1.036202491559077253e-04 2.998922295578133315e-05 3.962104946052000341e-04 0.000000000000000000e+00 3.949467273450872314e-04 -4.968820402263122178e-06 -5.992442325577946064e-04 -6.978275030463914740e-04 4.772937137898163691e-04
-3.804021079648145596e-04 -4.448430502310499472e-04 2.106641440735083329e-04 7.313392034499148053e-04 5.659784991675625710e-05 -3.075986752287676118e-04 3.949467273450872314e-04 0.000000000000000000e+00 4.758220871890074370e-05 -6.674921080657645331e-05 -1.573846218894939668e-06 -2.765715163703521629e-04
9.661794210890710085e-04 -3.159783320807100604e-04 -2.234940503764519775e-04 3.605796789332993695e-04 1.238391646944315592e-04 3.167027411093104538e-04 -4.968820402263122178e-06 4.758220871890074370e-05 0.000000000000000000e+00 3.520467756920749275e-04 1.640055510731822303e-04 -8.681352547381602754e-05
1.686467338915979353e-03 -2.162318272002950749e-04 -1.290653070374045734e-04 7.599738996034164414e-04 1.729765056585238472e-04 -1.464983717853679058e-04 -5.992442325577946064e-04 -6.674921080657645331e-05 3.520467756920749275e-04 0.000000000000000000e+00 8.409805330529549275e-04 -3.849001134696615820e-05
-3.052329941505130262e-03 -3.197043258599533821e-03 -9.926789423291501342e-04 8.032432399192944265e-04 5.466442142667607938e-04 -2.613377624758775699e-04 -6.978275030463914740e-04 -1.573846218894939668e-06 1.640055510731822303e-04 8.409805330529549275e-04 0.000000000000000000e+00 -1.253374947402073484e-04
-1.032980136261755534e-03 -1.000164744578978552e-03 4.286657517505537370e-04 -8.194008841247914666e-04 -9.089923871931375108e-05 3.270271413216203384e-04 4.772937137898163691e-04 -2.765715163703521629e-04 -8.681352547381602754e-05 -3.849001134696615820e-05 -1.253374947402073484e-04 0.000000000000000000e+00
