0.000000000000000000e+00 -2.706163652929530371e-05 4.478445542497039430e-04 -2.862055026443278624e-03 2.569011119791553581e-04 2.213185238752456174e-04 2.017057738268113361e-03 1.502325318508278176e-04 -3.641671751534675743e-05 3.621269982925934966e-04 2.523332789025629214e-03 6.778450779262854323e-05
-2.706163652929530371e-05 0.000000000000000000e+00 2.568392510153671006e-04 5.879553506066725644e-05 -3.013487086705998524e-04 5.171682825355459904e-04 5.707981364967239365e-04 3.649171782892261318e-04 -3.859983878868640398e-05 2.907767962288679295e-05 -1.195096672008813922e-03 2.434901033497123210e-04
4.478445542497039430e-04 2.568392510153671006e-04 0.000000000000000000e+00 3.053292879123435059e-04 3.091826810523675187e-04 7.795350717800578731e-05 -4.719499716692086800e-04 -1.212947422791302320e-04 2.345160836439327519e-04 1.743440422593027972e-04 -2.998166732019275841e-04 -2.010582151717626759e-04
-2.862055026443278624e-03 5.879553506066725644e-05 3.053292879123435059e-04 0.000000000000000000e+00 5.599256407777677231e-04 -1.446498159578663489e-03 1.694443229130174590e-03 -3.990462376084029654e-04 -2.105252498255384653e-04 3.223833438052689558e-04 -1.855144273607571689e-03 -1.035401269716175422e-03
2.569011119791553581e-04 -3.013487086705998524e-04 3.091826810523675187e-04 5.599256407777677231e-04 0.000000000000000000e+00 1.160221703341567838e-03 3.956326114514746128e-04 1.209297135602173363e-04 -5.733089493893453719e-04 -3.754692701267120476e-05 5.010390409766131599e-04 -9.752251993299048240e-04
2.213185238752456174e-04 5.171682825355459904e-04 7.795350717800578731e-05 -1.446498159578663489e-03 1.160221703341567838e-03 0.000000000000000000e+00 -4.267689750215127508e-04 2.971951824371345621e-04 -6.218532583429123945e-04 1.550755791086023350e-05 1.424755095511921928e-03 -7.463877682361739433e-05
2.017057738268113361e-03 5.707981364967239365e-04 -4.719499716692086800e-04 1.694443229130174590e-03 3.956326114514746128e-04 -4.267689750215127508e-04 0.000000000000000000e+00 1.855150062941685572e-04 2.836523166349776918e-04 -1.371150905093188347e-04 2.327521387459749978e-03 -9.856422629917239997e-04
1.502325318508278176e-04 3.649171782892261318e-04 -1.212947422791302320e-04 -3.990462376084029654e-04 1.209297135602173363e-04 2.971951824371345621e-04 1.855150062941685572e-04 0.000000000000000000e+00 2.712828542247908603e-04 3.103845842115831102e-04 -1.552044495678678640e-04 5.635682785666353304e-04
-3.641671751534675743e-05 -3.859983878868640398e-05 2.345160836439327519e-04 -2.105252498255384653e-04 -5.733089493893453719e-04 -6.218532583429123945e-04 2.836523166349776918e-04 2.712828542247908603e-04 0.000000000000000000e+00 1.620558967810764876e-04 7.323507770637303037e-04 9.402223421116569268e-04
3.621269982925934966e-04 2.907767962288679295e-05 1.743440422593027972e-04 3.223833438052689558e-04 -3.754692701267120476e-05 1.550755791086023350e-05 -1.371150905093188347e-04 3.103845842115831102e-04 1.620558967810764876e-04 0.000000000000000000e+00 3.459997700779610260e-05 -5.582727615206692882e-04
2.523332789025629214e-03 -1.195096672008813922e-03 -2.998166732019275841e-04 -1.855144273607571689e-03 5.010390409766131599e-04 1.424755095511921928e-03 2.327521387459749978e-03 -1.552044495678678640e-04 7.323507770637303037e-04 3.459997700779610260e-05 0.000000000000000000e+00 -2.064175352867294103e-03
6.778450779262854323e-05 2.434901033497123210e-04 -2.010582151717626759e-04 -1.035401269716175422e-03 -9.752251993299048240e-04 -7.463877682361739433e-05 -9.856422629917239997e-04 5.635682785666353304e-04 9.402223421116569268e-04 -5.582727615206692882e-04 -2.064175352867294103e-03 0.000000000000000000e+00
