0.000000000000000000e+00 -6.975885867826473906e-04 -4.581913365823956264e-04 -1.139737313457672620e-03 9.777777133847607560e-04 -2.110317462018997288e-04 1.344737831819128263e-03 1.598071768380112312e-04 -5.457422237621338155e-04 -1.184498756985832309e-04 -4.308456883815228581e-04 2.730691057653123529e-03
-6.975885867826473906e-04 0.000000000000000000e+00 -1.466208591189118642e-04 -2.521980230311723740e-04 -5.268405082109659226e-04 -1.758126925650703052e-04 -3.172278042091464917e-04 -1.346653350695589441e-04 -5.062824940694133540e-04 1.254228922019434895e-04 -6.530555165072619156e-04 2.226881210826611702e-05
-4.581913365823956264e-04 -1.466208591189118642e-04 0.000000000000000000e+00 3.063689859100856725e-04 4.882544564017191296e-04 5.037698827816285531e-04 4.077227449075186000e-04 -2.224130583987185322e-04 -4.480412788073502421e-04 3.654679614644824816e-04 5.487017380594229619e-05 -1.031490662699748734e-03
-1.139737313457672620e-03 -2.521980230311723740e-04 3.063689859100856725e-04 0.000000000000000000e+00 4.915946006891437538e-04 -1.067076181691087658e-03 8.422401242524492175e-04 -1.348817182601972210e-04 7.409321759796421271e-04 4.648897920353216740e-04 -4.011130384275268627e-03 -1.555490802340446120e-03
9.777777133847607560e-04 -5.268405082109659226e-04 4.882544564017191296e-04 4.915946006891437538e-04 0.000000000000000000e+00 1.179884889984737133e-03 -2.136046412848526584e-03 5.016422114934964956e-04 -1.537323429686292839e-04 1.214394057691396434e-04 -2.724621524685139073e-03 -6.331400821714886884e-05
-2.110317462018997288e-04 -1.758126925650703052e-04 5.037698827816285531e-04 -1.067076181691087658e-03 1.179884889984737133e-03 0.000000000000000000e+00 -6.646074681650447104e-04 -2.598784040514443287e-04 6.820253729036780460e-04 6.688070541044460705e-04 4.705810524898745612e-04 -1.220547281204987459e-03
1.344737831819128263e-03 -3.172278042091464917e-04 4.077227449075186000e-04 8.422401242524492175e-04 -2.136046412848526584e-03 -6.646074681650447104e-04 0.000000000000000000e+00 -2.623350081937716040e-04 -9.062395458428774433e-05 -4.512327646151065600e-04 -2.149877983325223455e-03 -1.070512225541908960e-03
1.598071768380112312e-04 -1.346653350695589441e-04 -2.224130583987185322e-04 -1.348817182601972210e-04 5.016422114934964956e-04 -2.598784040514443287e-04 -2.623350081937716040e-04 0.000000000000000000e+00 1.070890370075530863e-04 -1.180497317736355778e-04 -6.861046266323291313e-04 -3.291395144497472275e-04
-5.457422237621338155e-04 -5.062824940694133540e-04 -4.480412788073502421e-04 7.409321759796421271e-04 -1.537323429686292839e-04 6.820253729036780460e-04 -9.062395458428774433e-05 1.070890370075530863e-04 0.000000000000000000e+00 1.555327214357046068e-05 -3.057134449583184056e-05 -3.966161373342302768e-04
-1.184498756985832309e-04 1.254228922019434895e-04 3.654679614644824816e-04 4.648897920353216740e-04 1.214394057691396434e-04 6.688070541044460705e-04 -4.512327646151065600e-04 -1.180497317736355778e-04 1.555327214357046068e-05 0.000000000000000000e+00 9.536933481953725235e-04 -7.314724114440527571e-05
-4.308456883815228581e-04 -6.530555165072619156e-04 5.487017380594229619e-05 -4.011130384275268627e-03 -2.724621524685139073e-03 4.705810524898745612e-04 -2.149877983325223455e-03 -6.861046266323291313e-04 -3.057134449583184056e-05 9.536933481953725235e-04 0.000000000000000000e+00 -2.204436066722283236e-03
2.730691057653123529e-03 2.226881210826611702e-05 -1.031490662699748734e-03 -1.555490802340446120e-03 -6.331400821714886884e-05 -1.220547281204987459e-03 -1.070512225541908960e-03 -3.291395144497472275e-04 -3.966161373342302768e-04 -7.314724114440527571e-05 -2.204436066722283236e-03 0.000000000000000000e+00
