0.000000000000000000e+00 3.552606602393527566e-04 -1.110381252280429097e-03 -2.451426523945121269e-03 1.357560140154582444e-03 -1.498331464465090402e-03 -8.111596798003991226e-04 -6.859970500247763526e-04 -7.466061654878128795e-05 2.816177310481521464e-04 -3.073898608634351506e-03 -1.877319164630929455e-03
3.552606602393527566e-04 0.000000000000000000e+00 -5.064436367307198153e-05 -1.835999751290519973e-04 -3.996729570354558259e-04 6.602430519519262957e-04 6.489821886424871982e-05 -2.833826346370802926e-04 5.181583651082679817e-05 3.720742373952789605e-04 1.538024921896167225e-05 -9.064479833936601267e-04
-1.110381252280429097e-03 -5.064436367307198153e-05 0.000000000000000000e+00 -7.002790263889273337e-04 4.692235104773552685e-04 -4.874989774333884592e-04 -6.096779254038133498e-04 3.332702262298395889e-05 5.475492531070004178e-05 2.353292166629731218e-04 2.950247756294662664e-04 1.036545627357084512e-03
-2.451426523945121269e-03 -1.835999751290519973e-04 -7.002790263889273337e-04 0.000000000000000000e+00 -1.965801607064333358e-03 -8.848891391596039021e-05 -2.065856902493638661e-04 1.754183475774289628e-04 1.954891052047161119e-04 3.682673273641907442e-04 2.112326014097143465e-03 -1.419477849466749698e-03
1.357560140154582444e-03 -3.996729570354558259e-04 4.692235104773552685e-04 -1.965801607064333358e-03 0.000000000000000000e+00 2.758319006098133245e-04 1.580931755761684780e-04 -1.639597460197527617e-04 -1.727199023289693804e-04 7.239292475134348785e-04 1.713166637442819140e-03 7.538438405204061230e-04
-1.498331464465090402e-03 6.602430519519262957e-04 -4.874989774333884592e-04 -8.848891391596039021e-05 2.758319006098133245e-04 0.000000000000000000e+00 -9.040431781954703060e-05 -3.121271924867346018e-04 2.258768528794040809e-04 5.182366305599377500e-04 -6.206417980551845004e-05 1.326758926651760463e-03
-8.111596798003991226e-04 6.489821886424871982e-05 -6.096779254038133498e-04 -2.065856902493638661e-04 1.580931755761684780e-04 -9.040431781954703060e-05 0.000000000000000000e+00 -7.792128675654280733e-04 -2.601357322609038655e-04 -8.247785697260737962e-04 1.335047279297294940e-03 2.815321431928854604e-05
-6.859970500247763526e-04 -2.833826346370802926e-04 3.332702262298395889e-05 1.754183475774289628e-04 -1.639597460197527617e-04 -3.121271924867346018e-04 -7.792128675654280733e-04 0.000000000000000000e+00 3.949906788900412000e-05 -5.058135689526922004e-05 -1.299595192453358765e-04 5.459555019498685919e-04
-7.466061654878128795e-05 5.181583651082679817e-05 5.475492531070004178e-05 1.954891052047161119e-04 -1.727199023289693804e-04 2.258768528794040809e-04 -2.601357322609038655e-04 3.949906788900412000e-05 0.000000000000000000e+00 8.807460805426420411e-05 -1.240516316964639532e-03 4.032919210794797351e-04
2.816177310481521464e-04 3.720742373952789605e-04 2.353292166629731218e-04 3.682673273641907442e-04 7.239292475134348785e-04 5.182366305599377500e-04 -8.247785697260737962e-04 -5.058135689526922004e-05 8.807460805426420411e-05 0.000000000000000000e+00 9.544157961931111316e-04 -2.721392540289877503e-04
-3.073898608634351506e-03 1.538024921896167225e-05 2.950247756294662664e-04 2.112326014097143465e-03 1.713166637442819140e-03 -6.206417980551845004e-05 1.335047279297294940e-03 -1.299595192453358765e-04 -1.240516316964639532e-03 9.544157961931111316e-04 0.000000000000000000e+00 -1.307946775068785997e-03
-1.877319164630929455e-03 -9.064479833936601267e-04 1.036545627357084512e-03 -1.419477849466749698e-03 7.538438405204061230e-04 1.326758926651760463e-03 2.815321431928854604e-05 5.459555019498685919e-04 4.032919210794797351e-04 -2.721392540289877503e-04 -1.307946775068785997e-03 0.000000000000000000e+00
