0.000000000000000000e+00 -3.695566682524204644e-04 6.793415002883537940e-04 -1.971169348378689224e-03 1.692134206501338467e-03 1.559731256932324664e-04 -1.105008930625878648e-03 7.247777002944229448e-04 2.951054821042832334e-05 -3.317222714680390810e-04 1.071078282676560809e-03 8.271832638188876324e-04
-3.695566682524204644e-04 0.000000000000000000e+00 -7.462973787405750761e-04 -4.291569351273903264e-04 -2.386979732885690514e-04 -2.204942139278325138e-04 3.422832822500516481e-04 2.249221135050741673e-04 -4.698324432004639018e-04 -5.439902168962795293e-04 6.718529790055150202e-04 -5.627912305246075267e-04
6.793415002883537940e-04 -7.462973787405750761e-04 0.000000000000000000e+00 -2.652497330389965357e-04 6.564982596332768344e-04 -3.348713372419693623e-04 -7.319646183191379565e-04 -2.173589270217093569e-04 6.144520310806329182e-05 3.609590066049451584e-04 4.287491638832005461e-04 -5.860883785082395659e-05
-1.971169348378689224e-03 -4.291569351273903264e-04 -2.652497330389965357e-04 0.000000000000000000e+00 4.820501854594790806e-04 -7.442739646643149482e-04 1.072646056109183559e-04 -1.537043617980419694e-04 1.786671237975017931e-04 6.594942872315428563e-04 8.331790727695411250e-04 -8.396180399996781406e-04
1.692134206501338467e-03 -2.386979732885690514e-04 6.564982596332768344e-04 4.820501854594790806e-04 0.000000000000000000e+00 -3.173616738746332859e-04 1.723499783283360129e-04 9.274372723930800200e-05 -9.540364138653859840e-04 2.821629031030412158e-04 -1.694948736463659528e-03 6.077618515228134805e-04
1.559731256932324664e-04 -2.204942139278325138e-04 -3.348713372419693623e-04 -7.442739646643149482e-04 -3.173616738746332859e-04 0.000000000000000000e+00 5.919667577711682730e-04 3.402410013879105357e-04 -9.632367563895100179e-05 -6.954466468487839636e-05 -1.285190238246140555e-03 -1.171360891350757506e-03
-1.105008930625878648e-03 3.422832822500516481e-04 -7.319646183191379565e-04 1.072646056109183559e-04 1.723499783283360129e-04 5.919667577711682730e-04 0.000000000000000000e+00 -7.814552018543681727e-05 -3.862971056777128012e-04 -8.004518846334152110e-06 2.180876331990831956e-03 -8.561262557078202834e-04
7.247777002944229448e-04 2.249221135050741673e-04 -2.173589270217093569e-04 -1.537043617980419694e-04 9.274372723930800200e-05 3.402410013879105357e-04 -7.814552018543681727e-05 0.000000000000000000e+00 8.317790035057579868e-05 2.011141611950780232e-04 -2.018727645804264178e-04 1.913048567445299174e-04
2.951054821042832334e-05 -4.698324432004639018e-04 6.144520310806329182e-05 1.786671237975017931e-04 -9.540364138653859840e-04 -9.632367563895100179e-05 -3.862971056777128012e-04 8.317790035057579868e-05 0.000000000000000000e+00 1.899104128783150631e-04 8.622152500639731609e-04 6.141562967127788377e-04
-3.317222714680390810e-04 -5.439902168962795293e-04 3.609590066049451584e-04 6.594942872315428563e-04 2.821629031030412158e-04 -6.954466468487839636e-05 -8.004518846334152110e-06 2.011141611950780232e-04 1.899104128783150631e-04 0.000000000000000000e+00 3.980391135898261727e-04 -1.104184336196096866e-04
1.071078282676560809e-03 6.718529790055150202e-04 4.287491638832005461e-04 8.331790727695411250e-04 -1.694948736463659528e-03 -1.285190238246140555e-03 2.180876331990831956e-03 -2.018727645804264178e-04 8.622152500639731609e-04 3.980391135898261727e-04 0.000000000000000000e+00 -1.750091014311547450e-03
8.271832638188876324e-04 -5.627912305246075267e-04 -5.860883785082395659e-05 -8.396180399996781406e-04 6.077618515228134805e-04 -1.171360891350757506e-03 -8.561262557078202834e-04 1.913048567445299174e-04 6.141562967127788377e-04 -1.104184336196096866e-04 -1.750091014311547450e-03 0.000000000000000000e+00
