0.000000000000000000e+00 2.148934374434411070e-04 3.523146072385735538e-04 6.275813356171361813e-04 1.155171250357313198e-03 -6.379840850467468488e-04 2.732031831878505425e-04 -4.476738930432038886e-05 -3.757134325167052979e-04 -6.159489367046865321e-04 -1.288188015313942612e-03 5.301618071941130049e-04
2.148934374434411070e-04 0.000000000000000000e+00 1.453296818089728636e-04 3.243283221767483083e-04 1.099792717712884149e-04 -5.636794072054362894e-05 2.629008288696519442e-04 -3.181709019570351537e-04 -3.794527270940345151e-04 -1.158666552070692827e-04 3.381153257695304355e-04 -3.893995656391559734e-04
3.523146072385735538e-04 1.453296818089728636e-04 0.000000000000000000e+00 1.074179347246945583e-03 -5.428262658004962471e-04 -9.527549155426608823e-04 -9.177373745012087566e-04 -5.361854844652711805e-04 4.291572106170277222e-04 -7.509867721540330779e-05 -4.461328549891408098e-04 1.312878574856307917e-03
6.275813356171361813e-04 3.243283221767483083e-04 1.074179347246945583e-03 0.000000000000000000e+00 3.624039041489257791e-04 -8.018439957843132970e-04 4.900477691262410682e-04 1.016891946305063002e-04 -4.328778584770003393e-04 -7.731401326713010971e-04 -1.730932417970676700e-04 -2.590779523610755967e-03
1.155171250357313198e-03 1.099792717712884149e-04 -5.428262658004962471e-04 3.624039041489257791e-04 0.000000000000000000e+00 4.953950285837018484e-04 5.599973139638536254e-04 -6.274516055310277790e-04 2.445850217518949531e-05 -2.733573171765729887e-04 -9.353452075502150485e-04 1.573099827231421550e-04
-6.379840850467468488e-04 -5.636794072054362894e-05 -9.527549155426608823e-04 -8.018439957843132970e-04 4.953950285837018484e-04 0.000000000000000000e+00 -1.758513088620417388e-03 -2.662170846292450884e-04 -1.827378277390309587e-05 -4.763699133860001679e-04 2.428486636387419857e-03 -1.515516462152872133e-03
2.732031831878505425e-04 2.629008288696519442e-04 -9.177373745012087566e-04 4.900477691262410682e-04 5.599973139638536254e-04 -1.758513088620417388e-03 0.000000000000000000e+00 1.678684701947617263e-05 1.587980769564562805e-06 -3.690899133715486039e-04 -4.151030064328621095e-04 -1.019751468398146172e-03
-4.476738930432038886e-05 -3.181709019570351537e-04 -5.361854844652711805e-04 1.016891946305063002e-04 -6.274516055310277790e-04 -2.662170846292450884e-04 1.678684701947617263e-05 0.000000000000000000e+00 -2.891818679516141807e-04 -2.195161566074307761e-04 -3.362645749435893921e-04 1.011158612709610137e-04
-3.757134325167052979e-04 -3.794527270940345151e-04 4.291572106170277222e-04 -4.328778584770003393e-04 2.445850217518949531e-05 -1.827378277390309587e-05 1.587980769564562805e-06 -2.891818679516141807e-04 0.000000000000000000e+00 -6.386534940425738448e-05 -4.464895722793406157e-04 -3.527088500694105047e-04
-6.159489367046865321e-04 -1.158666552070692827e-04 -7.509867721540330779e-05 -7.731401326713010971e-04 -2.733573171765729887e-04 -4.763699133860001679e-04 -3.690899133715486039e-04 -2.195161566074307761e-04 -6.386534940425738448e-05 0.000000000000000000e+00 5.378800515527762827e-04 4.645601531684618386e-05
-1.288188015313942612e-03 3.381153257695304355e-04 -4.461328549891408098e-04 -1.730932417970676700e-04 -9.353452075502150485e-04 2.428486636387419857e-03 -4.151030064328621095e-04 -3.362645749435893921e-04 -4.464895722793406157e-04 5.378800515527762827e-04 0.000000000000000000e+00 -6.213060594265335359e-04
5.301618071941130049e-04 -3.893995656391559734e-04 1.312878574856307917e-03 -2.590779523610755967e-03 1.573099827231421550e-04 -1.515516462152872133e-03 -1.019751468398146172e-03 1.011158612709610137e-04 -3.527088500694105047e-04 4.645601531684618386e-05 -6.213060594265335359e-04 0.000000000000000000e+00
