0.000000000000000000e+00 -9.648587672173330641e-05 -2.263769212896265669e-04 5.707235976392062210e-04 -4.114957031620208953e-05 -4.787097176427494391e-04 1.652281979811619445e-03 8.086046485308451140e-04 -3.018099362810869454e-04 -1.312955667380609904e-04 3.547944033796301727e-04 -6.259499496621022049e-04
-9.648587672173330641e-05 0.000000000000000000e+00 1.626289169815622990e-04 2.586592172197722632e-03 1.384062220003738294e-04 -2.861984705627294585e-03 -2.206148879299096432e-03 -4.393956961141468791e-04 7.538824399577434034e-04 1.099892494689026415e-04 9.805802055995612408e-04 2.809089250331663458e-04
-2.263769212896265669e-04 1.626289169815622990e-04 0.000000000000000000e+00 1.630915165223094355e-04 -1.470779048763969717e-04 -5.794805093894001826e-04 -1.142341250447785833e-03 7.318469398775407308e-05 -5.780842116922327301e-04 1.211332144139973201e-04 -2.860438497131376800e-05 -2.001987222824562127e-04
5.707235976392062210e-04 2.586592172197722632e-03 1.630915165223094355e-04 0.000000000000000000e+00 1.415306585282485690e-04 -2.829717691142003694e-03 -7.470214773445722376e-04 4.529521251652338727e-04 8.653887440198928171e-04 -6.024486893243105254e-04 -5.548148742152757767e-05 7.815556130754194994e-04
-4.114957031620208953e-05 1.384062220003738294e-04 -1.470779048763969717e-04 1.415306585282485690e-04 0.000000000000000000e+00 -6.140375580154768464e-05 -9.001303360218944078e-04 -6.977433221242556726e-04 2.028899840872196603e-04 -1.038205968781473633e-04 1.014371010757967917e-04 -3.222617197895704609e-06
-4.787097176427494391e-04 -2.861984705627294585e-03 -5.794805093894001826e-04 -2.829717691142003694e-03 -6.140375580154768464e-05 0.000000000000000000e+00 -4.589332856048559950e-03 -2.924973175551698378e-04 9.985825599375570700e-04 -9.114412578537022880e-04 2.111826588698210647e-03 8.878230595795217500e-05
1.652281979811619445e-03 -2.206148879299096432e-03 -1.142341250447785833e-03 -7.470214773445722376e-04 -9.001303360218944078e-04 -4.589332856048559950e-03 0.000000000000000000e+00 1.066545978344768820e-03 -1.371928490369513510e-04 7.298793925763583665e-04 -3.096685073784125140e-03 -3.009221234995019829e-04
8.086046485308451140e-04 -4.393956961141468791e-04 7.318469398775407308e-05 4.529521251652338727e-04 -6.977433221242556726e-04 -2.924973175551698378e-04 1.066545978344768820e-03 0.000000000000000000e+00 2.122265193670527664e-04 2.567973497293917287e-04 1.592148689763287113e-03 3.450847904820430003e-04
-3.018099362810869454e-04 7.538824399577434034e-04 -5.780842116922327301e-04 8.653887440198928171e-04 2.028899840872196603e-04 9.985825599375570700e-04 -1.371928490369513510e-04 2.122265193670527664e-04 0.000000000000000000e+00 2.564961373759699664e-04 6.911590815999519482e-06 1.657320676552649944e-04
-1.312955667380609904e-04 1.099892494689026415e-04 1.211332144139973201e-04 -6.024486893243105254e-04 -1.038205968781473633e-04 -9.114412578537022880e-04 7.298793925763583665e-04 2.567973497293917287e-04 2.564961373759699664e-04 0.000000000000000000e+00 6.755600727323248997e-04 -4.702729190671503328e-04
3.547944033796301727e-04 9.805802055995612408e-04 -2.860438497131376800e-05 -5.548148742152757767e-05 1.014371010757967917e-04 2.111826588698210647e-03 -3.096685073784125140e-03 1.592148689763287113e-03 6.911590815999519482e-06 6.755600727323248997e-04 0.000000000000000000e+00 -2.851277246057844824e-04
-6.259499496621022049e-04 2.809089250331663458e-04 -2.001987222824562127e-04 7.815556130754194994e-04 -3.222617197895704609e-06 8.878230595795217500e-05 -3.009221234995019829e-04 3.450847904820430003e-04 1.657320676552649944e-04 -4.702729190671503328e-04 -2.851277246057844824e-04 0.000000000000000000e+00
