0.000000000000000000e+00 -7.298446455973375260e-04 2.995256182182173712e-04 1.956890216113614663e-04 -3.449127209701912701e-04 1.403236403314242443e-03 -1.638809143272551344e-03 -9.348834125440493373e-04 1.574684165811040485e-04 8.264514768687254622e-04 -1.589109128240231809e-03 -3.177870549120487428e-04
-7.298446455973375260e-04 0.000000000000000000e+00 -2.920337341980979080e-04 -1.072095368675071497e-03 2.601602381932248040e-04 1.708283637975594555e-03 1.523540023405428297e-03 -1.422174508529981587e-03 -2.255113501255524551e-04 -7.335671722249723396e-05 -3.199357761692569915e-04 2.139325155610795706e-04
2.995256182182173712e-04 -2.920337341980979080e-04 0.000000000000000000e+00 1.571411259277378744e-04 4.270949519390467822e-04 -5.939274631602529421e-04 -1.033614552179007787e-03 -2.362270299930138370e-04 -3.627215631719198910e-04 3.090501833501157201e-05 -3.097947969328826499e-04 -3.075431837049668942e-04
1.956890216113614663e-04 -1.072095368675071497e-03 1.571411259277378744e-04 0.000000000000000000e+00 1.153464694556186702e-06 4.694864406574533679e-04 -3.102068530223393763e-03 1.389963192388090404e-03 1.460476747247585472e-05 8.531554564237927218e-04 -7.914422902786220513e-04 -1.547558613847509266e-04
-3.449127209701912701e-04 2.601602381932248040e-04 4.270949519390467822e-04 1.153464694556186702e-06 0.000000000000000000e+00 -1.148244604054454818e-04 -1.044753811571701380e-03 4.592483557220256387e-05 -8.994232021976818268e-05 -6.251642688177039839e-04 -7.054731476602403714e-05 -1.265632863324328084e-04
1.403236403314242443e-03 1.708283637975594555e-03 -5.939274631602529421e-04 4.694864406574533679e-04 -1.148244604054454818e-04 0.000000000000000000e+00 -1.036679829349571209e-03 1.285445987518978343e-03 5.070548207615974134e-04 1.218052567057440567e-03 -1.368833933603262045e-03 8.465895476794171393e-04
-1.638809143272551344e-03 1.523540023405428297e-03 -1.033614552179007787e-03 -3.102068530223393763e-03 -1.044753811571701380e-03 -1.036679829349571209e-03 0.000000000000000000e+00 8.102847450010767626e-04 6.808454755489863294e-05 7.247401168763353818e-05 3.324664964602738141e-03 8.267094232795285224e-04
-9.348834125440493373e-04 -1.422174508529981587e-03 -2.362270299930138370e-04 1.389963192388090404e-03 4.592483557220256387e-05 1.285445987518978343e-03 8.102847450010767626e-04 0.000000000000000000e+00 -4.961550399736223624e-04 -1.554922902933582210e-04 -1.271121292865299776e-03 4.028660030799048088e-04
1.574684165811040485e-04 -2.255113501255524551e-04 -3.627215631719198910e-04 1.460476747247585472e-05 -8.994232021976818268e-05 5.070548207615974134e-04 6.808454755489863294e-05 -4.961550399736223624e-04 0.000000000000000000e+00 3.620687448034261855e-04 7.564285217873438982e-06 3.466263639676302297e-04
8.264514768687254622e-04 -7.335671722249723396e-05 3.090501833501157201e-05 8.531554564237927218e-04 -6.251642688177039839e-04 1.218052567057440567e-03 7.247401168763353818e-05 -1.554922902933582210e-04 3.620687448034261855e-04 0.000000000000000000e+00 -4.677651857599429957e-04 3.279780678294862053e-04
-1.589109128240231809e-03 -3.199357761692569915e-04 -3.097947969328826499e-04 -7.914422902786220513e-04 -7.054731476602403714e-05 -1.368833933603262045e-03 3.324664964602738141e-03 -1.271121292865299776e-03 7.564285217873438982e-06 -4.677651857599429957e-04 0.000000000000000000e+00 2.734470394780910024e-04
-3.177870549120487428e-04 2.139325155610795706e-04 -3.075431837049668942e-04 -1.547558613847509266e-04 -1.265632863324328084e-04 8.465895476794171393e-04 8.267094232795285224e-04 4.028660030799048088e-04 3.466263639676302297e-04 3.279780678294862053e-04 2.734470394780910024e-04 0.000000000000000000e+00
