0.000000000000000000e+00 6.944241715901191929e-04 -1.357912871275753386e-04 -3.036333506476860493e-05 4.836518141192229178e-04 1.212921074699942680e-03 -1.856873887343832730e-03 -3.834540038028933623e-04 -7.399644304963075118e-04 -4.523688616455671550e-04 -5.311559637926337608e-04 -9.859094256456465055e-05
6.944241715901191929e-04 0.000000000000000000e+00 7.990341316135773572e-04 3.359912096084483307e-04 -4.579585152384321690e-04 5.740790013039565260e-04 -2.007575945079439778e-03 8.494898186827651732e-04 1.006244362999694428e-03 -2.472268398927024457e-04 4.945395153172200237e-05 4.682450892784342008e-04
-1.357912871275753386e-04 7.990341316135773572e-04 0.000000000000000000e+00 6.303028452222696806e-04 1.339882695165441518e-04 1.202727448686978799e-04 1.207896990358565091e-03 1.464007399995702276e-04 1.216825347491972661e-04 -2.531974274369394487e-04 -5.189642876950096477e-04 3.429508355442951713e-04
-3.036333506476860493e-05 3.359912096084483307e-04 6.303028452222696806e-04 0.000000000000000000e+00 3.716016049925203232e-04 9.605710293146287569e-04 -1.783845177124854153e-05 -4.812950310653447603e-04 1.004960888617731536e-03 8.679410606252698900e-04 -2.571006375699961080e-04 -5.152941951012285924e-04
4.836518141192229178e-04 -4.579585152384321690e-04 1.339882695165441518e-04 3.716016049925203232e-04 0.000000000000000000e+00 1.868347783522180262e-04 4.646540510193779722e-05 2.094875152814925593e-04 -1.505015816613189785e-04 -2.746522766321342042e-04 -7.511762097219076113e-05 -3.204470342303001435e-04
1.212921074699942680e-03 5.740790013039565260e-04 1.202727448686978799e-04 9.605710293146287569e-04 1.868347783522180262e-04 0.000000000000000000e+00 1.374071586312674718e-04 -1.827036886317956658e-05 -1.126818973744229046e-03 -3.045082126637168696e-04 8.682300416400192322e-04 -6.994628532088079456e-04
-1.856873887343832730e-03 -2.007575945079439778e-03 1.207896990358565091e-03 -1.783845177124854153e-05 4.646540510193779722e-05 1.374071586312674718e-04 0.000000000000000000e+00 1.210318740978027358e-03 -1.419507855637879533e-03 -1.809656144370402550e-04 -9.708608482555457046e-04 1.903358635706488820e-04
-3.834540038028933623e-04 8.494898186827651732e-04 1.464007399995702276e-04 -4.812950310653447603e-04 2.094875152814925593e-04 -1.827036886317956658e-05 1.210318740978027358e-03 0.000000000000000000e+00 1.765240942256567970e-04 -2.317842903389082858e-04 1.128512421038290739e-03 -3.313700352099010690e-04
-7.399644304963075118e-04 1.006244362999694428e-03 1.216825347491972661e-04 1.004960888617731536e-03 -1.505015816613189785e-04 -1.126818973744229046e-03 -1.419507855637879533e-03 1.765240942256567970e-04 0.000000000000000000e+00 3.466695951679008139e-05 -5.392431656204331805e-04 -1.794314475795533322e-04
-4.523688616455671550e-04 -2.472268398927024457e-04 -2.531974274369394487e-04 8.679410606252698900e-04 -2.746522766321342042e-04 -3.045082126637168696e-04 -1.809656144370402550e-04 -2.317842903389082858e-04 3.466695951679008139e-05 0.000000000000000000e+00 1.650581148859986544e-04 -8.837562318408081618e-05
-5.311559637926337608e-04 4.945395153172200237e-05 -5.189642876950096477e-04 -2.571006375699961080e-04 -7.511762097219076113e-05 8.682300416400192322e-04 -9.708608482555457046e-04 1.128512421038290739e-03 -5.392431656204331805e-04 1.650581148859986544e-04 0.000000000000000000e+00 -8.666599032680901370e-05
-9.859094256456465055e-05 4.682450892784342008e-04 3.429508355442951713e-04 -5.152941951012285924e-04 -3.204470342303001435e-04 -6.994628532088079456e-04 1.903358635706488820e-04 -3.313700352099010690e-04 -1.794314475795533322e-04 -8.837562318408081618e-05 -8.666599032680901370e-05 0.000000000000000000e+00
