0.000000000000000000e+00 -7.029639610005660962e-05 -5.331337942226268807e-04 -8.960768101487534120e-04 3.469879105191808755e-04 -1.203825728993519143e-03 5.844674513441462747e-04 3.754187414405414799e-04 5.382063331787104816e-04 -1.195458181136640618e-04 -6.576076327310237651e-04 -6.625905836220160683e-04
-7.029639610005660962e-05 0.000000000000000000e+00 8.200804239615784585e-04 9.288168429939464910e-05 -6.179139205431017788e-05 1.601165757793075566e-03 3.397855282740431626e-04 4.338399749652662265e-04 3.881243024238782572e-04 -7.592537232077832543e-04 -5.714374939279923083e-04 7.537068025652961592e-04
-5.331337942226268807e-04 8.200804239615784585e-04 0.000000000000000000e+00 3.838068430370331855e-04 2.601159147752958763e-04 -1.592617632837567887e-03 -5.203668133469088915e-04 -8.763141225050730338e-04 -2.349141811349634272e-05 2.001804192324350333e-04 -2.452536972608447834e-04 3.659357676350346515e-04
-8.960768101487534120e-04 9.288168429939464910e-05 3.838068430370331855e-04 0.000000000000000000e+00 -1.617860181218102038e-04 -2.212791396443255154e-04 1.711947909959687366e-03 4.725649965873463627e-04 -7.833357346972346031e-04 -1.502321831845241165e-04 -7.160507720994882704e-04 -8.941373396176418784e-04
3.469879105191808755e-04 -6.179139205431017788e-05 2.601159147752958763e-04 -1.617860181218102038e-04 0.000000000000000000e+00 -6.568924708102108706e-04 -2.709378117661360931e-04 9.963018665178148387e-07 1.678711689205505540e-04 1.778035834619605206e-05 6.627127607843829812e-05 1.636441886032264411e-04
-1.203825728993519143e-03 1.601165757793075566e-03 -1.592617632837567887e-03 -2.212791396443255154e-04 -6.568924708102108706e-04 0.000000000000000000e+00 2.601422856544673015e-04 6.534165181112803122e-04 5.980704815118067976e-04 -6.405094948109152668e-04 -2.305360824605779606e-04 6.152713503381275657e-04
5.844674513441462747e-04 3.397855282740431626e-04 -5.203668133469088915e-04 1.711947909959687366e-03 -2.709378117661360931e-04 2.601422856544673015e-04 0.000000000000000000e+00 -2.934075792294327332e-03 1.404895990889413896e-03 -1.746648841535300596e-03 -7.418266434562614808e-04 -4.805427550067371779e-04
3.754187414405414799e-04 4.338399749652662265e-04 -8.763141225050730338e-04 4.725649965873463627e-04 9.963018665178148387e-07 6.534165181112803122e-04 -2.934075792294327332e-03 0.000000000000000000e+00 -4.446545141615912346e-04 -8.218100753467489890e-04 -7.275963928901508918e-05 5.397244265452674208e-04
5.382063331787104816e-04 3.881243024238782572e-04 -2.349141811349634272e-05 -7.833357346972346031e-04 1.678711689205505540e-04 5.980704815118067976e-04 1.404895990889413896e-03 -4.446545141615912346e-04 0.000000000000000000e+00 4.401714929510200077e-04 -5.167422131800629512e-04 3.304553617919726350e-04
-1.195458181136640618e-04 -7.592537232077832543e-04 2.001804192324350333e-04 -1.502321831845241165e-04 1.778035834619605206e-05 -6.405094948109152668e-04 -1.746648841535300596e-03 -8.218100753467489890e-04 4.401714929510200077e-04 0.000000000000000000e+00 3.148887514601759704e-04 2.117900063847275754e-04
-6.576076327310237651e-04 -5.714374939279923083e-04 -2.452536972608447834e-04 -7.160507720994882704e-04 6.627127607843829812e-05 -2.305360824605779606e-04 -7.418266434562614808e-04 -7.275963928901508918e-05 -5.167422131800629512e-04 3.148887514601759704e-04 0.000000000000000000e+00 1.333704056502122109e-04
-6.625905836220160683e-04 7.537068025652961592e-04 3.659357676350346515e-04 -8.941373396176418784e-04 1.636441886032264411e-04 6.152713503381275657e-04 -4.805427550067371779e-04 5.397244265452674208e-04 3.304553617919726350e-04 2.117900063847275754e-04 1.333704056502122109e-04 0.000000000000000000e+00
