0.000000000000000000e+00 -5.412194914734463685e-04 6.080796096491383317e-04 5.521771484567434760e-04 1.991006291910507294e-04 -7.903082408791432204e-04 1.724722494741835917e-04 7.540669544784106559e-04 -5.933845467488117753e-04 -1.549326949863629062e-04 -1.191873264480388305e-03 -1.935411555782953459e-03
-5.412194914734463685e-04 0.000000000000000000e+00 -3.628163464716642559e-04 -5.390682588838108962e-05 -3.559695512814768279e-04 -2.556901395253676997e-04 9.267308098139776613e-04 4.014003606603327068e-04 1.343851168334472086e-03 -8.678256083968555521e-06 1.074782440822533679e-03 -5.829560854297778693e-04
6.080796096491383317e-04 -3.628163464716642559e-04 0.000000000000000000e+00 1.184447827764344982e-04 -9.662079816078595175e-04 -2.962579115630481008e-04 -2.583516240813211063e-04 -2.235123865134992500e-04 6.368664534388662453e-04 -3.670763365020805204e-04 1.214663904960019405e-03 6.722248460263968543e-04
5.521771484567434760e-04 -5.390682588838108962e-05 1.184447827764344982e-04 0.000000000000000000e+00 -2.999825813534987224e-04 -1.597207884600706390e-04 7.162291807653027673e-04 -6.803800969635957841e-06 2.724786868543520833e-04 -5.033086206632324516e-04 -9.126882314800148846e-04 1.561471484735672702e-04
1.991006291910507294e-04 -3.559695512814768279e-04 -9.662079816078595175e-04 -2.999825813534987224e-04 0.000000000000000000e+00 3.530512738352906702e-05 -3.294276577006023427e-04 2.134801458331329730e-04 -4.248765617119542150e-04 1.036563175254202686e-05 -7.369437741997420703e-04 5.030824273668497732e-04
-7.903082408791432204e-04 -2.556901395253676997e-04 -2.962579115630481008e-04 -1.597207884600706390e-04 3.530512738352906702e-05 0.000000000000000000e+00 4.599298508747627721e-04 -1.581160786438572433e-04 -4.196397414908499741e-04 4.445392027022213076e-04 -2.578191634750894826e-04 1.085200763085656436e-03
1.724722494741835917e-04 9.267308098139776613e-04 -2.583516240813211063e-04 7.162291807653027673e-04 -3.294276577006023427e-04 4.599298508747627721e-04 0.000000000000000000e+00 2.931825641930699749e-05 -9.643790233428045405e-05 -3.518554022960542014e-04 -1.133469295154550119e-03 5.632942770862769824e-04
7.540669544784106559e-04 4.014003606603327068e-04 -2.235123865134992500e-04 -6.803800969635957841e-06 2.134801458331329730e-04 -1.581160786438572433e-04 2.931825641930699749e-05 0.000000000000000000e+00 1.131302221468567055e-03 1.835674623620320290e-04 -1.079377470751422479e-04 2.543820074640034193e-04
-5.933845467488117753e-04 1.343851168334472086e-03 6.368664534388662453e-04 2.724786868543520833e-04 -4.248765617119542150e-04 -4.196397414908499741e-04 -9.643790233428045405e-05 1.131302221468567055e-03 0.000000000000000000e+00 3.069506435261071383e-04 -1.131827544072110678e-03 1.755942894025691288e-03
-1.549326949863629062e-04 -8.678256083968555521e-06 -3.670763365020805204e-04 -5.033086206632324516e-04 1.036563175254202686e-05 4.445392027022213076e-04 -3.518554022960542014e-04 1.835674623620320290e-04 3.069506435261071383e-04 0.000000000000000000e+00 2.738355602785614976e-04 -8.282661569785215456e-05
-1.191873264480388305e-03 1.074782440822533679e-03 1.214663904960019405e-03 -9.126882314800148846e-04 -7.369437741997420703e-04 -2.578191634750894826e-04 -1.133469295154550119e-03 -1.079377470751422479e-04 -1.131827544072110678e-03 2.738355602785614976e-04 0.000000000000000000e+00 -3.557418655749751499e-03
-1.935411555782953459e-03 -5.829560854297778693e-04 6.722248460263968543e-04 1.561471484735672702e-04 5.030824273668497732e-04 1.085200763085656436e-03 5.632942770862769824e-04 2.543820074640034193e-04 1.755942894025691288e-03 -8.282661569785215456e-05 -3.557418655749751499e-03 0.000000000000000000e+00
