0.000000000000000000e+00 1.158626859807075204e-03 -7.282342574964786961e-04 -5.227813429892367789e-04 -5.313200114014360580e-04 -3.376030217534254632e-04 7.261885757025081335e-04 2.878821047648713583e-04 1.197929312480443785e-03 2.259839504756498674e-04 -3.417349585008515561e-04 1.081732863611360555e-03
1.158626859807075204e-03 0.000000000000000000e+00 -2.400460891732954214e-05 -6.233759884424831506e-04 3.874426813858135982e-04 -5.930060022130511201e-04 -3.732838730164194339e-04 2.262068166023906428e-04 1.126009089931529752e-03 4.270383288057422633e-04 -1.813666656815318733e-03 -2.104778645226658418e-03
-7.282342574964786961e-04 -2.400460891732954214e-05 0.000000000000000000e+00 -4.881893562433140747e-04 -3.014235735647569862e-04 -4.356149536371598202e-04 -3.624599154378883967e-04 3.099252868300490901e-04 1.537968525667402243e-05 -4.408944738567286466e-04 -1.392671950565882357e-03 1.617097537429315742e-03
-5.227813429892367789e-04 -6.233759884424831506e-04 -4.881893562433140747e-04 0.000000000000000000e+00 2.252790643304129542e-04 2.145191795067163867e-04 2.433299007467227344e-04 6.882923815249184180e-05 5.217602434991995553e-04 -2.993412987040340611e-04 -1.071193113231143444e-03 4.005446184472441192e-04
-5.313200114014360580e-04 3.874426813858135982e-04 -3.014235735647569862e-04 2.252790643304129542e-04 0.000000000000000000e+00 -6.011262513815132658e-04 -8.898897140726541328e-05 6.392505529052004178e-05 1.721244585193730037e-04 -2.138612214866645982e-04 7.677447879803170642e-04 -8.403470410392418523e-04
-3.376030217534254632e-04 -5.930060022130511201e-04 -4.356149536371598202e-04 2.145191795067163867e-04 -6.011262513815132658e-04 0.000000000000000000e+00 -2.160884822398558176e-04 6.796200915346339866e-05 1.258850200570511043e-04 1.599828747753005373e-04 -2.276173929877295973e-04 -1.700379704384573799e-03
7.261885757025081335e-04 -3.732838730164194339e-04 -3.624599154378883967e-04 2.433299007467227344e-04 -8.898897140726541328e-05 -2.160884822398558176e-04 0.000000000000000000e+00 -1.330138430824780388e-04 8.454482097129742543e-04 -4.896143885471221889e-04 8.999483701818634853e-04 1.381378423538970768e-03
2.878821047648713583e-04 2.262068166023906428e-04 3.099252868300490901e-04 6.882923815249184180e-05 6.392505529052004178e-05 6.796200915346339866e-05 -1.330138430824780388e-04 0.000000000000000000e+00 4.439286955469889375e-04 9.105877591975065932e-05 -6.181981612068787168e-04 7.048924495867157696e-04
1.197929312480443785e-03 1.126009089931529752e-03 1.537968525667402243e-05 5.217602434991995553e-04 1.721244585193730037e-04 1.258850200570511043e-04 8.454482097129742543e-04 4.439286955469889375e-04 0.000000000000000000e+00 -5.561017122081151091e-04 -7.327056999186258232e-04 -1.180155150808377077e-03
2.259839504756498674e-04 4.270383288057422633e-04 -4.408944738567286466e-04 -2.993412987040340611e-04 -2.138612214866645982e-04 1.599828747753005373e-04 -4.896143885471221889e-04 9.105877591975065932e-05 -5.561017122081151091e-04 0.000000000000000000e+00 -1.185733073920864939e-04 3.135839620713799553e-04
-3.417349585008515561e-04 -1.813666656815318733e-03 -1.392671950565882357e-03 -1.071193113231143444e-03 7.677447879803170642e-04 -2.276173929877295973e-04 8.999483701818634853e-04 -6.181981612068787168e-04 -7.327056999186258232e-04 -1.185733073920864939e-04 0.000000000000000000e+00 -2.281488922327052379e-04
1.081732863611360555e-03 -2.104778645226658418e-03 1.617097537429315742e-03 4.005446184472441192e-04 -8.403470410392418523e-04 -1.700379704384573799e-03 1.381378423538970768e-03 7.048924495867157696e-04 -1.180155150808377077e-03 3.135839620713799553e-04 -2.281488922327052379e-04 0.000000000000000000e+00
