0.000000000000000000e+00 -1.360392335193881530e-03 1.583328555681425952e-03 5.170603946173565457e-04 2.229721710869639513e-04 8.755598419887374506e-04 -5.199753009719984033e-04 -3.535814201585719442e-04 -1.004782944423909591e-03 3.864597810447915806e-04 4.252223920302250167e-04 9.587766337304935889e-04
-1.360392335193881530e-03 0.000000000000000000e+00 9.108849027649418371e-04 -8.746028473994569598e-04 -3.178654139609926751e-04 -2.041865432820125573e-04 -2.452286027000798977e-04 -2.518730273245078422e-04 -8.121701913838838907e-05 -1.682316371105556060e-04 -2.573420449449685676e-03 3.741813320870284636e-04
1.583328555681425952e-03 9.108849027649418371e-04 0.000000000000000000e+00 -4.149613029703538559e-05 7.963287036176613779e-05 -1.146174616444768407e-04 1.024608613688460739e-04 -1.253455781569836464e-04 -2.214449879129880446e-04 7.959495859152306452e-05 2.135335509253672576e-03 -7.765151118848918422e-04
5.170603946173565457e-04 -8.746028473994569598e-04 -4.149613029703538559e-05 0.000000000000000000e+00 -4.627733491530839228e-04 2.891209562985054882e-05 3.157961724152297950e-04 3.418017222354792430e-04 1.003241775989996637e-03 -5.624655514871462628e-05 9.379054390514743756e-04 4.179419933042531556e-04
2.229721710869639513e-04 -3.178654139609926751e-04 7.963287036176613779e-05 -4.627733491530839228e-04 0.000000000000000000e+00 -3.827625355810411651e-05 3.070476651878136475e-04 -5.195737689941482603e-04 -1.957153448804962916e-04 2.384275942143320557e-05 -1.073857365275730129e-03 -1.165554056550258252e-03
8.755598419887374506e-04 -2.041865432820125573e-04 -1.146174616444768407e-04 2.891209562985054882e-05 -3.827625355810411651e-05 0.000000000000000000e+00 5.365552026644011862e-04 -1.996572561964878826e-05 5.998968320808707212e-04 2.570426029916420474e-04 5.731068724631302631e-04 -5.664561585136425456e-04
-5.199753009719984033e-04 -2.452286027000798977e-04 1.024608613688460739e-04 3.157961724152297950e-04 3.070476651878136475e-04 5.365552026644011862e-04 0.000000000000000000e+00 -3.020834465978915561e-05 -4.519897733357243681e-04 -3.403346220607883217e-04 -1.564168144217438668e-03 -4.860841195124655334e-04
-3.535814201585719442e-04 -2.518730273245078422e-04 -1.253455781569836464e-04 3.418017222354792430e-04 -5.195737689941482603e-04 -1.996572561964878826e-05 -3.020834465978915561e-05 0.000000000000000000e+00 3.441948969988595534e-04 -3.754497992934383781e-04 4.096669734366866085e-04 1.281276918627949129e-03
-1.004782944423909591e-03 -8.121701913838838907e-05 -2.214449879129880446e-04 1.003241775989996637e-03 -1.957153448804962916e-04 5.998968320808707212e-04 -4.519897733357243681e-04 3.441948969988595534e-04 0.000000000000000000e+00 8.589012324257560183e-05 -6.199556241029885234e-04 -2.062971512504022109e-03
3.864597810447915806e-04 -1.682316371105556060e-04 7.959495859152306452e-05 -5.624655514871462628e-05 2.384275942143320557e-05 2.570426029916420474e-04 -3.403346220607883217e-04 -3.754497992934383781e-04 8.589012324257560183e-05 0.000000000000000000e+00 -8.593418625595225166e-04 9.454391793611283384e-04
4.252223920302250167e-04 -2.573420449449685676e-03 2.135335509253672576e-03 9.379054390514743756e-04 -1.073857365275730129e-03 5.731068724631302631e-04 -1.564168144217438668e-03 4.096669734366866085e-04 -6.199556241029885234e-04 -8.593418625595225166e-04 0.000000000000000000e+00 -1.803562368643728698e-03
9.587766337304935889e-04 3.741813320870284636e-04 -7.765151118848918422e-04 4.179419933042531556e-04 -1.165554056550258252e-03 -5.664561585136425456e-04 -4.860841195124655334e-04 1.281276918627949129e-03 -2.062971512504022109e-03 9.454391793611283384e-04 -1.803562368643728698e-03 0.000000000000000000e+00
