0.000000000000000000e+00 7.739534799737118930e-04 2.387917238593407869e-03 1.883706798724601561e-04 -1.857643294429104437e-04 -5.093312207527367889e-05 1.858165382321656282e-05 6.346365317263518054e-04 1.042048125669985548e-03 9.630085461312605825e-05 2.785762334770033530e-03 2.092541308761854471e-03
7.739534799737118930e-04 0.000000000000000000e+00 -1.326185634519959919e-03 -4.980069204942012091e-04 5.398083754958436396e-04 5.593263935256696968e-04 -8.714292848486402884e-04 3.131078897137432406e-04 2.963457132230570530e-04 6.850463071345270398e-05 1.457282504521963335e-03 7.048883069865834834e-04
2.387917238593407869e-03 -1.326185634519959919e-03 0.000000000000000000e+00 -4.550214664242965444e-04 2.232260974880278300e-04 -3.056461005459681652e-04 6.662245243673638575e-04 5.349198771788160394e-04 -1.000849547028846752e-03 6.130270376353848640e-04 9.090385009483148730e-04 2.207296134497207293e-03
1.883706798724601561e-04 -4.980069204942012091e-04 -4.550214664242965444e-04 0.000000000000000000e+00 1.847908934696695850e-04 -2.067013660916013410e-04 8.422076500807723978e-04 -2.746344444977921436e-04 -1.069022323748801406e-03 -3.068425230550033225e-04 1.458154003837902135e-03 2.926100876918433756e-04
-1.857643294429104437e-04 5.398083754958436396e-04 2.232260974880278300e-04 1.847908934696695850e-04 0.000000000000000000e+00 -1.630286190045794582e-04 1.657390421609370747e-04 -1.138166902839727186e-04 9.990461438286910793e-05 -3.242689905967949195e-04 1.659229542654525611e-04 6.938512643570108858e-04
-5.093312207527367889e-05 5.593263935256696968e-04 -3.056461005459681652e-04 -2.067013660916013410e-04 -1.630286190045794582e-04 0.000000000000000000e+00 -5.151293255787622134e-04 4.556802190946345529e-04 -8.536607491989052889e-04 -4.831346272319424098e-04 1.545760444237598069e-03 -3.123400164535715590e-04
1.858165382321656282e-05 -8.714292848486402884e-04 6.662245243673638575e-04 8.422076500807723978e-04 1.657390421609370747e-04 -5.151293255787622134e-04 0.000000000000000000e+00 -5.007913479293498241e-04 3.790234349300120422e-05 5.523600175594715672e-04 1.010432980637496463e-03 2.436280188673314363e-04
6.346365317263518054e-04 3.131078897137432406e-04 5.349198771788160394e-04 -2.746344444977921436e-04 -1.138166902839727186e-04 4.556802190946345529e-04 -5.007913479293498241e-04 0.000000000000000000e+00 -4.716520442666080962e-04 3.049938907525204484e-04 7.077680289880929629e-04 -1.290207274756766630e-03
1.042048125669985548e-03 2.963457132230570530e-04 -1.000849547028846752e-03 -1.069022323748801406e-03 9.990461438286910793e-05 -8.536607491989052889e-04 3.790234349300120422e-05 -4.716520442666080962e-04 0.000000000000000000e+00 1.217243215039637295e-05 2.082467161471461374e-03 -2.164889873771187918e-03
9.630085461312605825e-05 6.850463071345270398e-05 6.130270376353848640e-04 -3.068425230550033225e-04 -3.242689905967949195e-04 -4.831346272319424098e-04 5.523600175594715672e-04 3.049938907525204484e-04 1.217243215039637295e-05 0.000000000000000000e+00 5.048619305901476959e-04 -5.944446950779275771e-04
2.785762334770033530e-03 1.457282504521963335e-03 9.090385009483148730e-04 1.458154003837902135e-03 1.659229542654525611e-04 1.545760444237598069e-03 1.010432980637496463e-03 7.077680289880929629e-04 2.082467161471461374e-03 5.048619305901476959e-04 0.000000000000000000e+00 -3.642629399570943265e-03
2.092541308761854471e-03 7.048883069865834834e-04 2.207296134497207293e-03 2.926100876918433756e-04 6.938512643570108858e-04 -3.123400164535715590e-04 2.436280188673314363e-04 -1.290207274756766630e-03 -2.164889873771187918e-03 -5.944446950779275771e-04 -3.642629399570943265e-03 0.000000000000000000e+00
