0.000000000000000000e+00 -3.763692709878532381e-04 -4.975907303101509069e-04 -1.333885494531694823e-03 -5.674745780463145853e-04 6.900749484384926125e-04 -3.576893158687201877e-04 -5.345771761927007844e-04 -5.070574350350767496e-04 -2.430176523244608269e-04 -2.141244180202022188e-04 -5.879026280453823663e-04
-3.763692709878532381e-04 0.000000000000000000e+00 8.233760225992651366e-04 -1.461402367328659560e-03 6.071962644873495074e-04 6.646395330474641234e-05 1.114778173941943827e-03 -7.816229694828318421e-04 6.898729405123442317e-04 1.848761443578287743e-04 -2.123794130290619035e-03 2.317766840999272305e-04
-4.975907303101509069e-04 8.233760225992651366e-04 0.000000000000000000e+00 2.320622476049385904e-06 -6.661948781399847173e-05 -4.675498242236895085e-04 -2.409657390365221592e-04 5.637825607566567974e-04 1.039667863893186783e-03 -9.213129870558087555e-05 -1.149856996583280191e-03 -6.815684945983527970e-05
-1.333885494531694823e-03 -1.461402367328659560e-03 2.320622476049385904e-06 0.000000000000000000e+00 -1.037748927780308538e-03 -7.227661402153917180e-04 1.363821216243483493e-03 9.865983775377328360e-04 -1.976320091945022502e-03 -9.335429759785782156e-04 -7.555564996520723218e-04 1.033064876010517585e-03
-5.674745780463145853e-04 6.071962644873495074e-04 -6.661948781399847173e-05 -1.037748927780308538e-03 0.000000000000000000e+00 -7.564487097053992177e-04 -2.502052820470818508e-04 -7.123221656912505839e-05 -1.392650584092656129e-04 -1.356565143042499618e-04 7.527551406266900060e-04 -2.504355086932776291e-04
6.900749484384926125e-04 6.646395330474641234e-05 -4.675498242236895085e-04 -7.227661402153917180e-04 -7.564487097053992177e-04 0.000000000000000000e+00 4.832286178496786886e-04 6.193421949717128677e-04 3.842824410826826986e-04 -5.314707255500848753e-05 -1.324505119705495860e-03 -6.758020925841338599e-05
-3.576893158687201877e-04 1.114778173941943827e-03 -2.409657390365221592e-04 1.363821216243483493e-03 -2.502052820470818508e-04 4.832286178496786886e-04 0.000000000000000000e+00 -5.243614926188485889e-04 6.194949271968047417e-04 3.761714212211430489e-05 -7.461290735600281838e-04 -1.758031168814953513e-04
-5.345771761927007844e-04 -7.816229694828318421e-04 5.637825607566567974e-04 9.865983775377328360e-04 -7.123221656912505839e-05 6.193421949717128677e-04 -5.243614926188485889e-04 0.000000000000000000e+00 4.695531765348613228e-04 -2.190272125885800968e-04 -4.963257718711744414e-04 6.068075456994124079e-05
-5.070574350350767496e-04 6.898729405123442317e-04 1.039667863893186783e-03 -1.976320091945022502e-03 -1.392650584092656129e-04 3.842824410826826986e-04 6.194949271968047417e-04 4.695531765348613228e-04 0.000000000000000000e+00 7.922846625837231095e-04 -8.130823204089972049e-04 8.467071994883819050e-04
-2.430176523244608269e-04 1.848761443578287743e-04 -9.213129870558087555e-05 -9.335429759785782156e-04 -1.356565143042499618e-04 -5.314707255500848753e-05 3.761714212211430489e-05 -2.190272125885800968e-04 7.922846625837231095e-04 0.000000000000000000e+00 8.512440818846016624e-04 3.564680338415496014e-04
-2.141244180202022188e-04 -2.123794130290619035e-03 -1.149856996583280191e-03 -7.555564996520723218e-04 7.527551406266900060e-04 -1.324505119705495860e-03 -7.461290735600281838e-04 -4.963257718711744414e-04 -8.130823204089972049e-04 8.512440818846016624e-04 0.000000000000000000e+00 5.673608231847266986e-04
-5.879026280453823663e-04 2.317766840999272305e-04 -6.815684945983527970e-05 1.033064876010517585e-03 -2.504355086932776291e-04 -6.758020925841338599e-05 -1.758031168814953513e-04 6.068075456994124079e-05 8.467071994883819050e-04 3.564680338415496014e-04 5.673608231847266986e-04 0.000000000000000000e+00
