0.000000000000000000e+00 -2.197705696705731023e-04 5.658214831165939195e-04 4.775277016424806040e-04 -3.450891772382995871e-04 7.614294856615668339e-04 4.279336013849910380e-04 -2.361840410970059937e-04 6.448109247706739931e-04 -2.253301825194701450e-04 8.769471255745090073e-04 1.651105810067269653e-04
-2.197705696705731023e-04 0.000000000000000000e+00 6.575224949517484343e-04 1.854655552607133422e-03 3.062969767961037015e-04 -9.104642854671857405e-05 2.817842463228222038e-04 2.449132710650714080e-04 -2.930592689004653988e-04 4.017620176309698245e-04 -1.918595654527310542e-03 2.207061872012709616e-04
5.658214831165939195e-04 6.575224949517484343e-04 0.000000000000000000e+00 1.633432096041828986e-03 -2.409008884873854717e-04 -7.553575919369665773e-04 3.327071924944511087e-04 3.210268322351336984e-04 7.644195584078965428e-04 4.933214428232016256e-05 3.197441936590621550e-04 1.754342765952743549e-04
4.775277016424806040e-04 1.854655552607133422e-03 1.633432096041828986e-03 0.000000000000000000e+00 1.371162626345126144e-03 1.767408974591214849e-03 -1.455404638735632080e-03 -8.013252168127329175e-05 1.204596417564718532e-03 -7.854337206885465871e-04 -1.060083723963009842e-03 -6.351244552386628873e-04
-3.450891772382995871e-04 3.062969767961037015e-04 -2.409008884873854717e-04 1.371162626345126144e-03 0.000000000000000000e+00 7.422212605625175741e-04 1.016965340491337428e-04 1.962211340536425394e-04 9.653759787956243911e-04 1.322674303360021702e-04 9.498099635529844978e-04 -3.245100321806125261e-05
7.614294856615668339e-04 -9.104642854671857405e-05 -7.553575919369665773e-04 1.767408974591214849e-03 7.422212605625175741e-04 0.000000000000000000e+00 -5.248577397753792940e-04 -1.997074550304061267e-04 -1.041700871694777129e-03 6.263673566177782104e-05 1.228473612832651704e-03 3.678879450729005766e-05
4.279336013849910380e-04 2.817842463228222038e-04 3.327071924944511087e-04 -1.455404638735632080e-03 1.016965340491337428e-04 -5.248577397753792940e-04 0.000000000000000000e+00 2.100753734582571275e-04 -3.337639840437870982e-04 -9.389832811300136963e-05 -7.736957140030026889e-04 -8.018346635102864350e-06
-2.361840410970059937e-04 2.449132710650714080e-04 3.210268322351336984e-04 -8.013252168127329175e-05 1.962211340536425394e-04 -1.997074550304061267e-04 2.100753734582571275e-04 0.000000000000000000e+00 -5.563543801643032558e-04 3.714032461511443026e-04 9.517028128576592375e-04 -2.207437900682550922e-04
6.448109247706739931e-04 -2.930592689004653988e-04 7.644195584078965428e-04 1.204596417564718532e-03 9.653759787956243911e-04 -1.041700871694777129e-03 -3.337639840437870982e-04 -5.563543801643032558e-04 0.000000000000000000e+00 -2.478181034170143910e-04 1.436011987284099367e-03 1.948924636510689849e-04
-2.253301825194701450e-04 4.017620176309698245e-04 4.933214428232016256e-05 -7.854337206885465871e-04 1.322674303360021702e-04 6.263673566177782104e-05 -9.389832811300136963e-05 3.714032461511443026e-04 -2.478181034170143910e-04 0.000000000000000000e+00 1.755390060466591935e-05 9.268549348567017214e-05
8.769471255745090073e-04 -1.918595654527310542e-03 3.197441936590621550e-04 -1.060083723963009842e-03 9.498099635529844978e-04 1.228473612832651704e-03 -7.736957140030026889e-04 9.517028128576592375e-04 1.436011987284099367e-03 1.755390060466591935e-05 0.000000000000000000e+00 1.665989221567455833e-04
1.651105810067269653e-04 2.207061872012709616e-04 1.754342765952743549e-04 -6.351244552386628873e-04 -3.245100321806125261e-05 3.678879450729005766e-05 -8.018346635102864350e-06 -2.207437900682550922e-04 1.948924636510689849e-04 9.268549348567017214e-05 1.665989221567455833e-04 0.000000000000000000e+00
