0.000000000000000000e+00 -1.170887417229434391e-03 1.222326542243385968e-03 -1.506726335040202728e-03 -5.193696839235622002e-04 -8.881693576158128985e-04 1.810000447166648142e-04 -3.211477667312350143e-04 -1.395901727680483751e-03 4.627286990552878640e-04 1.381225761950661234e-03 1.659694762244185654e-04
-1.170887417229434391e-03 0.000000000000000000e+00 6.581148478966617442e-04 1.490665217264268601e-03 1.652095586147484625e-04 -1.916796301726681904e-04 5.263329879667416351e-04 3.776215521381299573e-05 -1.064461897919459108e-03 1.162606664680852298e-04 -5.399908766279651632e-04 -6.297603784918218020e-04
1.222326542243385968e-03 6.581148478966617442e-04 0.000000000000000000e+00 3.392385730742507668e-04 -2.857457006754619421e-04 -7.765517340801361950e-04 1.810879452608674057e-04 -9.406768987393318614e-05 -4.356641232742902389e-04 -5.622717311476134520e-05 -1.272264271624639394e-03 3.236421085873514747e-04
-1.506726335040202728e-03 1.490665217264268601e-03 3.392385730742507668e-04 0.000000000000000000e+00 -9.555706870260853147e-04 -3.649564032840476539e-03 -7.144688899229582457e-04 -6.586880249728865443e-04 3.120489863822012780e-03 -9.709070303909313043e-07 3.597433886228624915e-03 -6.622235606928265103e-05
-5.193696839235622002e-04 1.652095586147484625e-04 -2.857457006754619421e-04 -9.555706870260853147e-04 0.000000000000000000e+00 6.527050873993388031e-04 -1.604421767465784797e-04 2.856082377343498592e-04 -1.764006332622311784e-04 3.246415750785686658e-04 -3.931113227299940123e-04 2.087916857396144253e-04
-8.881693576158128985e-04 -1.916796301726681904e-04 -7.765517340801361950e-04 -3.649564032840476539e-03 6.527050873993388031e-04 0.000000000000000000e+00 5.098228320424960441e-04 -1.432465168382647893e-04 2.268429928018139089e-03 -3.072677956272222110e-04 2.302096487755101069e-03 -1.293235004469047908e-04
1.810000447166648142e-04 5.263329879667416351e-04 1.810879452608674057e-04 -7.144688899229582457e-04 -1.604421767465784797e-04 5.098228320424960441e-04 0.000000000000000000e+00 8.661893210000376508e-05 8.340989246785030604e-04 -2.631836321354559568e-05 -1.582875635605748724e-04 3.515090983592631291e-04
-3.211477667312350143e-04 3.776215521381299573e-05 -9.406768987393318614e-05 -6.586880249728865443e-04 2.856082377343498592e-04 -1.432465168382647893e-04 8.661893210000376508e-05 0.000000000000000000e+00 -1.031068364306393431e-03 1.502756745183383806e-04 -1.032154329827543124e-04 1.087301480404753972e-04
-1.395901727680483751e-03 -1.064461897919459108e-03 -4.356641232742902389e-04 3.120489863822012780e-03 -1.764006332622311784e-04 2.268429928018139089e-03 8.340989246785030604e-04 -1.031068364306393431e-03 0.000000000000000000e+00 5.617434784950885683e-04 2.034740976149617461e-03 2.280393680039803194e-04
4.627286990552878640e-04 1.162606664680852298e-04 -5.622717311476134520e-05 -9.709070303909313043e-07 3.246415750785686658e-04 -3.072677956272222110e-04 -2.631836321354559568e-05 1.502756745183383806e-04 5.617434784950885683e-04 0.000000000000000000e+00 -3.641585816613849159e-04 1.766527552557296626e-04
1.381225761950661234e-03 -5.399908766279651632e-04 -1.272264271624639394e-03 3.597433886228624915e-03 -3.931113227299940123e-04 2.302096487755101069e-03 -1.582875635605748724e-04 -1.032154329827543124e-04 2.034740976149617461e-03 -3.641585816613849159e-04 0.000000000000000000e+00 5.855672303621723166e-04
1.659694762244185654e-04 -6.297603784918218020e-04 3.236421085873514747e-04 -6.622235606928265103e-05 2.087916857396144253e-04 -1.293235004469047908e-04 3.515090983592631291e-04 1.087301480404753972e-04 2.280393680039803194e-04 1.766527552557296626e-04 5.855672303621723166e-04 0.000000000000000000e+00
