0.000000000000000000e+00 -1.431914660477694189e-04 -3.139047515861185318e-04 -8.397696945650653770e-04 -1.330342555177769950e-04 2.226960691746521822e-04 3.822764471778941847e-04 7.438429483187955450e-04 4.177868338488343420e-04 -7.374096553186527091e-04 -3.600263089102429648e-05 6.664844848285881489e-04
-1.431914660477694189e-04 0.000000000000000000e+00 5.620755981476048936e-04 4.546893683461858925e-04 2.271718691558485814e-04 -3.311005318516416912e-04 8.957038378228568539e-04 7.563600551715887353e-04 7.810657591028906301e-04 -1.539563320177950861e-03 -5.313931242812221538e-04 -1.050447744826856367e-03
-3.139047515861185318e-04 5.620755981476048936e-04 0.000000000000000000e+00 -1.620791986120139871e-03 -1.716416071568504500e-03 5.767177833202902790e-04 1.058775891774057674e-03 -1.112865029762270331e-03 1.169974178052170098e-04 2.361402992776814175e-03 3.658053763806748621e-04 -1.365816283145491377e-03
-8.397696945650653770e-04 4.546893683461858925e-04 -1.620791986120139871e-03 0.000000000000000000e+00 2.126691931625162429e-03 6.908119297186613751e-04 1.677594194930770390e-04 -1.048198742852664983e-03 6.045868659904436899e-04 1.304991854965661989e-03 4.810855685201279671e-04 -2.907711347801394670e-04
-1.330342555177769950e-04 2.271718691558485814e-04 -1.716416071568504500e-03 2.126691931625162429e-03 0.000000000000000000e+00 1.639664152788882715e-04 3.528739370111545065e-04 -1.592759655096924964e-04 -6.734784177043515001e-04 -1.296688312864893982e-03 -7.446576729411820764e-04 -6.117031716809117909e-04
2.226960691746521822e-04 -3.311005318516416912e-04 5.767177833202902790e-04 6.908119297186613751e-04 1.639664152788882715e-04 0.000000000000000000e+00 5.310956212569451764e-04 -4.743751033418858545e-04 8.589074627465970982e-05 3.024998228981007537e-04 2.171937826138892679e-04 5.165401009456202551e-04
3.822764471778941847e-04 8.957038378228568539e-04 1.058775891774057674e-03 1.677594194930770390e-04 3.528739370111545065e-04 5.310956212569451764e-04 0.000000000000000000e+00 -6.610771260441258065e-05 -4.908249345839672383e-04 -4.280156571245013661e-04 4.685957601213286547e-04 -1.876397354588955771e-04
7.438429483187955450e-04 7.563600551715887353e-04 -1.112865029762270331e-03 -1.048198742852664983e-03 -1.592759655096924964e-04 -4.743751033418858545e-04 -6.610771260441258065e-05 0.000000000000000000e+00 3.269136451961164960e-04 -4.594160637062269059e-04 5.324364309114899309e-04 6.311244587952233808e-05
4.177868338488343420e-04 7.810657591028906301e-04 1.169974178052170098e-04 6.045868659904436899e-04 -6.734784177043515001e-04 8.589074627465970982e-05 -4.908249345839672383e-04 3.269136451961164960e-04 0.000000000000000000e+00 -5.596560260942998535e-04 -2.508111394964919211e-04 4.972167871756327058e-04
-7.374096553186527091e-04 -1.539563320177950861e-03 2.361402992776814175e-03 1.304991854965661989e-03 -1.296688312864893982e-03 3.024998228981007537e-04 -4.280156571245013661e-04 -4.594160637062269059e-04 -5.596560260942998535e-04 0.000000000000000000e+00 6.118965194451135613e-04 -2.784685827628403894e-05
-3.600263089102429648e-05 -5.313931242812221538e-04 3.658053763806748621e-04 4.810855685201279671e-04 -7.446576729411820764e-04 2.171937826138892679e-04 4.685957601213286547e-04 5.324364309114899309e-04 -2.508111394964919211e-04 6.118965194451135613e-04 0.000000000000000000e+00 2.562709775025627914e-04
6.664844848285881489e-04 -1.050447744826856367e-03 -1.365816283145491377e-03 -2.907711347801394670e-04 -6.117031716809117909e-04 5.165401009456202551e-04 -1.876397354588955771e-04 6.311244587952233808e-05 4.972167871756327058e-04 -2.784685827628403894e-05 2.562709775025627914e-04 0.000000000000000000e+00
