0.000000000000000000e+00 1.908267631845709654e-04 7.143728543735888142e-04 -3.605776190316928222e-04 -1.074894915799238376e-03 -2.811433549460298450e-04 8.151269403156048146e-05 -5.965061215995657142e-04 -1.392350438281769861e-04 -1.225629469936418119e-03 5.335344290763862967e-04 -2.171618688785183454e-04
1.908267631845709654e-04 0.000000000000000000e+00 1.543890219240653212e-03 1.263290569863553727e-03 1.037831438280355061e-03 1.452040589768701414e-04 7.252522193362879706e-04 6.611134522841040058e-04 1.679684356913073342e-04 -2.606483806829734684e-04 -2.074492912530565426e-04 6.404086165797603101e-04
7.143728543735888142e-04 1.543890219240653212e-03 0.000000000000000000e+00 -2.440913764893878554e-03 -6.925195322531418982e-04 -1.289201927526085849e-04 1.546061788451356337e-03 -6.509651636829866380e-04 -3.736239055208722445e-05 2.054976838228110211e-03 3.014221788758168568e-04 1.862142075891930117e-03
-3.605776190316928222e-04 1.263290569863553727e-03 -2.440913764893878554e-03 0.000000000000000000e+00 1.752852321271067748e-03 -3.008160096555851704e-04 7.261235996859232746e-04 2.654257573420291103e-04 1.351383512578180042e-04 1.027466163356593977e-03 1.200150579110991671e-03 -3.757475555137608655e-04
-1.074894915799238376e-03 1.037831438280355061e-03 -6.925195322531418982e-04 1.752852321271067748e-03 0.000000000000000000e+00 -1.500192699764362142e-04 6.333331114033178069e-04 5.104766934626150726e-04 -2.339545149878165004e-04 -8.536325612864953654e-04 3.608691531987145008e-04 6.692560788770146379e-04
-2.811433549460298450e-04 1.452040589768701414e-04 -1.289201927526085849e-04 -3.008160096555851704e-04 -1.500192699764362142e-04 0.000000000000000000e+00 2.777603072953331652e-04 -3.674655487071760832e-04 -2.345021090436005774e-04 6.550784462907431767e-05 1.042197786295468240e-04 2.633961898934542023e-04
8.151269403156048146e-05 7.252522193362879706e-04 1.546061788451356337e-03 7.261235996859232746e-04 6.333331114033178069e-04 2.777603072953331652e-04 0.000000000000000000e+00 -1.447067753242917815e-04 2.200571435722601570e-04 -9.843105302531685898e-04 1.050427613261625283e-04 -2.029857869208492383e-04
-5.965061215995657142e-04 6.611134522841040058e-04 -6.509651636829866380e-04 2.654257573420291103e-04 5.104766934626150726e-04 -3.674655487071760832e-04 -1.447067753242917815e-04 0.000000000000000000e+00 -1.131054026107500727e-04 3.134320781060562265e-04 5.446596657177204962e-04 -9.474795699049840848e-05
-1.392350438281769861e-04 1.679684356913073342e-04 -3.736239055208722445e-05 1.351383512578180042e-04 -2.339545149878165004e-04 -2.345021090436005774e-04 2.200571435722601570e-04 -1.131054026107500727e-04 0.000000000000000000e+00 9.049024080489115720e-04 3.273691467022418690e-04 8.648909583686855665e-05
-1.225629469936418119e-03 -2.606483806829734684e-04 2.054976838228110211e-03 1.027466163356593977e-03 -8.536325612864953654e-04 6.550784462907431767e-05 -9.843105302531685898e-04 3.134320781060562265e-04 9.049024080489115720e-04 0.000000000000000000e+00 1.095723648161468127e-03 3.994155409221219512e-04
5.335344290763862967e-04 -2.074492912530565426e-04 3.014221788758168568e-04 1.200150579110991671e-03 3.608691531987145008e-04 1.042197786295468240e-04 1.050427613261625283e-04 5.446596657177204962e-04 3.273691467022418690e-04 1.095723648161468127e-03 0.000000000000000000e+00 -6.226511242711711518e-04
-2.171618688785183454e-04 6.404086165797603101e-04 1.862142075891930117e-03 -3.757475555137608655e-04 6.692560788770146379e-04 2.633961898934542023e-04 -2.029857869208492383e-04 -9.474795699049840848e-05 8.648909583686855665e-05 3.994155409221219512e-04 -6.226511242711711518e-04 0.000000000000000000e+00
