0.000000000000000000e+00 -7.689129876934558449e-04 5.054038576950097136e-04 3.238920126974822208e-04 2.803571537860680943e-04 -2.660885488330390718e-05 -7.346610553080521432e-04 -3.679397421762007204e-04 -7.341483042336001234e-05 -9.158241763804464679e-04 -1.548245071791723513e-04 -6.026744306580116765e-05
-7.689129876934558449e-04 0.000000000000000000e+00 -1.320126143687717349e-03 1.908332800141228662e-03 1.129327075015015749e-03 -1.263319226446465364e-04 6.832795846192653939e-04 1.062060277388511120e-04 -1.444180764950310925e-04 -7.483735863391712114e-04 2.252168469789106518e-04 3.239047075293376024e-04
5.054038576950097136e-04 -1.320126143687717349e-03 0.000000000000000000e+00 -3.364253030880980273e-03 -1.024804279620963518e-04 -1.024762746328578174e-03 2.061103784536242722e-03 -1.242838440569288532e-03 -8.065853254409355560e-04 -1.252862915560809445e-03 -1.677411819077399347e-04 5.122113815770432295e-04
3.238920126974822208e-04 1.908332800141228662e-03 -3.364253030880980273e-03 0.000000000000000000e+00 6.935988021281852935e-04 -1.056654046125300164e-03 -3.277857129238667309e-04 -9.585888978264041696e-04 3.897398915029539143e-05 1.569885176226817674e-03 -2.088849660006716262e-04 5.007879638841675109e-04
2.803571537860680943e-04 1.129327075015015749e-03 -1.024804279620963518e-04 6.935988021281852935e-04 0.000000000000000000e+00 8.525054440149984177e-04 2.390057026179569319e-04 -3.475276762490285445e-04 -4.137449280889281527e-04 -1.270245184376997318e-03 -2.017629909540542984e-04 4.023635001114544561e-04
-2.660885488330390718e-05 -1.263319226446465364e-04 -1.024762746328578174e-03 -1.056654046125300164e-03 8.525054440149984177e-04 0.000000000000000000e+00 -2.343893062165563384e-04 3.333307136114657719e-04 -1.979075650284548232e-06 -8.590427048129858261e-04 3.459320010755509650e-04 1.375213157266194771e-04
-7.346610553080521432e-04 6.832795846192653939e-04 2.061103784536242722e-03 -3.277857129238667309e-04 2.390057026179569319e-04 -2.343893062165563384e-04 0.000000000000000000e+00 -2.776397689112880909e-04 -1.414444432672109511e-04 -3.624077536198415817e-04 2.386681476214805092e-04 4.669848222172040845e-04
-3.679397421762007204e-04 1.062060277388511120e-04 -1.242838440569288532e-03 -9.585888978264041696e-04 -3.475276762490285445e-04 3.333307136114657719e-04 -2.776397689112880909e-04 0.000000000000000000e+00 4.858686869460225306e-05 5.339633912533006286e-04 -1.293339745219770616e-04 3.987068388529515389e-04
-7.341483042336001234e-05 -1.444180764950310925e-04 -8.065853254409355560e-04 3.897398915029539143e-05 -4.137449280889281527e-04 -1.979075650284548232e-06 -1.414444432672109511e-04 4.858686869460225306e-05 0.000000000000000000e+00 1.196006268341921302e-04 2.979975627535648170e-04 -2.224229511849374068e-04
-9.158241763804464679e-04 -7.483735863391712114e-04 -1.252862915560809445e-03 1.569885176226817674e-03 -1.270245184376997318e-03 -8.590427048129858261e-04 -3.624077536198415817e-04 5.339633912533006286e-04 1.196006268341921302e-04 0.000000000000000000e+00 -5.241698891794471966e-04 7.353066462942691025e-04
-1.548245071791723513e-04 2.252168469789106518e-04 -1.677411819077399347e-04 -2.088849660006716262e-04 -2.017629909540542984e-04 3.459320010755509650e-04 2.386681476214805092e-04 -1.293339745219770616e-04 2.979975627535648170e-04 -5.241698891794471966e-04 0.000000000000000000e+00 3.003634310735272400e-04
-6.026744306580116765e-05 3.239047075293376024e-04 5.122113815770432295e-04 5.007879638841675109e-04 4.023635001114544561e-04 1.375213157266194771e-04 4.669848222172040845e-04 3.987068388529515389e-04 -2.224229511849374068e-04 7.353066462942691025e-04 3.003634310735272400e-04 0.000000000000000000e+00
