0.000000000000000000e+00 4.492656619496171520e-04 1.708514620242746439e-03 -1.552287246050770104e-03 -6.609916726904891283e-04 -1.811744801259252205e-04 1.147957911554881694e-04 -1.302915131308231408e-04 1.910859538585928780e-04 8.111553916900916383e-04 2.132745895093611987e-04 8.521844966128546512e-04
4.492656619496171520e-04 0.000000000000000000e+00 2.662716892847233948e-03 -1.436546442713573183e-03 -1.074987875597766939e-03 -5.447396572661258873e-04 7.170571763473355812e-05 -7.945002144465404537e-04 1.206505508265641349e-04 -1.020333821639641961e-03 -3.779960689399787434e-04 -2.276307335543381637e-04
1.708514620242746439e-03 2.662716892847233948e-03 0.000000000000000000e+00 1.439333726944488218e-03 -4.168842813118790909e-03 4.976414055968683215e-04 1.232744011027869563e-04 2.243394222853888347e-04 9.258259672764007067e-04 2.630717865441127047e-03 -7.518121285730837433e-04 -8.001572478025937825e-04
-1.552287246050770104e-03 -1.436546442713573183e-03 1.439333726944488218e-03 0.000000000000000000e+00 -2.635239685019239841e-03 5.208535670629240106e-04 3.370536150692764622e-04 -1.041820103391266844e-03 1.074156822361648200e-04 -1.946765031207802008e-03 -2.207117094606466517e-04 3.337129294092665357e-06
-6.609916726904891283e-04 -1.074987875597766939e-03 -4.168842813118790909e-03 -2.635239685019239841e-03 0.000000000000000000e+00 1.203236046261438091e-04 4.168778284265807661e-04 4.100037077155385006e-04 7.321216843182745378e-04 -1.277019922531453903e-03 4.269369595906333465e-04 7.672098155226586601e-04
-1.811744801259252205e-04 -5.447396572661258873e-04 4.976414055968683215e-04 5.208535670629240106e-04 1.203236046261438091e-04 0.000000000000000000e+00 -2.104764522278849634e-04 4.125351220729858817e-05 -2.111831517292455285e-04 8.361108170303115051e-06 3.211409698492115523e-04 5.308251930715116598e-05
1.147957911554881694e-04 7.170571763473355812e-05 1.232744011027869563e-04 3.370536150692764622e-04 4.168778284265807661e-04 -2.104764522278849634e-04 0.000000000000000000e+00 -5.884041103235258677e-04 3.299188229281928828e-04 -9.192500769443220443e-04 4.307688697446110685e-04 3.019476863429729077e-04
-1.302915131308231408e-04 -7.945002144465404537e-04 2.243394222853888347e-04 -1.041820103391266844e-03 4.100037077155385006e-04 4.125351220729858817e-05 -5.884041103235258677e-04 0.000000000000000000e+00 -1.298487011963914313e-04 1.706183365186745215e-03 -5.242813564867394643e-04 3.983449289306061221e-04
1.910859538585928780e-04 1.206505508265641349e-04 9.258259672764007067e-04 1.074156822361648200e-04 7.321216843182745378e-04 -2.111831517292455285e-04 3.299188229281928828e-04 -1.298487011963914313e-04 0.000000000000000000e+00 5.331885415512835043e-04 1.048121988954752430e-04 -2.993537719086336563e-05
8.111553916900916383e-04 -1.020333821639641961e-03 2.630717865441127047e-03 -1.946765031207802008e-03 -1.277019922531453903e-03 8.361108170303115051e-06 -9.192500769443220443e-04 1.706183365186745215e-03 5.331885415512835043e-04 0.000000000000000000e+00 9.914711171805984033e-04 -1.066628578015946759e-03
2.132745895093611987e-04 -3.779960689399787434e-04 -7.518121285730837433e-04 -2.207117094606466517e-04 4.269369595906333465e-04 3.211409698492115523e-04 4.307688697446110685e-04 -5.242813564867394643e-04 1.048121988954752430e-04 9.914711171805984033e-04 0.000000000000000000e+00 -6.052897352227467125e-06
8.521844966128546512e-04 -2.276307335543381637e-04 -8.001572478025937825e-04 3.337129294092665357e-06 7.672098155226586601e-04 5.308251930715116598e-05 3.019476863429729077e-04 3.983449289306061221e-04 -2.993537719086336563e-05 -1.066628578015946759e-03 -6.052897352227467125e-06 0.000000000000000000e+00
