0.000000000000000000e+00 -6.874422972413083040e-04 -2.136981864722482024e-03 1.616950582380846050e-03 -7.799331828681012107e-04 -5.830327282334980647e-04 1.063012146506707488e-03 1.025015294861552489e-03 3.979504881930244140e-04 8.117263958075366216e-04 3.453675504596132365e-04 -3.213270787789904333e-04
-6.874422972413083040e-04 0.000000000000000000e+00 4.755419747079685862e-04 -1.177159364481522325e-03 4.820396136422863416e-05 3.352401200068298270e-04 9.719153803933725704e-04 -8.597051828662772384e-04 9.146410068667964652e-05 -1.803625269742048683e-03 2.412220045229177684e-04 -5.923758171743432948e-04
-2.136981864722482024e-03 4.755419747079685862e-04 0.000000000000000000e+00 1.857673617756880812e-03 -2.553213417482982570e-03 1.464232176487719828e-03 -9.426019876313809168e-04 1.094262929080766673e-03 -6.431049956125766765e-04 -4.253279459009858769e-04 8.672108724872691589e-04 7.363175627643068393e-04
1.616950582380846050e-03 -1.177159364481522325e-03 1.857673617756880812e-03 0.000000000000000000e+00 -1.945388191683432516e-03 -9.385345688717995573e-05 6.807895676873853847e-04 -1.961433077513116262e-04 5.951491661423872050e-05 5.070717087425378680e-05 -1.241180673044578334e-03 -1.084794125735189007e-03
-7.799331828681012107e-04 4.820396136422863416e-05 -2.553213417482982570e-03 -1.945388191683432516e-03 0.000000000000000000e+00 -5.999653720598305284e-05 6.329398090559323897e-04 5.136251293981956931e-04 -6.205892861514783845e-05 -5.517439424099060191e-04 6.581314819632115597e-05 3.266574630355554816e-04
-5.830327282334980647e-04 3.352401200068298270e-04 1.464232176487719828e-03 -9.385345688717995573e-05 -5.999653720598305284e-05 0.000000000000000000e+00 4.220934614494450195e-04 2.716668733870495830e-04 -3.252194203109645449e-04 -6.450386800201728891e-04 1.556088569314826198e-04 -6.916168991373440199e-05
1.063012146506707488e-03 9.719153803933725704e-04 -9.426019876313809168e-04 6.807895676873853847e-04 6.329398090559323897e-04 4.220934614494450195e-04 0.000000000000000000e+00 3.536098432050077786e-04 -1.874964618659924682e-04 -4.140785318248129364e-04 4.423655353084389712e-04 -4.559082740457564512e-04
1.025015294861552489e-03 -8.597051828662772384e-04 1.094262929080766673e-03 -1.961433077513116262e-04 5.136251293981956931e-04 2.716668733870495830e-04 3.536098432050077786e-04 0.000000000000000000e+00 -6.544288114270459191e-05 -1.601250281064003477e-03 7.827615480182997213e-05 4.707316295028227560e-04
3.979504881930244140e-04 9.146410068667964652e-05 -6.431049956125766765e-04 5.951491661423872050e-05 -6.205892861514783845e-05 -3.252194203109645449e-04 -1.874964618659924682e-04 -6.544288114270459191e-05 0.000000000000000000e+00 -2.632121705259873466e-04 1.033469230453984666e-05 -3.849390012237853369e-04
8.117263958075366216e-04 -1.803625269742048683e-03 -4.253279459009858769e-04 5.070717087425378680e-05 -5.517439424099060191e-04 -6.450386800201728891e-04 -4.140785318248129364e-04 -1.601250281064003477e-03 -2.632121705259873466e-04 0.000000000000000000e+00 3.874698345153616396e-04 7.825026025676195228e-04
3.453675504596132365e-04 2.412220045229177684e-04 8.672108724872691589e-04 -1.241180673044578334e-03 6.581314819632115597e-05 1.556088569314826198e-04 4.423655353084389712e-04 7.827615480182997213e-05 1.033469230453984666e-05 3.874698345153616396e-04 0.000000000000000000e+00 -7.471886543880529438e-04
-3.213270787789904333e-04 -5.923758171743432948e-04 7.363175627643068393e-04 -1.084794125735189007e-03 3.266574630355554816e-04 -6.916168991373440199e-05 -4.559082740457564512e-04 4.707316295028227560e-04 -3.849390012237853369e-04 7.825026025676195228e-04 -7.471886543880529438e-04 0.000000000000000000e+00
