0.000000000000000000e+00 1.056331959678131810e-04 1.708120096850143232e-04 4.677789546153729352e-04 3.179170847798133497e-04 -4.192890681300718864e-04 6.852772469288304427e-05 1.730563155157207461e-04 7.811416706002852163e-04 6.270989012393512465e-04 -3.030533311060915058e-04 -2.944997016466962430e-04
1.056331959678131810e-04 0.000000000000000000e+00 8.063350139436074827e-07 -2.067883161088443814e-04 1.131079492743968570e-03 1.127158393815105592e-03 -2.279590132560074746e-04 -1.638395183739832929e-04 -1.053649564494126608e-03 -3.666929317572326270e-04 2.802886176492478927e-04 1.513714054189022507e-04
1.708120096850143232e-04 8.063350139436074827e-07 0.000000000000000000e+00 9.168796148507365150e-05 1.604539788633887727e-04 -3.888200866675944005e-05 2.665898511176367281e-04 -3.805924716516678264e-04 1.124479188422183081e-03 -7.726728922442540573e-05 2.039977355296455506e-04 2.116476458876768128e-04
4.677789546153729352e-04 -2.067883161088443814e-04 9.168796148507365150e-05 0.000000000000000000e+00 1.265210665143446300e-03 3.632452701998768459e-04 -1.279507350992431774e-03 -2.813712470255604753e-04 2.992402924947127913e-03 -2.571227091952068828e-04 1.973985181434228034e-03 -7.450870560340879228e-04
3.179170847798133497e-04 1.131079492743968570e-03 1.604539788633887727e-04 1.265210665143446300e-03 0.000000000000000000e+00 -1.003469749863917376e-03 -1.050011634622443030e-04 9.784731048387003242e-04 -2.813958671316438721e-03 7.222850083151274771e-04 2.120006217891525369e-03 -3.807170240414199734e-06
-4.192890681300718864e-04 1.127158393815105592e-03 -3.888200866675944005e-05 3.632452701998768459e-04 -1.003469749863917376e-03 0.000000000000000000e+00 4.360752620172222787e-04 4.467323143239929724e-04 -1.296063076091598159e-03 1.156346697419979289e-04 -1.710569619636634212e-03 5.421116080350124903e-04
6.852772469288304427e-05 -2.279590132560074746e-04 2.665898511176367281e-04 -1.279507350992431774e-03 -1.050011634622443030e-04 4.360752620172222787e-04 0.000000000000000000e+00 3.383989730412429657e-04 9.248409002418892964e-04 1.577203902515584460e-04 6.819052881940913238e-04 1.583933014982881135e-04
1.730563155157207461e-04 -1.638395183739832929e-04 -3.805924716516678264e-04 -2.813712470255604753e-04 9.784731048387003242e-04 4.467323143239929724e-04 3.383989730412429657e-04 0.000000000000000000e+00 9.114458021219878480e-04 -6.520776937812768244e-04 -2.083738928012868785e-05 5.316579972725198229e-04
7.811416706002852163e-04 -1.053649564494126608e-03 1.124479188422183081e-03 2.992402924947127913e-03 -2.813958671316438721e-03 -1.296063076091598159e-03 9.248409002418892964e-04 9.114458021219878480e-04 0.000000000000000000e+00 5.813550077989131874e-04 7.090070501885602271e-04 -8.348121063025884655e-04
6.270989012393512465e-04 -3.666929317572326270e-04 -7.726728922442540573e-05 -2.571227091952068828e-04 7.222850083151274771e-04 1.156346697419979289e-04 1.577203902515584460e-04 -6.520776937812768244e-04 5.813550077989131874e-04 0.000000000000000000e+00 -1.137562748090217108e-03 -2.122470934525229986e-04
-3.030533311060915058e-04 2.802886176492478927e-04 2.039977355296455506e-04 1.973985181434228034e-03 2.120006217891525369e-03 -1.710569619636634212e-03 6.819052881940913238e-04 -2.083738928012868785e-05 7.090070501885602271e-04 -1.137562748090217108e-03 0.000000000000000000e+00 -2.255363979018880642e-04
-2.944997016466962430e-04 1.513714054189022507e-04 2.116476458876768128e-04 -7.450870560340879228e-04 -3.807170240414199734e-06 5.421116080350124903e-04 1.583933014982881135e-04 5.316579972725198229e-04 -8.348121063025884655e-04 -2.122470934525229986e-04 -2.255363979018880642e-04 0.000000000000000000e+00
