0.000000000000000000e+00 3.867607127363980484e-04 -2.378264751443523938e-04 1.866629844024355798e-04 -4.790460780782679253e-04 6.086258392805764684e-04 -4.241766920381563393e-04 3.529459641868052018e-05 -1.684204207268004752e-04 -2.196673499744505929e-04 -4.350645092449991229e-04 -3.673514813964579343e-04
3.867607127363980484e-04 0.000000000000000000e+00 3.205473012785575141e-04 1.818969726933423320e-03 -3.336246279430153780e-04 -2.521092930088250292e-04 -4.189845943404455777e-04 7.945404338325207083e-05 2.777703890042856980e-04 1.912848116798190673e-04 1.717062423439157538e-04 -9.786751908031566713e-05
-2.378264751443523938e-04 3.205473012785575141e-04 0.000000000000000000e+00 -6.662747142593672661e-04 -2.897664619040269665e-04 8.185518787786453827e-04 -1.665454190453510299e-04 1.493609289252104003e-04 -8.245342137679284112e-04 -2.139611456057614501e-04 1.921059444225956881e-04 3.732358302408561265e-04
1.866629844024355798e-04 1.818969726933423320e-03 -6.662747142593672661e-04 0.000000000000000000e+00 2.801381462766898943e-03 -3.085070150022061700e-03 -2.920302724897758410e-04 8.660850670130458822e-04 -5.358947101831844795e-04 -7.317379738757760202e-04 1.751132999726384004e-03 5.903960421237801348e-04
-4.790460780782679253e-04 -3.336246279430153780e-04 -2.897664619040269665e-04 2.801381462766898943e-03 0.000000000000000000e+00 7.721026967770030537e-04 -2.392708368095779615e-04 -1.107122813933693111e-03 -7.885315357038939538e-05 -5.305851691746645959e-04 1.019273018465096433e-03 7.232127628658874176e-04
6.086258392805764684e-04 -2.521092930088250292e-04 8.185518787786453827e-04 -3.085070150022061700e-03 7.721026967770030537e-04 0.000000000000000000e+00 6.727354959917261406e-04 -3.909743237501066260e-04 -4.605068214455177930e-04 4.230604217368204929e-04 1.350977369719764520e-03 -6.562717951702620048e-06
-4.241766920381563393e-04 -4.189845943404455777e-04 -1.665454190453510299e-04 -2.920302724897758410e-04 -2.392708368095779615e-04 6.727354959917261406e-04 0.000000000000000000e+00 3.694247824133267059e-04 -1.609199343453082177e-04 -3.576702728019211719e-04 8.787789795466903779e-04 -3.644917450016347009e-04
3.529459641868052018e-05 7.945404338325207083e-05 1.493609289252104003e-04 8.660850670130458822e-04 -1.107122813933693111e-03 -3.909743237501066260e-04 3.694247824133267059e-04 0.000000000000000000e+00 -6.594774414804197146e-04 3.086296714942640988e-04 1.716575997194027734e-04 1.503419483836590021e-04
-1.684204207268004752e-04 2.777703890042856980e-04 -8.245342137679284112e-04 -5.358947101831844795e-04 -7.885315357038939538e-05 -4.605068214455177930e-04 -1.609199343453082177e-04 -6.594774414804197146e-04 0.000000000000000000e+00 3.664129019174342796e-04 1.529275407767423205e-03 -7.148185513584939484e-05
-2.196673499744505929e-04 1.912848116798190673e-04 -2.139611456057614501e-04 -7.317379738757760202e-04 -5.305851691746645959e-04 4.230604217368204929e-04 -3.576702728019211719e-04 3.086296714942640988e-04 3.664129019174342796e-04 0.000000000000000000e+00 1.322209290138244510e-04 4.324820320514699687e-04
-4.350645092449991229e-04 1.717062423439157538e-04 1.921059444225956881e-04 1.751132999726384004e-03 1.019273018465096433e-03 1.350977369719764520e-03 8.787789795466903779e-04 1.716575997194027734e-04 1.529275407767423205e-03 1.322209290138244510e-04 0.000000000000000000e+00 -1.494973529998711503e-04
-3.673514813964579343e-04 -9.786751908031566713e-05 3.732358302408561265e-04 5.903960421237801348e-04 7.232127628658874176e-04 -6.562717951702620048e-06 -3.644917450016347009e-04 1.503419483836590021e-04 -7.148185513584939484e-05 4.324820320514699687e-04 -1.494973529998711503e-04 0.000000000000000000e+00
