0.000000000000000000e+00 1.335931302009719994e-05 3.207916818645677507e-04 4.952439092235978073e-04 1.900386191394637771e-04 -4.746001523762639939e-04 6.073776052024573583e-04 3.810307755910923022e-04 -1.987904639300529426e-04 -2.810830591550865423e-04 2.957947375566010199e-04 -2.745698383003305262e-04
1.335931302009719994e-05 0.000000000000000000e+00 4.850114389990022387e-05 -5.123196696506861518e-04 -8.160340718886211278e-04 8.347312394057759257e-04 4.057904592373346862e-04 -7.470661758453890102e-05 -5.194867544606110573e-04 -1.053724473001677644e-04 3.044954285789639348e-04 3.583914127228174205e-05
3.207916818645677507e-04 4.850114389990022387e-05 0.000000000000000000e+00 -7.152274860687017014e-04 8.813642748555465664e-04 -9.762830476328268180e-04 6.910919984182332487e-05 -3.492567987052329652e-04 4.860625983733060868e-04 1.991742062805308656e-04 4.354720710602585964e-04 4.197798857159605428e-04
4.952439092235978073e-04 -5.123196696506861518e-04 -7.152274860687017014e-04 0.000000000000000000e+00 2.249670749374953205e-03 -7.569024687454252312e-04 -1.724459251553486989e-04 -1.863015857244021412e-03 -2.713962313222736695e-03 -1.744381800146430593e-03 2.165266929685913215e-03 3.779793436159685992e-05
1.900386191394637771e-04 -8.160340718886211278e-04 8.813642748555465664e-04 2.249670749374953205e-03 0.000000000000000000e+00 -7.294974233248627520e-04 -1.178246011744562199e-04 5.766758662012219866e-04 6.527578505068754424e-04 -1.470013794300910684e-03 -2.702068604209538266e-04 1.448029803864106990e-04
-4.746001523762639939e-04 8.347312394057759257e-04 -9.762830476328268180e-04 -7.569024687454252312e-04 -7.294974233248627520e-04 0.000000000000000000e+00 -5.721881710085181686e-04 -4.190941781101686046e-04 1.642054757923771049e-03 1.312558939709111420e-05 1.323264594355329921e-03 -4.060191155712376148e-04
6.073776052024573583e-04 4.057904592373346862e-04 6.910919984182332487e-05 -1.724459251553486989e-04 -1.178246011744562199e-04 -5.721881710085181686e-04 0.000000000000000000e+00 -4.592940457537652080e-04 -2.874532188968847361e-04 -1.196493528466878816e-04 5.729947781079727039e-05 1.432235002308673562e-04
3.810307755910923022e-04 -7.470661758453890102e-05 -3.492567987052329652e-04 -1.863015857244021412e-03 5.766758662012219866e-04 -4.190941781101686046e-04 -4.592940457537652080e-04 0.000000000000000000e+00 -2.045254421814772766e-04 3.065118500452924900e-05 5.805734254323067058e-04 -4.622563128958924916e-04
-1.987904639300529426e-04 -5.194867544606110573e-04 4.860625983733060868e-04 -2.713962313222736695e-03 6.527578505068754424e-04 1.642054757923771049e-03 -2.874532188968847361e-04 -2.045254421814772766e-04 0.000000000000000000e+00 6.294456403648067151e-04 1.428563421438685697e-03 2.279591770394248264e-06
-2.810830591550865423e-04 -1.053724473001677644e-04 1.991742062805308656e-04 -1.744381800146430593e-03 -1.470013794300910684e-03 1.312558939709111420e-05 -1.196493528466878816e-04 3.065118500452924900e-05 6.294456403648067151e-04 0.000000000000000000e+00 6.639094949475884098e-04 2.750695211275951767e-05
2.957947375566010199e-04 3.044954285789639348e-04 4.354720710602585964e-04 2.165266929685913215e-03 -2.702068604209538266e-04 1.323264594355329921e-03 5.729947781079727039e-05 5.805734254323067058e-04 1.428563421438685697e-03 6.639094949475884098e-04 0.000000000000000000e+00 -3.663539787561689067e-05
-2.745698383003305262e-04 3.583914127228174205e-05 4.197798857159605428e-04 3.779793436159685992e-05 1.448029803864106990e-04 -4.060191155712376148e-04 1.432235002308673562e-04 -4.622563128958924916e-04 2.279591770394248264e-06 2.750695211275951767e-05 -3.663539787561689067e-05 0.000000000000000000e+00
