0.000000000000000000e+00 -9.448385853488460040e-07 -4.839353821478786159e-04 1.054272422988098302e-03 -1.221252027234143037e-03 5.964045704921993023e-04 -1.719152281993881475e-04 -7.447418150501173333e-06 -2.286814497738203487e-04 -2.319412220514878681e-04 4.436210013248015967e-04 -2.022213350504349747e-04
-9.448385853488460040e-07 0.000000000000000000e+00 -1.550037317445312536e-04 5.874315824972983551e-04 1.535241120876000684e-04 2.771763984723635754e-04 -5.095481053578387398e-04 -2.800341131387628670e-04 -7.579301182943005185e-05 -2.705129779909535626e-04 -2.164746054989427886e-04 3.000254762856064284e-04
-4.839353821478786159e-04 -1.550037317445312536e-04 0.000000000000000000e+00 1.397915126607418243e-04 5.884372940463413436e-04 5.887833589554452868e-04 -2.849011737179410215e-04 -3.163430334119166965e-04 2.831227567624665793e-05 1.421352334129295488e-04 4.898958135411445643e-04 4.443313499220457241e-04
1.054272422988098302e-03 5.874315824972983551e-04 1.397915126607418243e-04 0.000000000000000000e+00 -3.810734615099149215e-04 2.652272611006961395e-03 1.596960057108216076e-03 -1.223943906413957035e-03 -1.521115726552546392e-03 3.664745513780655282e-06 -2.629224710008699287e-03 -7.691482399131048878e-04
-1.221252027234143037e-03 1.535241120876000684e-04 5.884372940463413436e-04 -3.810734615099149215e-04 0.000000000000000000e+00 3.693511382658734902e-04 1.044799175945865417e-03 4.847313577945748563e-04 1.695423909709808073e-03 -1.207016759351379294e-03 -1.884272338618510443e-04 6.206145629264155691e-04
5.964045704921993023e-04 2.771763984723635754e-04 5.887833589554452868e-04 2.652272611006961395e-03 3.693511382658734902e-04 0.000000000000000000e+00 -8.631382295796036479e-04 4.425635520493214963e-04 -1.534854075597352589e-03 -2.083401390461832325e-04 -2.497984567534414831e-03 4.965801610488459637e-04
-1.719152281993881475e-04 -5.095481053578387398e-04 -2.849011737179410215e-04 1.596960057108216076e-03 1.044799175945865417e-03 -8.631382295796036479e-04 0.000000000000000000e+00 -2.657693382143270445e-06 7.562283961709181847e-04 -7.801913978550077938e-04 -1.099437277504632321e-03 -3.603504099705428154e-04
-7.447418150501173333e-06 -2.800341131387628670e-04 -3.163430334119166965e-04 -1.223943906413957035e-03 4.847313577945748563e-04 4.425635520493214963e-04 -2.657693382143270445e-06 0.000000000000000000e+00 7.194908056934897465e-05 2.556859572003086691e-04 1.296364599347737284e-04 3.459132178372215072e-04
-2.286814497738203487e-04 -7.579301182943005185e-05 2.831227567624665793e-05 -1.521115726552546392e-03 1.695423909709808073e-03 -1.534854075597352589e-03 7.562283961709181847e-04 7.194908056934897465e-05 0.000000000000000000e+00 1.312744377248167837e-03 -2.232295156854699827e-03 9.328734723213588339e-05
-2.319412220514878681e-04 -2.705129779909535626e-04 1.421352334129295488e-04 3.664745513780655282e-06 -1.207016759351379294e-03 -2.083401390461832325e-04 -7.801913978550077938e-04 2.556859572003086691e-04 1.312744377248167837e-03 0.000000000000000000e+00 -8.083917343582169152e-04 -4.398482873261388954e-05
4.436210013248015967e-04 -2.164746054989427886e-04 4.898958135411445643e-04 -2.629224710008699287e-03 -1.884272338618510443e-04 -2.497984567534414831e-03 -1.099437277504632321e-03 1.296364599347737284e-04 -2.232295156854699827e-03 -8.083917343582169152e-04 0.000000000000000000e+00 -3.778564709957614172e-04
-2.022213350504349747e-04 3.000254762856064284e-04 4.443313499220457241e-04 -7.691482399131048878e-04 6.206145629264155691e-04 4.965801610488459637e-04 -3.603504099705428154e-04 3.459132178372215072e-04 9.328734723213588339e-05 -4.398482873261388954e-05 -3.778564709957614172e-04 0.000000000000000000e+00
