0.000000000000000000e+00 2.884060700056026525e-03 1.454324390429335458e-04 2.692819134549407148e-04 -1.358411244100496233e-03 -3.466384628273007059e-04 -2.524858829564926785e-03 -3.787907331926105035e-05 9.513382983988496067e-04 -1.923666968032011412e-03 4.486396377451533704e-04 1.494121283553521756e-03
2.884060700056026525e-03 0.000000000000000000e+00 -5.826481838437762035e-04 8.069186777603522915e-04 -7.478257792480217173e-04 -9.335016155776678249e-04 3.004328318980111542e-03 3.209742272386836848e-03 7.139132197900166922e-05 9.754188725096712064e-04 1.265493201905431577e-04 1.057515375630416069e-03
1.454324390429335458e-04 -5.826481838437762035e-04 0.000000000000000000e+00 -2.233610990557208925e-04 3.615662416011368430e-04 3.985343563041069629e-04 2.447708126708385582e-04 7.717451003538630281e-04 5.730919631214404213e-04 -2.648712672495428275e-04 1.245137253571806295e-04 2.453192478927317599e-04
2.692819134549407148e-04 8.069186777603522915e-04 -2.233610990557208925e-04 0.000000000000000000e+00 6.449580268400968502e-05 -2.536240234914791981e-04 3.680966019966247575e-05 -1.017447432499404879e-03 -5.052715918148985817e-04 -2.397740053724380072e-04 2.039736614718432354e-04 3.382844661034835570e-04
-1.358411244100496233e-03 -7.478257792480217173e-04 3.615662416011368430e-04 6.449580268400968502e-05 0.000000000000000000e+00 4.529000621903652205e-04 -1.004532404865922076e-03 7.258311199016855009e-04 -2.488054546482428822e-04 1.285705213670683411e-03 -2.805469107015133608e-05 6.996772183790715563e-04
-3.466384628273007059e-04 -9.335016155776678249e-04 3.985343563041069629e-04 -2.536240234914791981e-04 4.529000621903652205e-04 0.000000000000000000e+00 1.946943860371025425e-04 -1.046258053938114253e-04 -3.722371767053879324e-04 1.817036582477307824e-04 -1.426161818577065786e-04 8.141608043832086663e-04
-2.524858829564926785e-03 3.004328318980111542e-03 2.447708126708385582e-04 3.680966019966247575e-05 -1.004532404865922076e-03 1.946943860371025425e-04 0.000000000000000000e+00 1.435124364440318497e-03 -2.183563450730115684e-04 1.566063656611003984e-03 6.110240549835412082e-04 7.016129236746924546e-05
-3.787907331926105035e-05 3.209742272386836848e-03 7.717451003538630281e-04 -1.017447432499404879e-03 7.258311199016855009e-04 -1.046258053938114253e-04 1.435124364440318497e-03 0.000000000000000000e+00 -3.569531966731901264e-04 -1.365341403897187130e-03 -9.905206241624230773e-04 1.143693111001171676e-03
9.513382983988496067e-04 7.139132197900166922e-05 5.730919631214404213e-04 -5.052715918148985817e-04 -2.488054546482428822e-04 -3.722371767053879324e-04 -2.183563450730115684e-04 -3.569531966731901264e-04 0.000000000000000000e+00 4.875866704782300955e-04 1.743939616054239049e-04 -1.283992398596208687e-04
-1.923666968032011412e-03 9.754188725096712064e-04 -2.648712672495428275e-04 -2.397740053724380072e-04 1.285705213670683411e-03 1.817036582477307824e-04 1.566063656611003984e-03 -1.365341403897187130e-03 4.875866704782300955e-04 0.000000000000000000e+00 -9.060984645743178556e-04 -1.208933281211285737e-03
4.486396377451533704e-04 1.265493201905431577e-04 1.245137253571806295e-04 2.039736614718432354e-04 -2.805469107015133608e-05 -1.426161818577065786e-04 6.110240549835412082e-04 -9.905206241624230773e-04 1.743939616054239049e-04 -9.060984645743178556e-04 0.000000000000000000e+00 2.521448881393962725e-04
1.494121283553521756e-03 1.057515375630416069e-03 2.453192478927317599e-04 3.382844661034835570e-04 6.996772183790715563e-04 8.141608043832086663e-04 7.016129236746924546e-05 1.143693111001171676e-03 -1.283992398596208687e-04 -1.208933281211285737e-03 2.521448881393962725e-04 0.000000000000000000e+00
