0.000000000000000000e+00 -1.814347354755558705e-03 -9.132101664919669345e-04 -6.592736440709485264e-04 4.233299588023485229e-05 1.191794809316315496e-03 4.556432240166726042e-04 1.571549736195310002e-03 1.282545182010045659e-03 -1.522236853340770170e-03 1.233707831858205702e-03 7.821784718785396791e-05
-1.814347354755558705e-03 0.000000000000000000e+00 -6.838852522803883817e-04 -8.708197360668036438e-04 -3.317942392663115179e-04 -4.940373073072005334e-04 -5.862056988621412420e-04 -1.103408957898976235e-03 -1.176422675364980405e-03 -4.689903611488135666e-04 1.466041070301304396e-04 -8.716285975628137355e-04
-9.132101664919669345e-04 -6.838852522803883817e-04 0.000000000000000000e+00 -3.854335699898951478e-04 -1.912712830060640101e-05 -3.269667200851341933e-04 9.983534339175197548e-04 1.407871983390672271e-03 -4.481447594380444442e-04 5.084301286700956650e-04 -3.864889642770745200e-04 3.083821290269601802e-04
-6.592736440709485264e-04 -8.708197360668036438e-04 -3.854335699898951478e-04 0.000000000000000000e+00 -3.126750005367318297e-05 2.926934890439536734e-04 3.450544973258690921e-04 -7.538486353200662461e-05 -3.012913227251849267e-04 7.202897471574193908e-05 3.427867459526901553e-05 1.473803646439820981e-04
4.233299588023485229e-05 -3.317942392663115179e-04 -1.912712830060640101e-05 -3.126750005367318297e-05 0.000000000000000000e+00 1.755399796170934996e-04 2.293602074038824659e-05 -8.213652635054580209e-04 1.083474992070495836e-04 3.611235821562246141e-06 -1.100473791026230445e-04 4.814929205906558749e-04
1.191794809316315496e-03 -4.940373073072005334e-04 -3.269667200851341933e-04 2.926934890439536734e-04 1.755399796170934996e-04 0.000000000000000000e+00 3.215828831083658926e-04 1.700290760473200063e-04 -1.057600598546562016e-04 -8.633955292677015884e-04 -3.145928781125295157e-06 5.217055147582370326e-05
4.556432240166726042e-04 -5.862056988621412420e-04 9.983534339175197548e-04 3.450544973258690921e-04 2.293602074038824659e-05 3.215828831083658926e-04 0.000000000000000000e+00 9.454118779633724186e-04 -1.187387027140425853e-05 -1.294303612484622385e-03 -8.131786627528945696e-04 5.338697189621890125e-04
1.571549736195310002e-03 -1.103408957898976235e-03 1.407871983390672271e-03 -7.538486353200662461e-05 -8.213652635054580209e-04 1.700290760473200063e-04 9.454118779633724186e-04 0.000000000000000000e+00 -1.458751420151900135e-03 -5.521686917680374007e-04 1.368820631525626474e-03 1.420873163054324994e-04
1.282545182010045659e-03 -1.176422675364980405e-03 -4.481447594380444442e-04 -3.012913227251849267e-04 1.083474992070495836e-04 -1.057600598546562016e-04 -1.187387027140425853e-05 -1.458751420151900135e-03 0.000000000000000000e+00 1.231688497772236829e-04 -3.203386785190822641e-04 3.922996853796128515e-04
-1.522236853340770170e-03 -4.689903611488135666e-04 5.084301286700956650e-04 7.202897471574193908e-05 3.611235821562246141e-06 -8.633955292677015884e-04 -1.294303612484622385e-03 -5.521686917680374007e-04 1.231688497772236829e-04 0.000000000000000000e+00 4.409487752892660346e-04 1.195665645289506994e-03
1.233707831858205702e-03 1.466041070301304396e-04 -3.864889642770745200e-04 3.427867459526901553e-05 -1.100473791026230445e-04 -3.145928781125295157e-06 -8.131786627528945696e-04 1.368820631525626474e-03 -3.203386785190822641e-04 4.409487752892660346e-04 0.000000000000000000e+00 3.205377279191025147e-04
7.821784718785396791e-05 -8.716285975628137355e-04 3.083821290269601802e-04 1.473803646439820981e-04 4.814929205906558749e-04 5.217055147582370326e-05 5.338697189621890125e-04 1.420873163054324994e-04 3.922996853796128515e-04 1.195665645289506994e-03 3.205377279191025147e-04 0.000000000000000000e+00
