0.000000000000000000e+00 -2.234532071605968128e-03 3.960733541133925673e-04 5.594763538568726718e-04 -1.280723301017975841e-03 4.327232077443913887e-04 2.682634817444919627e-03 -2.977553001288025646e-03 5.672186433484567320e-04 1.453614397361372747e-03 4.915017476597221744e-05 7.296454578796754843e-04
-2.234532071605968128e-03 0.000000000000000000e+00 6.651695457696789760e-06 -2.944970463507980466e-04 7.646758009230242249e-04 -1.078915447915918500e-03 -1.440510196035484167e-03 1.861960825738625440e-03 -5.120956593140961119e-04 1.312040845815347226e-03 -7.853454683309790425e-04 -8.855326123714414967e-04
3.960733541133925673e-04 6.651695457696789760e-06 0.000000000000000000e+00 3.654664667892475687e-05 2.321851481173222407e-04 8.216802736294348455e-05 5.970793816816093126e-04 5.164044996164231412e-04 -7.603569460754745085e-05 3.947894356148592791e-04 -2.787521466662197544e-04 8.209661967885650846e-05
5.594763538568726718e-04 -2.944970463507980466e-04 3.654664667892475687e-05 0.000000000000000000e+00 -4.431750263371087885e-04 1.735729941446442488e-04 1.951269317796292316e-04 4.044367463492505111e-04 -1.752414273852560085e-04 -6.875252355761982256e-04 -7.615470841143854924e-04 -3.070493277016085728e-04
-1.280723301017975841e-03 7.646758009230242249e-04 2.321851481173222407e-04 -4.431750263371087885e-04 0.000000000000000000e+00 -3.144685551017325771e-04 -4.892149895212501718e-04 7.891614198602723922e-05 5.375771644679352762e-04 9.080230792776167962e-04 -8.174159285630053966e-05 -8.716699920025590008e-05
4.327232077443913887e-04 -1.078915447915918500e-03 8.216802736294348455e-05 1.735729941446442488e-04 -3.144685551017325771e-04 0.000000000000000000e+00 3.971715697371697509e-04 1.121376267840879784e-03 -1.232395004119886243e-04 -9.213732058625534200e-04 4.229353693291110108e-04 -7.016615595115435582e-04
2.682634817444919627e-03 -1.440510196035484167e-03 5.970793816816093126e-04 1.951269317796292316e-04 -4.892149895212501718e-04 3.971715697371697509e-04 0.000000000000000000e+00 -4.253954938762233534e-04 -4.391052071442085969e-04 9.547808825995293940e-04 -2.005788187068699880e-04 1.435551044305114832e-04
-2.977553001288025646e-03 1.861960825738625440e-03 5.164044996164231412e-04 4.044367463492505111e-04 7.891614198602723922e-05 1.121376267840879784e-03 -4.253954938762233534e-04 0.000000000000000000e+00 2.376564585080507706e-04 -1.023849406880596559e-03 3.840751011708943598e-04 -1.114823727015736487e-03
5.672186433484567320e-04 -5.120956593140961119e-04 -7.603569460754745085e-05 -1.752414273852560085e-04 5.375771644679352762e-04 -1.232395004119886243e-04 -4.391052071442085969e-04 2.376564585080507706e-04 0.000000000000000000e+00 -9.026540301631817611e-04 -4.779335235281553362e-04 5.459856421976956679e-05
1.453614397361372747e-03 1.312040845815347226e-03 3.947894356148592791e-04 -6.875252355761982256e-04 9.080230792776167962e-04 -9.213732058625534200e-04 9.547808825995293940e-04 -1.023849406880596559e-03 -9.026540301631817611e-04 0.000000000000000000e+00 -3.037884844617953187e-04 9.607478276773017724e-04
4.915017476597221744e-05 -7.853454683309790425e-04 -2.787521466662197544e-04 -7.615470841143854924e-04 -8.174159285630053966e-05 4.229353693291110108e-04 -2.005788187068699880e-04 3.840751011708943598e-04 -4.779335235281553362e-04 -3.037884844617953187e-04 0.000000000000000000e+00 2.723942733154735736e-04
7.296454578796754843e-04 -8.855326123714414967e-04 8.209661967885650846e-05 -3.070493277016085728e-04 -8.716699920025590008e-05 -7.016615595115435582e-04 1.435551044305114832e-04 -1.114823727015736487e-03 5.459856421976956679e-05 9.607478276773017724e-04 2.723942733154735736e-04 0.000000000000000000e+00
