0.000000000000000000e+00 -5.902943848594931209e-04 6.422114812046349035e-04 4.493695091727385044e-04 -1.251767864666417660e-03 -1.905652116887134224e-04 2.835443570415623797e-04 -1.470430085833824858e-03 -9.221350120369030902e-06 2.876527617650492634e-03 1.322658380529878814e-04 4.143168056589796567e-04
-5.902943848594931209e-04 0.000000000000000000e+00 -7.809144587661093683e-04 -5.723272229732629789e-04 -1.513932908342798716e-03 -1.658941741495928662e-04 -1.264429481370428401e-03 1.073194262601187619e-04 1.631109991355546209e-04 2.541815006055244634e-03 -8.738915481634071478e-04 -7.159823723360528792e-06
6.422114812046349035e-04 -7.809144587661093683e-04 0.000000000000000000e+00 2.758255408714730393e-04 -1.593972251585761696e-04 -4.494380232132331771e-04 -5.478581905093198251e-04 -5.988680447089159446e-04 2.097145489399583542e-04 -3.853930311117592612e-04 -3.568029814724843702e-04 4.020515687440435635e-04
4.493695091727385044e-04 -5.723272229732629789e-04 2.758255408714730393e-04 0.000000000000000000e+00 -1.496004764186893341e-04 -1.888148612548975168e-04 -8.437511390479407025e-04 -1.994998292059940248e-04 -8.865461837804924168e-05 -1.063781381603666172e-03 1.219395884788296574e-04 -1.620222019924472112e-04
-1.251767864666417660e-03 -1.513932908342798716e-03 -1.593972251585761696e-04 -1.496004764186893341e-04 0.000000000000000000e+00 9.206839127899985552e-05 3.658919273841994063e-04 -1.439518039081836166e-03 -1.856837543836537614e-04 -9.945622449796594385e-05 3.973246560982168860e-04 -4.121580264383470425e-04
-1.905652116887134224e-04 -1.658941741495928662e-04 -4.494380232132331771e-04 -1.888148612548975168e-04 9.206839127899985552e-05 0.000000000000000000e+00 -6.551880969452452503e-04 -5.698603431460693347e-04 -4.522909735673301011e-04 7.481019044853120994e-04 -2.723222232850919938e-04 -3.146135868687584963e-04
2.835443570415623797e-04 -1.264429481370428401e-03 -5.478581905093198251e-04 -8.437511390479407025e-04 3.658919273841994063e-04 -6.551880969452452503e-04 0.000000000000000000e+00 1.962500599639444704e-03 1.174921485988927265e-03 7.320684063086542546e-04 -3.004511195485624290e-04 -3.467303402644002154e-04
-1.470430085833824858e-03 1.073194262601187619e-04 -5.988680447089159446e-04 -1.994998292059940248e-04 -1.439518039081836166e-03 -5.698603431460693347e-04 1.962500599639444704e-03 0.000000000000000000e+00 2.873022536725478330e-04 -2.125358329304153325e-03 2.616351341889224772e-04 1.273563173834044507e-03
-9.221350120369030902e-06 1.631109991355546209e-04 2.097145489399583542e-04 -8.865461837804924168e-05 -1.856837543836537614e-04 -4.522909735673301011e-04 1.174921485988927265e-03 2.873022536725478330e-04 0.000000000000000000e+00 4.964035377060974997e-04 -8.600446349536654321e-05 -3.686117290304311147e-05
2.876527617650492634e-03 2.541815006055244634e-03 -3.853930311117592612e-04 -1.063781381603666172e-03 -9.945622449796594385e-05 7.481019044853120994e-04 7.320684063086542546e-04 -2.125358329304153325e-03 4.964035377060974997e-04 0.000000000000000000e+00 4.429252516271048865e-04 -1.723382757884558633e-04
1.322658380529878814e-04 -8.738915481634071478e-04 -3.568029814724843702e-04 1.219395884788296574e-04 3.973246560982168860e-04 -2.723222232850919938e-04 -3.004511195485624290e-04 2.616351341889224772e-04 -8.600446349536654321e-05 4.429252516271048865e-04 0.000000000000000000e+00 -7.802872166525696420e-05
4.143168056589796567e-04 -7.159823723360528792e-06 4.020515687440435635e-04 -1.620222019924472112e-04 -4.121580264383470425e-04 -3.146135868687584963e-04 -3.467303402644002154e-04 1.273563173834044507e-03 -3.686117290304311147e-05 -1.723382757884558633e-04 -7.802872166525696420e-05 0.000000000000000000e+00
