0.000000000000000000e+00 -6.540480465884231792e-04 1.531615698951800794e-03 1.549482808379580535e-04 -1.001585487944086977e-03 -2.948077490030500238e-04 -8.229064351865019182e-05 -1.452224319558165742e-04 3.481687683121624988e-05 -1.631457052749459859e-04 7.242812143775953330e-04 -1.012880250383345641e-03
-6.540480465884231792e-04 0.000000000000000000e+00 -4.858980253916027900e-04 1.510410929586090511e-04 -2.116118632076469021e-03 9.469915507502061020e-05 -5.347098098888488759e-04 -1.890426250822526929e-04 -5.936701789135727858e-04 -1.017462015573216989e-03 5.403459006104048470e-04 -5.331622981753347942e-04
1.531615698951800794e-03 -4.858980253916027900e-04 0.000000000000000000e+00 6.294065221541946626e-04 -2.142133134926032644e-03 -1.545480904439687866e-04 -8.539501488954156583e-04 7.296340720186802456e-04 6.125514010010441350e-04 8.662626489212242858e-04 -6.411170292952472391e-05 -4.802513443701173629e-05
1.549482808379580535e-04 1.510410929586090511e-04 6.294065221541946626e-04 0.000000000000000000e+00 3.068363188604943787e-04 4.009932539939173031e-04 5.788368851816422852e-04 9.458311295436471356e-04 2.709497176247080001e-05 -6.873967404550194050e-04 3.306493137898550735e-04 4.923698382088639699e-06
-1.001585487944086977e-03 -2.116118632076469021e-03 -2.142133134926032644e-03 3.068363188604943787e-04 0.000000000000000000e+00 6.424062669397967527e-04 -1.518100395702745402e-03 8.560902118305289184e-04 -2.525285481245360061e-05 -2.537962747029123833e-03 1.627465117306564233e-03 -7.810253112131858343e-04
-2.948077490030500238e-04 9.469915507502061020e-05 -1.545480904439687866e-04 4.009932539939173031e-04 6.424062669397967527e-04 0.000000000000000000e+00 -2.977108979702535146e-04 1.014703125771826051e-04 -3.230030978660826803e-04 1.162795963492170809e-04 -5.786574505082383527e-04 6.821559767549448738e-04
-8.229064351865019182e-05 -5.347098098888488759e-04 -8.539501488954156583e-04 5.788368851816422852e-04 -1.518100395702745402e-03 -2.977108979702535146e-04 0.000000000000000000e+00 3.147521663932926019e-04 -5.191966724941847770e-04 8.860359361984416560e-04 6.263890773034533344e-04 -4.378045163188338498e-04
-1.452224319558165742e-04 -1.890426250822526929e-04 7.296340720186802456e-04 9.458311295436471356e-04 8.560902118305289184e-04 1.014703125771826051e-04 3.147521663932926019e-04 0.000000000000000000e+00 2.548018039840667425e-04 9.147337840774682474e-04 4.679213942904628635e-05 5.461403844390593345e-04
3.481687683121624988e-05 -5.936701789135727858e-04 6.125514010010441350e-04 2.709497176247080001e-05 -2.525285481245360061e-05 -3.230030978660826803e-04 -5.191966724941847770e-04 2.548018039840667425e-04 0.000000000000000000e+00 1.359153462476923825e-03 -1.088572737688855855e-03 -3.001481305208907263e-04
-1.631457052749459859e-04 -1.017462015573216989e-03 8.662626489212242858e-04 -6.873967404550194050e-04 -2.537962747029123833e-03 1.162795963492170809e-04 8.860359361984416560e-04 9.147337840774682474e-04 1.359153462476923825e-03 0.000000000000000000e+00 1.055764571592399982e-03 1.544888645958030675e-03
7.242812143775953330e-04 5.403459006104048470e-04 -6.411170292952472391e-05 3.306493137898550735e-04 1.627465117306564233e-03 -5.786574505082383527e-04 6.263890773034533344e-04 4.679213942904628635e-05 -1.088572737688855855e-03 1.055764571592399982e-03 0.000000000000000000e+00 8.693746022393197348e-05
-1.012880250383345641e-03 -5.331622981753347942e-04 -4.802513443701173629e-05 4.923698382088639699e-06 -7.810253112131858343e-04 6.821559767549448738e-04 -4.378045163188338498e-04 5.461403844390593345e-04 -3.001481305208907263e-04 1.544888645958030675e-03 8.693746022393197348e-05 0.000000000000000000e+00
