0.000000000000000000e+00 2.209003003530635222e-04 -5.665351517313897776e-04 4.389020117816367760e-04 -1.046810103513464308e-03 8.484081099402757001e-05 8.138964543125141646e-05 1.296754565950243435e-04 -7.306153016825516584e-04 9.397814685378303801e-04 -1.026737589332795948e-04 1.246452900485499208e-03
2.209003003530635222e-04 0.000000000000000000e+00 -5.753140118468656121e-05 3.842583193134593064e-04 -2.404326737783262955e-04 -4.190288816410971508e-04 -1.189770988336495125e-04 3.098036331464742565e-04 3.101266406733202007e-04 1.166444854464819200e-03 6.926669935855945355e-04 -6.262777158499023122e-04
-5.665351517313897776e-04 -5.753140118468656121e-05 0.000000000000000000e+00 -4.407920907229271809e-04 1.856059193914691126e-03 -4.076968995793407951e-04 -4.992728448839426876e-04 4.353236992056055705e-04 5.182659785697975264e-04 9.895270651947784234e-04 6.670212594526744691e-04 2.106845315276752986e-04
4.389020117816367760e-04 3.842583193134593064e-04 -4.407920907229271809e-04 0.000000000000000000e+00 6.038641526721115699e-04 -1.031064127774358199e-04 -1.343554251606926596e-04 5.766336432849688111e-04 1.241464641697650974e-04 -1.007939536573637098e-03 1.425262033137992190e-03 9.817297133209188040e-04
-1.046810103513464308e-03 -2.404326737783262955e-04 1.856059193914691126e-03 6.038641526721115699e-04 0.000000000000000000e+00 8.747917040129049191e-04 2.051157855803870979e-03 9.113232754201001538e-04 -2.602788110424731401e-03 -3.682975007580868015e-03 -2.354732051540090344e-03 8.917758091009422839e-05
8.484081099402757001e-05 -4.190288816410971508e-04 -4.076968995793407951e-04 -1.031064127774358199e-04 8.747917040129049191e-04 0.000000000000000000e+00 -1.776281363397499426e-04 -1.600960427357856202e-04 -3.675656670877299804e-04 5.179600040013772810e-04 -4.242986780414746196e-04 5.604039535186388374e-04
8.138964543125141646e-05 -1.189770988336495125e-04 -4.992728448839426876e-04 -1.343554251606926596e-04 2.051157855803870979e-03 -1.776281363397499426e-04 0.000000000000000000e+00 1.324501498566897547e-05 5.958903522897274077e-04 -1.104498297011903551e-03 -1.113203042633814557e-03 -9.425925439168652328e-04
1.296754565950243435e-04 3.098036331464742565e-04 4.353236992056055705e-04 5.766336432849688111e-04 9.113232754201001538e-04 -1.600960427357856202e-04 1.324501498566897547e-05 0.000000000000000000e+00 -5.769767770914387096e-04 2.777277049222958479e-04 5.678506524020935227e-05 -4.549598007761790418e-04
-7.306153016825516584e-04 3.101266406733202007e-04 5.182659785697975264e-04 1.241464641697650974e-04 -2.602788110424731401e-03 -3.675656670877299804e-04 5.958903522897274077e-04 -5.769767770914387096e-04 0.000000000000000000e+00 -3.540948355809421131e-04 1.375621480783850931e-03 -4.540417159801063917e-04
9.397814685378303801e-04 1.166444854464819200e-03 9.895270651947784234e-04 -1.007939536573637098e-03 -3.682975007580868015e-03 5.179600040013772810e-04 -1.104498297011903551e-03 2.777277049222958479e-04 -3.540948355809421131e-04 0.000000000000000000e+00 -2.079881050566342784e-03 -1.419950351466897371e-03
-1.026737589332795948e-04 6.926669935855945355e-04 6.670212594526744691e-04 1.425262033137992190e-03 -2.354732051540090344e-03 -4.242986780414746196e-04 -1.113203042633814557e-03 5.678506524020935227e-05 1.375621480783850931e-03 -2.079881050566342784e-03 0.000000000000000000e+00 -2.105297805782728796e-04
1.246452900485499208e-03 -6.262777158499023122e-04 2.106845315276752986e-04 9.817297133209188040e-04 8.917758091009422839e-05 5.604039535186388374e-04 -9.425925439168652328e-04 -4.549598007761790418e-04 -4.540417159801063917e-04 -1.419950351466897371e-03 -2.105297805782728796e-04 0.000000000000000000e+00
