0.000000000000000000e+00 3.073891394728624389e-04 5.418312006539928753e-04 1.719356767771308778e-04 -4.027354663350963919e-04 9.517532987468661055e-06 4.258643251963994589e-04 -4.183756034541154722e-04 2.448241193354120889e-04 -1.147120244815514386e-03 9.332247557731559399e-04 8.077565804277437060e-04
3.073891394728624389e-04 0.000000000000000000e+00 3.478711487788372627e-04 -3.380139527558249902e-04 9.390598770626082045e-04 -1.703064322548983301e-04 3.772058690188164658e-04 -2.143399438485702461e-05 -2.512855760503720799e-04 -6.316613186014726194e-04 -3.462076630254060767e-04 6.317135959160418823e-04
5.418312006539928753e-04 3.478711487788372627e-04 0.000000000000000000e+00 -4.170761341331985831e-04 -2.100371387867278408e-03 2.247329077844987784e-04 -2.693180758787463731e-04 2.112738507861016118e-04 3.969658099874985601e-04 -7.216032125460416623e-04 -2.338691055186771766e-03 7.434983157912786406e-04
1.719356767771308778e-04 -3.380139527558249902e-04 -4.170761341331985831e-04 0.000000000000000000e+00 9.317243131291994213e-04 2.641156294964727854e-04 2.687464962756243737e-04 -3.570113904592077327e-04 4.645259025799167597e-04 1.908466461976761471e-03 3.299926987029177150e-04 -1.967655278898391047e-04
-4.027354663350963919e-04 9.390598770626082045e-04 -2.100371387867278408e-03 9.317243131291994213e-04 0.000000000000000000e+00 8.878166189643557204e-05 8.574526651633459281e-04 1.234335509525568905e-03 -8.073599930637901149e-05 1.802145625066269583e-03 3.693306699094357206e-04 2.365905355676618544e-03
9.517532987468661055e-06 -1.703064322548983301e-04 2.247329077844987784e-04 2.641156294964727854e-04 8.878166189643557204e-05 0.000000000000000000e+00 1.207266911015757296e-04 1.263314239216996988e-04 -2.299032727238258336e-04 3.254847127147424916e-04 1.771683684455438315e-04 -3.827865851643376437e-04
4.258643251963994589e-04 3.772058690188164658e-04 -2.693180758787463731e-04 2.687464962756243737e-04 8.574526651633459281e-04 1.207266911015757296e-04 0.000000000000000000e+00 2.928437178636150565e-04 -4.510197263338066979e-05 -7.702692019474696727e-04 -3.146790380917353328e-04 -2.036144917257625987e-06
-4.183756034541154722e-04 -2.143399438485702461e-05 2.112738507861016118e-04 -3.570113904592077327e-04 1.234335509525568905e-03 1.263314239216996988e-04 2.928437178636150565e-04 0.000000000000000000e+00 -6.060156002545475957e-05 -2.924743149830613675e-04 -3.999457985957677688e-04 -5.506533827758586588e-04
2.448241193354120889e-04 -2.512855760503720799e-04 3.969658099874985601e-04 4.645259025799167597e-04 -8.073599930637901149e-05 -2.299032727238258336e-04 -4.510197263338066979e-05 -6.060156002545475957e-05 0.000000000000000000e+00 1.421244835413115206e-04 -2.416346077802559848e-04 -5.813053337425090167e-05
-1.147120244815514386e-03 -6.316613186014726194e-04 -7.216032125460416623e-04 1.908466461976761471e-03 1.802145625066269583e-03 3.254847127147424916e-04 -7.702692019474696727e-04 -2.924743149830613675e-04 1.421244835413115206e-04 0.000000000000000000e+00 -2.373716766274394738e-03 1.074176696425225685e-03
9.332247557731559399e-04 -3.462076630254060767e-04 -2.338691055186771766e-03 3.299926987029177150e-04 3.693306699094357206e-04 1.771683684455438315e-04 -3.146790380917353328e-04 -3.999457985957677688e-04 -2.416346077802559848e-04 -2.373716766274394738e-03 0.000000000000000000e+00 -7.873268580679026237e-04
8.077565804277437060e-04 6.317135959160418823e-04 7.434983157912786406e-04 -1.967655278898391047e-04 2.365905355676618544e-03 -3.827865851643376437e-04 -2.036144917257625987e-06 -5.506533827758586588e-04 -5.813053337425090167e-05 1.074176696425225685e-03 -7.873268580679026237e-04 0.000000000000000000e+00
