0.000000000000000000e+00 2.395007832540171401e-04 4.611254511774959177e-04 -8.095273630061476460e-05 3.232036327202379944e-05 1.984420206166794605e-04 3.019870255734395052e-04 4.029332318356844384e-05 -3.072442933214310288e-04 -2.211612852561241067e-04 -7.095650918939508910e-04 -5.835859039164497915e-04
2.395007832540171401e-04 0.000000000000000000e+00 8.914683401236964295e-04 -3.285710832002606955e-04 1.037961398496464347e-03 4.552579542778239521e-04 -2.492930346578100284e-04 1.363760159764630827e-04 6.264970883758670108e-04 -3.765371369907328613e-04 7.601821328635863240e-04 -4.866743658842636108e-05
4.611254511774959177e-04 8.914683401236964295e-04 0.000000000000000000e+00 5.331674451077826355e-04 3.181803748370020009e-03 7.557701033241130554e-04 -2.846234738995555725e-04 8.626633812802584006e-05 -1.632515895800060857e-05 2.315017795200826570e-03 1.277723933170270797e-03 -8.690583942640875501e-04
-8.095273630061476460e-05 -3.285710832002606955e-04 5.331674451077826355e-04 0.000000000000000000e+00 1.528789481931756454e-03 2.601807804661471061e-04 6.128373655629905511e-05 2.054389085822768053e-04 4.017498039588493822e-04 -4.584802504355689175e-04 -9.547462401482341128e-04 -7.473849802154038796e-04
3.232036327202379944e-05 1.037961398496464347e-03 3.181803748370020009e-03 1.528789481931756454e-03 0.000000000000000000e+00 1.428458959227180010e-05 5.014369865133034079e-04 -2.293380484132047251e-04 2.627677815635369929e-04 -1.940598093715432092e-03 6.383787906299269173e-05 9.495740807332257814e-04
1.984420206166794605e-04 4.552579542778239521e-04 7.557701033241130554e-04 2.601807804661471061e-04 1.428458959227180010e-05 0.000000000000000000e+00 1.128452940485846702e-04 2.811986548781542279e-04 -2.131388272557057555e-04 7.229295628536408416e-04 -5.277215771463280211e-06 -3.270044690563873608e-04
3.019870255734395052e-04 -2.492930346578100284e-04 -2.846234738995555725e-04 6.128373655629905511e-05 5.014369865133034079e-04 1.128452940485846702e-04 0.000000000000000000e+00 3.649344802768751542e-04 7.865774390606743204e-04 -1.011132879480635977e-03 -6.165527576965637233e-04 -3.317069553082062101e-04
4.029332318356844384e-05 1.363760159764630827e-04 8.626633812802584006e-05 2.054389085822768053e-04 -2.293380484132047251e-04 2.811986548781542279e-04 3.649344802768751542e-04 0.000000000000000000e+00 -1.487924024927265879e-04 -2.962296133559697594e-04 3.219580456199206656e-04 5.268962754457245023e-04
-3.072442933214310288e-04 6.264970883758670108e-04 -1.632515895800060857e-05 4.017498039588493822e-04 2.627677815635369929e-04 -2.131388272557057555e-04 7.865774390606743204e-04 -1.487924024927265879e-04 0.000000000000000000e+00 2.357920135362978370e-04 4.087754769672397948e-04 -4.004455762066466652e-04
-2.211612852561241067e-04 -3.765371369907328613e-04 2.315017795200826570e-03 -4.584802504355689175e-04 -1.940598093715432092e-03 7.229295628536408416e-04 -1.011132879480635977e-03 -2.962296133559697594e-04 2.357920135362978370e-04 0.000000000000000000e+00 -5.872640637256574484e-04 1.836644350614790146e-03
-7.095650918939508910e-04 7.601821328635863240e-04 1.277723933170270797e-03 -9.547462401482341128e-04 6.383787906299269173e-05 -5.277215771463280211e-06 -6.165527576965637233e-04 3.219580456199206656e-04 4.087754769672397948e-04 -5.872640637256574484e-04 0.000000000000000000e+00 1.410632199906853212e-03
-5.835859039164497915e-04 -4.866743658842636108e-05 -8.690583942640875501e-04 -7.473849802154038796e-04 9.495740807332257814e-04 -3.270044690563873608e-04 -3.317069553082062101e-04 5.268962754457245023e-04 -4.004455762066466652e-04 1.836644350614790146e-03 1.410632199906853212e-03 0.000000000000000000e+00
