0.000000000000000000e+00 8.918529870887234199e-05 1.089502389406418954e-04 -4.747094541564989863e-05 4.043020841110520460e-04 8.675473982720438505e-05 -1.567566124396803514e-04 1.647292955556425560e-04 -2.088102329625356570e-04 8.079703575445567644e-04 -4.995646225747699251e-04 8.697398646898079711e-05
8.918529870887234199e-05 0.000000000000000000e+00 1.369060723079383709e-04 -5.521681565190276813e-04 5.920101086251770145e-04 -1.750644748590036027e-04 -5.266541617075643205e-04 -4.618240846077731007e-04 -2.338014854568938678e-06 -1.061093850337302023e-03 -5.174092292291857962e-04 5.471051635848964839e-04
1.089502389406418954e-04 1.369060723079383709e-04 0.000000000000000000e+00 -5.436741380422044703e-04 -2.333779049487948263e-03 -2.190578541876888566e-04 1.245097687543558892e-03 2.097729347571323177e-04 3.705945853126969557e-06 2.167956657410889144e-03 3.375399147607632128e-04 8.899326279377711604e-05
-4.747094541564989863e-05 -5.521681565190276813e-04 -5.436741380422044703e-04 0.000000000000000000e+00 3.195510436116251116e-04 4.997659364689349465e-04 -1.661098508954483713e-04 1.258164492923866401e-05 -2.083745744569103387e-04 8.103364381482087292e-04 6.061021779358021248e-04 -1.040881107049268847e-04
4.043020841110520460e-04 5.920101086251770145e-04 -2.333779049487948263e-03 3.195510436116251116e-04 0.000000000000000000e+00 5.830686298424954958e-04 1.584480585574798268e-05 7.226205457355449604e-04 -1.080276844767937916e-03 -1.901615064825712019e-03 3.485063881742189295e-03 -2.323801433750771316e-03
8.675473982720438505e-05 -1.750644748590036027e-04 -2.190578541876888566e-04 4.997659364689349465e-04 5.830686298424954958e-04 0.000000000000000000e+00 6.118912134621837880e-05 2.141965081743007831e-04 1.991240095247855959e-04 -3.066056319709745711e-04 -3.630883365725164026e-04 4.684611438200383840e-04
-1.567566124396803514e-04 -5.266541617075643205e-04 1.245097687543558892e-03 -1.661098508954483713e-04 1.584480585574798268e-05 6.118912134621837880e-05 0.000000000000000000e+00 1.548762094819434147e-05 -1.427128998977878231e-04 1.108359212010614960e-03 -8.534715858343271903e-04 5.950841024211387325e-05
1.647292955556425560e-04 -4.618240846077731007e-04 2.097729347571323177e-04 1.258164492923866401e-05 7.226205457355449604e-04 2.141965081743007831e-04 1.548762094819434147e-05 0.000000000000000000e+00 4.004098458843142073e-04 1.134317300349111605e-03 3.182117273838242812e-05 -1.720962429800476222e-04
-2.088102329625356570e-04 -2.338014854568938678e-06 3.705945853126969557e-06 -2.083745744569103387e-04 -1.080276844767937916e-03 1.991240095247855959e-04 -1.427128998977878231e-04 4.004098458843142073e-04 0.000000000000000000e+00 -1.642864039245583302e-04 -5.814361390492933006e-04 9.999173364691127321e-05
8.079703575445567644e-04 -1.061093850337302023e-03 2.167956657410889144e-03 8.103364381482087292e-04 -1.901615064825712019e-03 -3.066056319709745711e-04 1.108359212010614960e-03 1.134317300349111605e-03 -1.642864039245583302e-04 0.000000000000000000e+00 -1.782194747386295613e-03 5.332497490155391163e-04
-4.995646225747699251e-04 -5.174092292291857962e-04 3.375399147607632128e-04 6.061021779358021248e-04 3.485063881742189295e-03 -3.630883365725164026e-04 -8.534715858343271903e-04 3.182117273838242812e-05 -5.814361390492933006e-04 -1.782194747386295613e-03 0.000000000000000000e+00 -3.646378110119684779e-04
8.697398646898079711e-05 5.471051635848964839e-04 8.899326279377711604e-05 -1.040881107049268847e-04 -2.323801433750771316e-03 4.684611438200383840e-04 5.950841024211387325e-05 -1.720962429800476222e-04 9.999173364691127321e-05 5.332497490155391163e-04 -3.646378110119684779e-04 0.000000000000000000e+00
