0.000000000000000000e+00 3.408844045196881569e-04 -3.534913541206642640e-04 -6.412332311068333823e-04 -3.289888802009344388e-04 -1.599878021967421262e-03 8.746870277705476847e-05 -4.515952133750339523e-04 1.056523904294305203e-03 6.118701779095342538e-04 4.885181588489934893e-04 -6.369968924128360365e-04
3.408844045196881569e-04 0.000000000000000000e+00 -2.910573507410907953e-04 -1.277157179095811433e-03 -8.789945299852893997e-04 2.372582175503523422e-03 1.406256220456152291e-03 1.395547886168024831e-03 -7.585427954758525767e-05 -1.066328965546277114e-03 -1.483764887649738047e-03 -1.692704938934321712e-05
-3.534913541206642640e-04 -2.910573507410907953e-04 0.000000000000000000e+00 4.994557317587827944e-04 -3.736417944544972742e-05 -5.870672485957826670e-04 -1.670422286511024507e-04 1.653034189370628014e-04 5.198542725027096743e-04 3.924470305093417759e-04 -4.174268028999054535e-04 -2.523502803531303877e-05
-6.412332311068333823e-04 -1.277157179095811433e-03 4.994557317587827944e-04 0.000000000000000000e+00 -1.075257764294338737e-04 1.087082110570971065e-03 -4.512925448432136789e-04 6.169253728067604445e-04 -3.656447336050675737e-04 4.678633402445924318e-04 -4.502087040961197427e-04 -5.379676966500279017e-05
-3.289888802009344388e-04 -8.789945299852893997e-04 -3.736417944544972742e-05 -1.075257764294338737e-04 0.000000000000000000e+00 -3.268925569470758742e-04 1.822275698556899274e-04 2.439446810972163942e-04 -1.304278108995719266e-04 -1.785330855647174544e-04 4.529526308674966528e-04 -1.997778574472523284e-04
-1.599878021967421262e-03 2.372582175503523422e-03 -5.870672485957826670e-04 1.087082110570971065e-03 -3.268925569470758742e-04 0.000000000000000000e+00 -3.274503299564394672e-04 1.944194626371268872e-03 -1.288013571148501069e-03 1.611201312394688065e-03 -2.068131722689338023e-03 -1.134051655079005433e-03
8.746870277705476847e-05 1.406256220456152291e-03 -1.670422286511024507e-04 -4.512925448432136789e-04 1.822275698556899274e-04 -3.274503299564394672e-04 0.000000000000000000e+00 1.485356636919832590e-03 4.593639304918048223e-04 -4.639174045060191179e-04 -8.360135744977589692e-04 2.982936657633149594e-04
-4.515952133750339523e-04 1.395547886168024831e-03 1.653034189370628014e-04 6.169253728067604445e-04 2.439446810972163942e-04 1.944194626371268872e-03 1.485356636919832590e-03 0.000000000000000000e+00 4.216355320735122678e-04 1.879385447024226790e-03 -2.265468229423289964e-04 -6.355788197473920698e-04
1.056523904294305203e-03 -7.585427954758525767e-05 5.198542725027096743e-04 -3.656447336050675737e-04 -1.304278108995719266e-04 -1.288013571148501069e-03 4.593639304918048223e-04 4.216355320735122678e-04 0.000000000000000000e+00 2.023312229730711705e-04 4.058366709098678855e-04 -5.977424075104273773e-04
6.118701779095342538e-04 -1.066328965546277114e-03 3.924470305093417759e-04 4.678633402445924318e-04 -1.785330855647174544e-04 1.611201312394688065e-03 -4.639174045060191179e-04 1.879385447024226790e-03 2.023312229730711705e-04 0.000000000000000000e+00 -5.797656481852087301e-04 -1.976209274313535250e-04
4.885181588489934893e-04 -1.483764887649738047e-03 -4.174268028999054535e-04 -4.502087040961197427e-04 4.529526308674966528e-04 -2.068131722689338023e-03 -8.360135744977589692e-04 -2.265468229423289964e-04 4.058366709098678855e-04 -5.797656481852087301e-04 0.000000000000000000e+00 6.258317196198711577e-04
-6.369968924128360365e-04 -1.692704938934321712e-05 -2.523502803531303877e-05 -5.379676966500279017e-05 -1.997778574472523284e-04 -1.134051655079005433e-03 2.982936657633149594e-04 -6.355788197473920698e-04 -5.977424075104273773e-04 -1.976209274313535250e-04 6.258317196198711577e-04 0.000000000000000000e+00
