0.000000000000000000e+00 4.562250328854782389e-04 -3.857007362769800823e-04 6.887866939029894725e-04 -3.200451620480323578e-04 4.851951356295389640e-04 4.735604460955875387e-04 6.956690900004535924e-04 1.303205931792951651e-04 -3.065783624911721204e-04 -3.275258083134864628e-04 -4.949567971093054803e-07
4.562250328854782389e-04 0.000000000000000000e+00 3.271004372951332459e-04 2.280092688018537164e-03 1.105671021584988699e-03 -2.977099450465277037e-03 -1.330467794666614955e-03 2.296744061235876048e-03 1.199434356179829861e-03 -4.686060218896036201e-04 1.894811689703857220e-04 -1.722354997533298581e-04
-3.857007362769800823e-04 3.271004372951332459e-04 0.000000000000000000e+00 4.923412219382922693e-04 4.502195725472714685e-05 1.255856239249535837e-03 3.265875040008369779e-04 9.155347222396497796e-04 -2.158078214824672443e-04 -3.893025303416214290e-04 -5.473372275357390104e-04 -1.062998104500587277e-04
6.887866939029894725e-04 2.280092688018537164e-03 4.923412219382922693e-04 0.000000000000000000e+00 5.432441661844428530e-04 1.988988851201235059e-03 -2.909089955462855126e-05 4.310058174327712497e-04 -7.225224812662088157e-04 -2.561028268995991087e-04 -2.353096770984074864e-04 -2.399250434161213696e-05
-3.200451620480323578e-04 1.105671021584988699e-03 4.502195725472714685e-05 5.432441661844428530e-04 0.000000000000000000e+00 2.562398180543153255e-04 1.035092842215863683e-05 -2.132667210291528748e-04 -2.981737425426204827e-04 3.804254166227068646e-04 7.219272324986706268e-05 1.081464399019245568e-04
4.851951356295389640e-04 -2.977099450465277037e-03 1.255856239249535837e-03 1.988988851201235059e-03 2.562398180543153255e-04 0.000000000000000000e+00 -3.428466718170683426e-04 -4.012904337131145346e-03 -1.375791141933030122e-03 -1.552890281316842563e-03 -8.896536527973427809e-04 5.914938550421335690e-04
4.735604460955875387e-04 -1.330467794666614955e-03 3.265875040008369779e-04 -2.909089955462855126e-05 1.035092842215863683e-05 -3.428466718170683426e-04 0.000000000000000000e+00 1.444102014761622756e-03 -6.102623284822935364e-04 -1.663608441318784373e-04 8.574890387570531384e-05 -1.660369776644636216e-04
6.956690900004535924e-04 2.296744061235876048e-03 9.155347222396497796e-04 4.310058174327712497e-04 -2.132667210291528748e-04 -4.012904337131145346e-03 1.444102014761622756e-03 0.000000000000000000e+00 3.513127001464468415e-04 3.187839094384792228e-04 -1.361562561112097513e-03 -3.520280675968046709e-04
1.303205931792951651e-04 1.199434356179829861e-03 -2.158078214824672443e-04 -7.225224812662088157e-04 -2.981737425426204827e-04 -1.375791141933030122e-03 -6.102623284822935364e-04 3.513127001464468415e-04 0.000000000000000000e+00 -7.254788702413844832e-04 -1.064565405810151850e-04 2.909375806312725098e-04
-3.065783624911721204e-04 -4.686060218896036201e-04 -3.893025303416214290e-04 -2.561028268995991087e-04 3.804254166227068646e-04 -1.552890281316842563e-03 -1.663608441318784373e-04 3.187839094384792228e-04 -7.254788702413844832e-04 0.000000000000000000e+00 -7.802271133575217565e-05 3.640216058244316534e-04
-3.275258083134864628e-04 1.894811689703857220e-04 -5.473372275357390104e-04 -2.353096770984074864e-04 7.219272324986706268e-05 -8.896536527973427809e-04 8.574890387570531384e-05 -1.361562561112097513e-03 -1.064565405810151850e-04 -7.802271133575217565e-05 0.000000000000000000e+00 4.070087059533024923e-05
-4.949567971093054803e-07 -1.722354997533298581e-04 -1.062998104500587277e-04 -2.399250434161213696e-05 1.081464399019245568e-04 5.914938550421335690e-04 -1.660369776644636216e-04 -3.520280675968046709e-04 2.909375806312725098e-04 3.640216058244316534e-04 4.070087059533024923e-05 0.000000000000000000e+00
