0.000000000000000000e+00 8.752534929088502278e-04 -3.086513219939780945e-04 -8.118381961076281581e-05 9.031383242539177414e-05 2.290576208055047479e-03 5.587092477299079917e-04 -1.573343244220240503e-05 -2.652267968603891140e-04 5.534474966761881217e-04 1.006667974775114294e-03 -2.736417314943255931e-04
8.752534929088502278e-04 0.000000000000000000e+00 1.105003277234046719e-03 -1.349494759401221504e-04 -4.467370448101644787e-05 -4.025450174639150225e-03 -1.263292529385782071e-04 -1.711137559852815094e-04 -1.113998624015189506e-03 2.054315290058895439e-03 1.479735202263102352e-03 3.179781852601490291e-04
-3.086513219939780945e-04 1.105003277234046719e-03 0.000000000000000000e+00 5.880613145388170499e-04 -6.238637728551839302e-04 -1.494660281362560723e-03 2.714570917861755159e-04 -3.772974750599008848e-04 -5.273458315270312859e-04 1.717901092209343599e-04 -1.453072181262265094e-04 -3.182506103100599332e-04
-8.118381961076281581e-05 -1.349494759401221504e-04 5.880613145388170499e-04 0.000000000000000000e+00 -1.933569550352161629e-04 -7.119617447776173955e-04 8.679190369751847234e-05 -5.470046212526133954e-04 -5.059808558006549011e-04 -3.429112993536977518e-04 1.345912562288620340e-04 -8.448577660998327337e-04
9.031383242539177414e-05 -4.467370448101644787e-05 -6.238637728551839302e-04 -1.933569550352161629e-04 0.000000000000000000e+00 5.463062499156989046e-04 -4.261522157929241742e-04 5.028686946491671373e-04 1.275960172834740254e-04 6.655799399818602708e-05 1.812648117205851886e-04 2.061769081144363227e-04
2.290576208055047479e-03 -4.025450174639150225e-03 -1.494660281362560723e-03 -7.119617447776173955e-04 5.463062499156989046e-04 0.000000000000000000e+00 -1.647918130610205166e-05 -5.401953542896506099e-04 -1.383727595395744820e-03 -1.391137805933051821e-03 6.155837107766079855e-04 -1.391922444075883569e-03
5.587092477299079917e-04 -1.263292529385782071e-04 2.714570917861755159e-04 8.679190369751847234e-05 -4.261522157929241742e-04 -1.647918130610205166e-05 0.000000000000000000e+00 7.024386201814337679e-04 1.684942871036716099e-04 -1.708225805788652827e-04 8.953750938464450585e-04 2.228027742317711685e-04
-1.573343244220240503e-05 -1.711137559852815094e-04 -3.772974750599008848e-04 -5.470046212526133954e-04 5.028686946491671373e-04 -5.401953542896506099e-04 7.024386201814337679e-04 0.000000000000000000e+00 2.550689338700069917e-04 9.326533506687640761e-04 -3.166075327352443187e-04 5.452410965571711328e-04
-2.652267968603891140e-04 -1.113998624015189506e-03 -5.273458315270312859e-04 -5.059808558006549011e-04 1.275960172834740254e-04 -1.383727595395744820e-03 1.684942871036716099e-04 2.550689338700069917e-04 0.000000000000000000e+00 -3.852595426825159959e-04 -4.260929124928982846e-04 2.244358754579548702e-04
5.534474966761881217e-04 2.054315290058895439e-03 1.717901092209343599e-04 -3.429112993536977518e-04 6.655799399818602708e-05 -1.391137805933051821e-03 -1.708225805788652827e-04 9.326533506687640761e-04 -3.852595426825159959e-04 0.000000000000000000e+00 -4.375728482889406691e-06 -4.573778225682419634e-05
1.006667974775114294e-03 1.479735202263102352e-03 -1.453072181262265094e-04 1.345912562288620340e-04 1.812648117205851886e-04 6.155837107766079855e-04 8.953750938464450585e-04 -3.166075327352443187e-04 -4.260929124928982846e-04 -4.375728482889406691e-06 0.000000000000000000e+00 1.179447102378133530e-04
-2.736417314943255931e-04 3.179781852601490291e-04 -3.182506103100599332e-04 -8.448577660998327337e-04 2.061769081144363227e-04 -1.391922444075883569e-03 2.228027742317711685e-04 5.452410965571711328e-04 2.244358754579548702e-04 -4.573778225682419634e-05 1.179447102378133530e-04 0.000000000000000000e+00
