0.000000000000000000e+00 -2.280480856083399793e-04 -2.204626825284701204e-04 1.375779539933293973e-03 -7.212452324559801616e-05 -2.227217956348414175e-03 8.219639504548976105e-04 1.611154330877028308e-03 2.950579011243234189e-05 -2.249475831156014856e-04 -5.780575604048263701e-04 -4.287883621907697686e-04
-2.280480856083399793e-04 0.000000000000000000e+00 4.140628579659764020e-04 4.030493389038977258e-04 -9.604519850786831991e-04 -1.647409491134700903e-03 -1.683890370304988449e-03 -2.583287904628587400e-03 1.277599933319003601e-03 -1.195013855290880198e-03 -1.058326896178265987e-03 -1.224720882626065223e-03
-2.204626825284701204e-04 4.140628579659764020e-04 0.000000000000000000e+00 -4.909418513451758352e-04 -3.055862804502438093e-04 1.068525603187664820e-03 5.015626575270378017e-04 2.560300050529006706e-04 7.318771054958176205e-04 -4.355852176353652936e-04 -3.229396358030547421e-04 4.655610202698175324e-04
1.375779539933293973e-03 4.030493389038977258e-04 -4.909418513451758352e-04 0.000000000000000000e+00 2.977805617525538010e-04 -1.895337808331887296e-03 6.741822951842888541e-04 -6.230126014531190163e-04 5.672331670192402300e-04 4.940301925145168180e-04 3.226001184360927283e-04 3.624787977319473479e-04
-7.212452324559801616e-05 -9.604519850786831991e-04 -3.055862804502438093e-04 2.977805617525538010e-04 0.000000000000000000e+00 5.000275985650986382e-04 -3.810518758785515258e-04 -3.382909242757638235e-04 2.786497118096249769e-04 -2.730342211237053534e-04 -3.342727568456297206e-04 2.693415037356572807e-04
-2.227217956348414175e-03 -1.647409491134700903e-03 1.068525603187664820e-03 -1.895337808331887296e-03 5.000275985650986382e-04 0.000000000000000000e+00 -2.115089905598353803e-03 1.610749319296873741e-03 7.310446441719936628e-04 -1.611575194429952518e-04 1.701475677179207493e-03 5.645840755634472371e-04
8.219639504548976105e-04 -1.683890370304988449e-03 5.015626575270378017e-04 6.741822951842888541e-04 -3.810518758785515258e-04 -2.115089905598353803e-03 0.000000000000000000e+00 2.700811160183622128e-04 9.638784537217383113e-05 3.154093783607663307e-04 -3.688990503153877676e-04 5.187211464950136934e-04
1.611154330877028308e-03 -2.583287904628587400e-03 2.560300050529006706e-04 -6.230126014531190163e-04 -3.382909242757638235e-04 1.610749319296873741e-03 2.700811160183622128e-04 0.000000000000000000e+00 7.180286463463658644e-04 -2.422255246026031581e-04 -4.846453239506181540e-05 -9.918172887489510269e-05
2.950579011243234189e-05 1.277599933319003601e-03 7.318771054958176205e-04 5.672331670192402300e-04 2.786497118096249769e-04 7.310446441719936628e-04 9.638784537217383113e-05 7.180286463463658644e-04 0.000000000000000000e+00 2.235066224620059548e-04 1.027195077173989293e-05 -4.645675094500700738e-05
-2.249475831156014856e-04 -1.195013855290880198e-03 -4.355852176353652936e-04 4.940301925145168180e-04 -2.730342211237053534e-04 -1.611575194429952518e-04 3.154093783607663307e-04 -2.422255246026031581e-04 2.235066224620059548e-04 0.000000000000000000e+00 1.024931024919847845e-03 -1.183242000117792886e-04
-5.780575604048263701e-04 -1.058326896178265987e-03 -3.229396358030547421e-04 3.226001184360927283e-04 -3.342727568456297206e-04 1.701475677179207493e-03 -3.688990503153877676e-04 -4.846453239506181540e-05 1.027195077173989293e-05 1.024931024919847845e-03 0.000000000000000000e+00 4.284144049904306311e-04
-4.287883621907697686e-04 -1.224720882626065223e-03 4.655610202698175324e-04 3.624787977319473479e-04 2.693415037356572807e-04 5.645840755634472371e-04 5.187211464950136934e-04 -9.918172887489510269e-05 -4.645675094500700738e-05 -1.183242000117792886e-04 4.284144049904306311e-04 0.000000000000000000e+00
