0.000000000000000000e+00 1.480343172007061222e-03 8.216012673825822581e-04 -1.448287757947446918e-04 2.356738389317202540e-04 8.389961221091061941e-04 3.206749626426537002e-03 -7.006948497351618696e-04 6.748378599720244357e-04 -6.114294228453496941e-04 -1.338382408399136497e-03 -3.646130621395754002e-04
1.480343172007061222e-03 0.000000000000000000e+00 1.124798676502245702e-03 -9.212920709486320482e-04 -1.109619774319238071e-04 -6.850078852503962718e-04 -4.982990799390520434e-03 2.789602527565242869e-04 -1.171287785486960464e-04 6.270309803896289549e-04 -1.552540250853344647e-03 1.661964647448170964e-03
8.216012673825822581e-04 1.124798676502245702e-03 0.000000000000000000e+00 3.733963653992007116e-04 4.814745167497362817e-04 -2.161702035547639585e-04 -6.971779053832513314e-04 -2.814201094174125211e-04 -1.560720416881583974e-04 -8.105449629923205804e-05 2.498240475695775076e-04 9.552385189458062129e-04
-1.448287757947446918e-04 -9.212920709486320482e-04 3.733963653992007116e-04 0.000000000000000000e+00 -3.369863102720264980e-04 -3.618844932817605244e-04 9.383613007881644189e-04 -2.537174589758021720e-04 -6.786212835545095098e-05 1.122982988565300328e-04 2.165275409128658991e-04 2.156458900497927513e-04
2.356738389317202540e-04 -1.109619774319238071e-04 4.814745167497362817e-04 -3.369863102720264980e-04 0.000000000000000000e+00 7.362847051381662001e-04 1.123583544889949614e-03 -1.671685953395718666e-04 -2.623049828517508742e-04 4.974903052040196725e-04 6.511693256505210882e-05 2.163611914610497706e-04
8.389961221091061941e-04 -6.850078852503962718e-04 -2.161702035547639585e-04 -3.618844932817605244e-04 7.362847051381662001e-04 0.000000000000000000e+00 2.164587461529933130e-03 4.058954252973231589e-04 4.833278313144423730e-06 -1.688520971088494063e-04 -3.760201109316163451e-04 1.476720920177034555e-03
3.206749626426537002e-03 -4.982990799390520434e-03 -6.971779053832513314e-04 9.383613007881644189e-04 1.123583544889949614e-03 2.164587461529933130e-03 0.000000000000000000e+00 1.123369456504463284e-03 5.238838231028956818e-04 -3.013729564552622246e-03 -5.545253428118628210e-04 -2.465077367623694487e-03
-7.006948497351618696e-04 2.789602527565242869e-04 -2.814201094174125211e-04 -2.537174589758021720e-04 -1.671685953395718666e-04 4.058954252973231589e-04 1.123369456504463284e-03 0.000000000000000000e+00 1.792981580432766707e-04 -1.152039586563858567e-04 8.277749346114002954e-05 4.152135485300539495e-04
6.748378599720244357e-04 -1.171287785486960464e-04 -1.560720416881583974e-04 -6.786212835545095098e-05 -2.623049828517508742e-04 4.833278313144423730e-06 5.238838231028956818e-04 1.792981580432766707e-04 0.000000000000000000e+00 3.566862615810073361e-04 -4.395315547978443879e-04 4.689535520938230452e-05
-6.114294228453496941e-04 6.270309803896289549e-04 -8.105449629923205804e-05 1.122982988565300328e-04 4.974903052040196725e-04 -1.688520971088494063e-04 -3.013729564552622246e-03 -1.152039586563858567e-04 3.566862615810073361e-04 0.000000000000000000e+00 -1.289719953679221954e-04 -7.479920819951172426e-04
-1.338382408399136497e-03 -1.552540250853344647e-03 2.498240475695775076e-04 2.165275409128658991e-04 6.511693256505210882e-05 -3.760201109316163451e-04 -5.545253428118628210e-04 8.277749346114002954e-05 -4.395315547978443879e-04 -1.289719953679221954e-04 0.000000000000000000e+00 -7.991753060896924967e-04
-3.646130621395754002e-04 1.661964647448170964e-03 9.552385189458062129e-04 2.156458900497927513e-04 2.163611914610497706e-04 1.476720920177034555e-03 -2.465077367623694487e-03 4.152135485300539495e-04 4.689535520938230452e-05 -7.479920819951172426e-04 -7.991753060896924967e-04 0.000000000000000000e+00
