0.000000000000000000e+00 -1.247388278546307646e-03 -4.254547744913657033e-04 1.552596325221481418e-04 7.015769163114970357e-04 1.082033087613323320e-03 -2.371696213593511762e-03 -4.385989434454443310e-04 -8.404617376124596390e-04 2.840996000875920901e-04 5.294360403257213771e-04 -1.475304136410440867e-03
-1.247388278546307646e-03 0.000000000000000000e+00 1.022780095373061380e-04 -3.570693635404202670e-04 6.037959618114118344e-04 9.809806672401843314e-04 -4.544005784378325036e-04 -9.381213465299368922e-04 1.719084656044627757e-03 6.139942730651587856e-04 9.714964088873056028e-04 1.072077085692735516e-03
-4.254547744913657033e-04 1.022780095373061380e-04 0.000000000000000000e+00 2.041655083891257677e-04 -2.916517164641676467e-04 6.976271228636301149e-06 1.517643658315075356e-03 -4.544342931039325973e-04 -3.733174958424220974e-04 3.547892842617017908e-04 4.854449083153673881e-05 -1.131007397255420489e-04
1.552596325221481418e-04 -3.570693635404202670e-04 2.041655083891257677e-04 0.000000000000000000e+00 -1.595347300738450688e-04 2.590350725959258689e-04 -6.855408517587197612e-04 8.130573251607993326e-05 3.083913590328287314e-04 4.716922853397536929e-05 -2.529646235021465049e-04 2.491300008887517678e-04
7.015769163114970357e-04 6.037959618114118344e-04 -2.916517164641676467e-04 -1.595347300738450688e-04 0.000000000000000000e+00 -7.526441627959636798e-05 -1.877175076077243189e-05 -3.321574461890958955e-04 -2.171249999576212533e-04 3.194830192982661275e-05 3.351684372472275202e-04 8.797978968817254421e-04
1.082033087613323320e-03 9.809806672401843314e-04 6.976271228636301149e-06 2.590350725959258689e-04 -7.526441627959636798e-05 0.000000000000000000e+00 1.203417458108570421e-03 7.705403267891788388e-04 -1.266056116856699822e-04 5.210910286545589794e-04 6.003023031940142064e-04 3.242926908399008067e-04
-2.371696213593511762e-03 -4.544005784378325036e-04 1.517643658315075356e-03 -6.855408517587197612e-04 -1.877175076077243189e-05 1.203417458108570421e-03 0.000000000000000000e+00 1.304463700374031403e-03 -2.215726235937848145e-03 5.044282606937369046e-04 1.395906007362677018e-03 1.718324853045343371e-03
-4.385989434454443310e-04 -9.381213465299368922e-04 -4.544342931039325973e-04 8.130573251607993326e-05 -3.321574461890958955e-04 7.705403267891788388e-04 1.304463700374031403e-03 0.000000000000000000e+00 1.675106610836105429e-04 -3.410360497553480814e-04 -1.869594632297649273e-04 -1.753795453474250442e-04
-8.404617376124596390e-04 1.719084656044627757e-03 -3.733174958424220974e-04 3.083913590328287314e-04 -2.171249999576212533e-04 -1.266056116856699822e-04 -2.215726235937848145e-03 1.675106610836105429e-04 0.000000000000000000e+00 -5.282423552353108414e-04 2.201867389224324738e-04 1.301972432249168515e-04
2.840996000875920901e-04 6.139942730651587856e-04 3.547892842617017908e-04 4.716922853397536929e-05 3.194830192982661275e-05 5.210910286545589794e-04 5.044282606937369046e-04 -3.410360497553480814e-04 -5.282423552353108414e-04 0.000000000000000000e+00 -2.377751107658036128e-04 6.025061100053749749e-04
5.294360403257213771e-04 9.714964088873056028e-04 4.854449083153673881e-05 -2.529646235021465049e-04 3.351684372472275202e-04 6.003023031940142064e-04 1.395906007362677018e-03 -1.869594632297649273e-04 2.201867389224324738e-04 -2.377751107658036128e-04 0.000000000000000000e+00 -7.410518053815319224e-04
-1.475304136410440867e-03 1.072077085692735516e-03 -1.131007397255420489e-04 2.491300008887517678e-04 8.797978968817254421e-04 3.242926908399008067e-04 1.718324853045343371e-03 -1.753795453474250442e-04 1.301972432249168515e-04 6.025061100053749749e-04 -7.410518053815319224e-04 0.000000000000000000e+00
