0.000000000000000000e+00 2.156376516763842434e-03 6.344236116535813610e-04 4.702057365735930411e-04 8.815830681579722326e-04 -2.441467226564916033e-04 3.906134921310876131e-04 -5.474177343680268048e-04 6.107956112709083979e-05 2.476149953658758271e-04 9.539683277230663746e-04 -1.823982963917202330e-04
2.156376516763842434e-03 0.000000000000000000e+00 9.150540429635725572e-05 -8.703847150143037125e-04 -6.080153446317336854e-04 1.016779778591332456e-03 -1.913284357697439065e-03 -8.902760881181576939e-04 1.033875877354981923e-03 1.471369730038851568e-03 1.702969707348432951e-04 -1.604497119822471040e-03
6.344236116535813610e-04 9.150540429635725572e-05 0.000000000000000000e+00 4.089956523674315560e-04 1.285923052498603460e-04 8.410623071293569456e-04 -4.297529008361268728e-04 -1.972161371484640574e-04 1.450255059076249167e-04 -4.161220679082158324e-04 -1.946678215376187343e-04 3.127753062699607811e-04
4.702057365735930411e-04 -8.703847150143037125e-04 4.089956523674315560e-04 0.000000000000000000e+00 -2.074657740907570906e-04 8.151768036735294485e-04 -2.306813006975669939e-04 2.954410258241516474e-04 -5.385543185552587849e-04 3.797514790344326758e-04 2.966697779036257397e-04 -1.779923302116122579e-04
8.815830681579722326e-04 -6.080153446317336854e-04 1.285923052498603460e-04 -2.074657740907570906e-04 0.000000000000000000e+00 -6.874872014868983186e-04 -9.029036970731799247e-04 -3.058973887140359099e-04 -2.821568455604068354e-04 -5.166102166976253678e-04 2.028660331538024086e-04 2.789129106263140215e-04
-2.441467226564916033e-04 1.016779778591332456e-03 8.410623071293569456e-04 8.151768036735294485e-04 -6.874872014868983186e-04 0.000000000000000000e+00 -1.342678203449733116e-03 2.084707626216374587e-04 5.570665456225074708e-05 -5.860586851799409747e-04 -1.714921642221418571e-04 3.509542762854845092e-04
3.906134921310876131e-04 -1.913284357697439065e-03 -4.297529008361268728e-04 -2.306813006975669939e-04 -9.029036970731799247e-04 -1.342678203449733116e-03 0.000000000000000000e+00 -1.408599576709146763e-03 9.962154738214980439e-04 2.414075440896221939e-04 -6.429540456577740540e-04 -1.895711520233605554e-03
-5.474177343680268048e-04 -8.902760881181576939e-04 -1.972161371484640574e-04 2.954410258241516474e-04 -3.058973887140359099e-04 2.084707626216374587e-04 -1.408599576709146763e-03 0.000000000000000000e+00 3.991223323922207539e-04 2.428754365380941943e-05 7.272528630508656462e-05 4.964578074369897673e-05
6.107956112709083979e-05 1.033875877354981923e-03 1.450255059076249167e-04 -5.385543185552587849e-04 -2.821568455604068354e-04 5.570665456225074708e-05 9.962154738214980439e-04 3.991223323922207539e-04 0.000000000000000000e+00 -4.560686881780802882e-04 6.352033313646571590e-04 7.960900915958610529e-04
2.476149953658758271e-04 1.471369730038851568e-03 -4.161220679082158324e-04 3.797514790344326758e-04 -5.166102166976253678e-04 -5.860586851799409747e-04 2.414075440896221939e-04 2.428754365380941943e-05 -4.560686881780802882e-04 0.000000000000000000e+00 6.898567654973963501e-04 -5.633066638483404109e-04
9.539683277230663746e-04 1.702969707348432951e-04 -1.946678215376187343e-04 2.966697779036257397e-04 2.028660331538024086e-04 -1.714921642221418571e-04 -6.429540456577740540e-04 7.272528630508656462e-05 6.352033313646571590e-04 6.898567654973963501e-04 0.000000000000000000e+00 8.100289221408019406e-04
-1.823982963917202330e-04 -1.604497119822471040e-03 3.127753062699607811e-04 -1.779923302116122579e-04 2.789129106263140215e-04 3.509542762854845092e-04 -1.895711520233605554e-03 4.964578074369897673e-05 7.960900915958610529e-04 -5.633066638483404109e-04 8.100289221408019406e-04 0.000000000000000000e+00
