0.000000000000000000e+00 -5.812039072856282169e-04 1.645536669838792412e-04 -3.900323776112706573e-04 -8.464731564281655985e-04 1.097934443817358795e-03 3.830506196409363398e-04 4.291775858597113714e-04 6.405201379158215582e-04 6.897943967527391451e-04 8.879895334542723447e-04 -9.504753611265289587e-04
-5.812039072856282169e-04 0.000000000000000000e+00 2.033444813988107035e-04 -3.852856124809768737e-04 -1.465015220943587061e-03 -2.074216203504574991e-03 -1.816768823022553393e-03 -9.897091473969601635e-04 3.403063645821524088e-04 4.649467604209191478e-04 1.836114344137351826e-04 1.048049100962206837e-04
1.645536669838792412e-04 2.033444813988107035e-04 0.000000000000000000e+00 2.863595093935814343e-04 1.965576101730214388e-04 2.261959301851133137e-04 5.192657179846392815e-04 -2.995786810075895914e-05 -1.543645900452817734e-04 -6.872643567840974223e-04 9.844648081488191309e-04 -4.740347492762927799e-04
-3.900323776112706573e-04 -3.852856124809768737e-04 2.863595093935814343e-04 0.000000000000000000e+00 3.137066969289477336e-04 1.712493317741893388e-04 6.677042246279799292e-04 1.421348252661932242e-04 3.301436899565362128e-04 9.560147247753144565e-06 2.181896775167658695e-04 3.157807672963410905e-04
-8.464731564281655985e-04 -1.465015220943587061e-03 1.965576101730214388e-04 3.137066969289477336e-04 0.000000000000000000e+00 2.453511881956950197e-04 1.458379289195628915e-03 -4.811182654651036724e-04 -6.305843832128653088e-04 -4.126171281684429238e-04 4.400338996482849527e-04 7.953571845688876612e-05
1.097934443817358795e-03 -2.074216203504574991e-03 2.261959301851133137e-04 1.712493317741893388e-04 2.453511881956950197e-04 0.000000000000000000e+00 -1.023615690992537349e-03 -9.690218659334663752e-05 -6.394218635043241858e-04 -6.424666176238925247e-04 -5.712586108557728094e-04 -1.750176426801931025e-04
3.830506196409363398e-04 -1.816768823022553393e-03 5.192657179846392815e-04 6.677042246279799292e-04 1.458379289195628915e-03 -1.023615690992537349e-03 0.000000000000000000e+00 9.219553172056680007e-04 3.085406395354002747e-04 7.373838248793114329e-04 1.748317412413172886e-04 2.233147995463494184e-03
4.291775858597113714e-04 -9.897091473969601635e-04 -2.995786810075895914e-05 1.421348252661932242e-04 -4.811182654651036724e-04 -9.690218659334663752e-05 9.219553172056680007e-04 0.000000000000000000e+00 3.284103190351601149e-04 1.036040357741079172e-03 2.682736759805449478e-04 7.001010036230276160e-04
6.405201379158215582e-04 3.403063645821524088e-04 -1.543645900452817734e-04 3.301436899565362128e-04 -6.305843832128653088e-04 -6.394218635043241858e-04 3.085406395354002747e-04 3.284103190351601149e-04 0.000000000000000000e+00 -7.122762856801126722e-04 1.621937000173146462e-05 3.466754457065371179e-04
6.897943967527391451e-04 4.649467604209191478e-04 -6.872643567840974223e-04 9.560147247753144565e-06 -4.126171281684429238e-04 -6.424666176238925247e-04 7.373838248793114329e-04 1.036040357741079172e-03 -7.122762856801126722e-04 0.000000000000000000e+00 7.738594942847880180e-04 7.886205838492843165e-04
8.879895334542723447e-04 1.836114344137351826e-04 9.844648081488191309e-04 2.181896775167658695e-04 4.400338996482849527e-04 -5.712586108557728094e-04 1.748317412413172886e-04 2.682736759805449478e-04 1.621937000173146462e-05 7.738594942847880180e-04 0.000000000000000000e+00 9.906356010914974496e-04
-9.504753611265289587e-04 1.048049100962206837e-04 -4.740347492762927799e-04 3.157807672963410905e-04 7.953571845688876612e-05 -1.750176426801931025e-04 2.233147995463494184e-03 7.001010036230276160e-04 3.466754457065371179e-04 7.886205838492843165e-04 9.906356010914974496e-04 0.000000000000000000e+00
