0.000000000000000000e+00 -7.630777355539961288e-05 -6.381481701123611309e-05 -3.327231310585978858e-04 2.303830377451921482e-03 -7.622057367167248002e-04 5.293368499335919736e-04 1.117886421826767319e-03 5.542589439267152926e-04 4.492533767405576311e-04 -6.296035328198616460e-04 -6.397329732912717488e-04
-7.630777355539961288e-05 0.000000000000000000e+00 2.323370629908056545e-04 7.086058265245285702e-04 3.136516845281762445e-04 -1.046652469693555310e-04 4.971759851993618525e-04 3.725978032505748976e-04 1.151843087647252408e-04 -4.987338268988226455e-04 1.406373119334466720e-04 1.325040811844066947e-04
-6.381481701123611309e-05 2.323370629908056545e-04 0.000000000000000000e+00 1.866422114482323158e-04 -8.407119062559944645e-04 1.477767421493597513e-04 4.232012256256081651e-05 7.361909458348657887e-04 -2.785250963507508444e-04 5.763829536249567365e-04 4.997941467754438150e-04 -6.341932008722833431e-04
-3.327231310585978858e-04 7.086058265245285702e-04 1.866422114482323158e-04 0.000000000000000000e+00 6.591836993095070377e-04 -1.300102334389676133e-03 -2.421908624021642587e-04 -1.973731658482551145e-04 4.908568693037426147e-04 1.731706925390984935e-04 -3.964048080360406336e-04 -8.389964955480457964e-04
2.303830377451921482e-03 3.136516845281762445e-04 -8.407119062559944645e-04 6.591836993095070377e-04 0.000000000000000000e+00 1.281881169359272389e-03 1.652508761108134594e-04 -1.288692649193568613e-03 -8.819155947896858624e-04 2.746959991836215144e-04 -7.213134850754244999e-05 -1.264436456937858503e-03
-7.622057367167248002e-04 -1.046652469693555310e-04 1.477767421493597513e-04 -1.300102334389676133e-03 1.281881169359272389e-03 0.000000000000000000e+00 -9.505165922072525406e-06 -1.051426800864754748e-04 3.161260352899862808e-04 9.226391924772233419e-04 1.204977639058121613e-03 -3.926741498782273707e-04
5.293368499335919736e-04 4.971759851993618525e-04 4.232012256256081651e-05 -2.421908624021642587e-04 1.652508761108134594e-04 -9.505165922072525406e-06 0.000000000000000000e+00 -1.959016213628602060e-04 -2.776976444821073107e-04 3.422895654232269044e-05 1.644282183169243990e-04 1.706545129897427896e-04
1.117886421826767319e-03 3.725978032505748976e-04 7.361909458348657887e-04 -1.973731658482551145e-04 -1.288692649193568613e-03 -1.051426800864754748e-04 -1.959016213628602060e-04 0.000000000000000000e+00 8.934310372358891545e-04 -7.983463386058762103e-04 -2.240568596666185825e-04 1.713853672558790552e-04
5.542589439267152926e-04 1.151843087647252408e-04 -2.785250963507508444e-04 4.908568693037426147e-04 -8.819155947896858624e-04 3.161260352899862808e-04 -2.776976444821073107e-04 8.934310372358891545e-04 0.000000000000000000e+00 7.223199632477162032e-05 6.317486972501828394e-05 2.512233319327571561e-05
4.492533767405576311e-04 -4.987338268988226455e-04 5.763829536249567365e-04 1.731706925390984935e-04 2.746959991836215144e-04 9.226391924772233419e-04 3.422895654232269044e-05 -7.983463386058762103e-04 7.223199632477162032e-05 0.000000000000000000e+00 -4.342795713724538877e-04 -5.454210646603379101e-05
-6.296035328198616460e-04 1.406373119334466720e-04 4.997941467754438150e-04 -3.964048080360406336e-04 -7.213134850754244999e-05 1.204977639058121613e-03 1.644282183169243990e-04 -2.240568596666185825e-04 6.317486972501828394e-05 -4.342795713724538877e-04 0.000000000000000000e+00 -3.162443672540334212e-04
-6.397329732912717488e-04 1.325040811844066947e-04 -6.341932008722833431e-04 -8.389964955480457964e-04 -1.264436456937858503e-03 -3.926741498782273707e-04 1.706545129897427896e-04 1.713853672558790552e-04 2.512233319327571561e-05 -5.454210646603379101e-05 -3.162443672540334212e-04 0.000000000000000000e+00
