0.000000000000000000e+00 -1.750107314933013357e-04 -1.770368097948143927e-04 1.155753031879094448e-03 1.326941749195634635e-05 1.047861049500180839e-03 -1.286120078444962195e-04 6.430642431349785620e-04 3.296844380328339732e-04 3.243020970995003690e-04 -4.510111931250754161e-04 7.222084103346540669e-04
-1.750107314933013357e-04 0.000000000000000000e+00 -1.951501456226183273e-05 3.185869525246055661e-04 9.148996118871304244e-04 -5.849865591877150797e-05 3.693877355404636526e-04 -1.121869825020505826e-04 1.245959763373036124e-05 -3.965098176648479606e-04 8.542653224371340884e-05 -4.032683898643361019e-04
-1.770368097948143927e-04 -1.951501456226183273e-05 0.000000000000000000e+00 -1.328391618933272419e-03 1.176046285269384539e-03 2.020522578467182431e-04 4.038783268636503341e-04 2.588171705340795866e-04 3.284085454984150246e-04 6.653478624804052893e-04 -3.274509956095845932e-04 -1.505806271933721738e-04
1.155753031879094448e-03 3.185869525246055661e-04 -1.328391618933272419e-03 0.000000000000000000e+00 -1.362427212039775534e-03 1.710676283995851308e-03 1.360611736676559450e-03 -9.572479959341363134e-04 8.608476573000497633e-04 -2.134395551101563992e-03 1.902021855873658887e-04 6.256159183382820933e-04
1.326941749195634635e-05 9.148996118871304244e-04 1.176046285269384539e-03 -1.362427212039775534e-03 0.000000000000000000e+00 -7.296435359803234719e-04 1.205186555966991863e-03 1.548976197828177319e-03 -5.499107422939347864e-04 -3.152981397316045528e-03 -1.245754578066443792e-04 1.126181066151172834e-03
1.047861049500180839e-03 -5.849865591877150797e-05 2.020522578467182431e-04 1.710676283995851308e-03 -7.296435359803234719e-04 0.000000000000000000e+00 -8.347668304412454157e-04 -4.795777959012865739e-04 -5.141104386485842751e-04 -9.231130216848219437e-04 -1.419001544028648766e-04 3.976132682183882577e-04
-1.286120078444962195e-04 3.693877355404636526e-04 4.038783268636503341e-04 1.360611736676559450e-03 1.205186555966991863e-03 -8.347668304412454157e-04 0.000000000000000000e+00 -5.257544493132542676e-04 5.693198028476360167e-05 3.167958693188111961e-04 -4.461129474560453960e-04 4.157654074303772655e-04
6.430642431349785620e-04 -1.121869825020505826e-04 2.588171705340795866e-04 -9.572479959341363134e-04 1.548976197828177319e-03 -4.795777959012865739e-04 -5.257544493132542676e-04 0.000000000000000000e+00 7.929402881716798857e-04 -9.911670533058196571e-04 1.774410320743888711e-05 8.113695809536705227e-04
3.296844380328339732e-04 1.245959763373036124e-05 3.284085454984150246e-04 8.608476573000497633e-04 -5.499107422939347864e-04 -5.141104386485842751e-04 5.693198028476360167e-05 7.929402881716798857e-04 0.000000000000000000e+00 1.076757361601182209e-05 3.213482357653092128e-05 -1.173191730590716095e-04
3.243020970995003690e-04 -3.965098176648479606e-04 6.653478624804052893e-04 -2.134395551101563992e-03 -3.152981397316045528e-03 -9.231130216848219437e-04 3.167958693188111961e-04 -9.911670533058196571e-04 1.076757361601182209e-05 0.000000000000000000e+00 -2.997138483437776133e-04 -6.360818391214060783e-04
-4.510111931250754161e-04 8.542653224371340884e-05 -3.274509956095845932e-04 1.902021855873658887e-04 -1.245754578066443792e-04 -1.419001544028648766e-04 -4.461129474560453960e-04 1.774410320743888711e-05 3.213482357653092128e-05 -2.997138483437776133e-04 0.000000000000000000e+00 2.983791226792025211e-05
7.222084103346540669e-04 -4.032683898643361019e-04 -1.505806271933721738e-04 6.256159183382820933e-04 1.126181066151172834e-03 3.976132682183882577e-04 4.157654074303772655e-04 8.113695809536705227e-04 -1.173191730590716095e-04 -6.360818391214060783e-04 2.983791226792025211e-05 0.000000000000000000e+00
