0.000000000000000000e+00 9.438119255363574547e-05 5.778365812136993223e-04 1.450521895871648322e-03 -6.503652796478397950e-04 -5.176667753640068053e-05 4.649497799700328250e-04 9.350889797609665197e-04 -7.565964199278388171e-04 8.116298570716243017e-04 -4.244182487067383377e-04 3.623722152884058831e-04
9.438119255363574547e-05 0.000000000000000000e+00 4.157671053570574887e-04 -3.630044562078513855e-04 -7.381883699997644158e-04 3.527763455816664310e-04 -6.178632271036152001e-05 2.516816221959775925e-04 -1.520803956851237120e-04 -1.106978328383133699e-04 -5.152049389933174633e-05 -3.695830713017348769e-05
5.778365812136993223e-04 4.157671053570574887e-04 0.000000000000000000e+00 7.357923288117791064e-04 -1.114091464478290461e-03 -5.819581305763595535e-04 -1.371215005373143184e-04 1.149719083861959262e-03 3.909902022567587269e-04 4.200093692477743345e-04 3.551029374485990836e-05 -2.874127981405182682e-04
1.450521895871648322e-03 -3.630044562078513855e-04 7.357923288117791064e-04 0.000000000000000000e+00 -5.318572301467649165e-03 -5.598931807176868013e-04 1.081238959131934890e-03 -3.310391159550884425e-03 6.377177706183166563e-04 9.294800503820676565e-04 -1.117259940504623187e-03 2.126650316373626085e-04
-6.503652796478397950e-04 -7.381883699997644158e-04 -1.114091464478290461e-03 -5.318572301467649165e-03 0.000000000000000000e+00 -8.082099681189418381e-04 3.056042270409561955e-04 1.573325092264305988e-03 -9.987711792566602383e-05 2.615375951667539556e-03 -3.239838958361103676e-03 -7.062912318963716300e-04
-5.176667753640068053e-05 3.527763455816664310e-04 -5.819581305763595535e-04 -5.598931807176868013e-04 -8.082099681189418381e-04 0.000000000000000000e+00 -8.202736706319944341e-04 -3.486787150120586190e-04 2.948553762440989817e-04 7.340648598222774884e-04 2.300945601765005868e-04 9.611076185628474261e-04
4.649497799700328250e-04 -6.178632271036152001e-05 -1.371215005373143184e-04 1.081238959131934890e-03 3.056042270409561955e-04 -8.202736706319944341e-04 0.000000000000000000e+00 2.400153340110526199e-04 -3.235334365449592329e-04 3.555626800775572253e-04 -1.591687527216282101e-05 2.603640234387472703e-04
9.350889797609665197e-04 2.516816221959775925e-04 1.149719083861959262e-03 -3.310391159550884425e-03 1.573325092264305988e-03 -3.486787150120586190e-04 2.400153340110526199e-04 0.000000000000000000e+00 -5.953794063266984091e-05 6.453783332692654287e-04 1.760028461308854033e-03 6.710980689916781110e-04
-7.565964199278388171e-04 -1.520803956851237120e-04 3.909902022567587269e-04 6.377177706183166563e-04 -9.987711792566602383e-05 2.948553762440989817e-04 -3.235334365449592329e-04 -5.953794063266984091e-05 0.000000000000000000e+00 1.000929972611021897e-03 -1.621603071686493545e-04 2.868409602019320829e-04
8.116298570716243017e-04 -1.106978328383133699e-04 4.200093692477743345e-04 9.294800503820676565e-04 2.615375951667539556e-03 7.340648598222774884e-04 3.555626800775572253e-04 6.453783332692654287e-04 1.000929972611021897e-03 0.000000000000000000e+00 -1.412693594373984514e-03 9.561353397048608050e-04
-4.244182487067383377e-04 -5.152049389933174633e-05 3.551029374485990836e-05 -1.117259940504623187e-03 -3.239838958361103676e-03 2.300945601765005868e-04 -1.591687527216282101e-05 1.760028461308854033e-03 -1.621603071686493545e-04 -1.412693594373984514e-03 0.000000000000000000e+00 9.473701467614695183e-04
3.623722152884058831e-04 -3.695830713017348769e-05 -2.874127981405182682e-04 2.126650316373626085e-04 -7.062912318963716300e-04 9.611076185628474261e-04 2.603640234387472703e-04 6.710980689916781110e-04 2.868409602019320829e-04 9.561353397048608050e-04 9.473701467614695183e-04 0.000000000000000000e+00
