0.000000000000000000e+00 1.644789176776164795e-04 1.760419037282891339e-04 1.875004274440113207e-03 2.677824830366523894e-04 3.303941185047237425e-04 -3.190498708118315666e-04 5.054539229475475985e-04 4.531808682482170512e-04 -1.763369704920274804e-04 -5.079744994373850157e-04 -2.297706381051922654e-04
1.644789176776164795e-04 0.000000000000000000e+00 3.674991639551098235e-04 4.341459777047748181e-04 5.712679910893298310e-04 -1.368327121101035578e-04 2.015997539374657409e-04 -5.981559621407053860e-04 1.342689111825737552e-05 -4.506103292275995525e-04 -1.906756563712439369e-04 2.578425769583845266e-05
1.760419037282891339e-04 3.674991639551098235e-04 0.000000000000000000e+00 1.199993178654755867e-04 4.355711083535165830e-04 -2.432981012047341824e-04 1.601910381781125115e-04 -2.501731204700556079e-04 8.357439692310855380e-06 -7.253395129723257248e-04 2.448224779134304096e-04 -4.613153288914333583e-04
1.875004274440113207e-03 4.341459777047748181e-04 1.199993178654755867e-04 0.000000000000000000e+00 -1.255011100621918670e-03 1.813882441293929518e-03 -8.463893777723706944e-04 -7.388486243617199429e-04 -1.871886574788890652e-04 2.069772162465596203e-03 6.379611380656857690e-05 -1.284709985114136730e-03
2.677824830366523894e-04 5.712679910893298310e-04 4.355711083535165830e-04 -1.255011100621918670e-03 0.000000000000000000e+00 2.641198507029235854e-03 1.191384384641621481e-03 7.824757074707760053e-04 -1.289571861294573629e-03 1.290936265784095377e-03 1.900756701752235505e-03 1.196160604381096317e-03
3.303941185047237425e-04 -1.368327121101035578e-04 -2.432981012047341824e-04 1.813882441293929518e-03 2.641198507029235854e-03 0.000000000000000000e+00 -4.233685279993565061e-04 -9.491241723276714216e-04 4.956898578471928074e-04 1.133734656670571826e-03 1.401763028646454230e-03 -1.647487482233787783e-04
-3.190498708118315666e-04 2.015997539374657409e-04 1.601910381781125115e-04 -8.463893777723706944e-04 1.191384384641621481e-03 -4.233685279993565061e-04 0.000000000000000000e+00 7.350922817288444789e-04 -1.963646303294304754e-04 7.649718131169092310e-04 -4.134080656839070811e-04 1.521742352765598010e-04
5.054539229475475985e-04 -5.981559621407053860e-04 -2.501731204700556079e-04 -7.388486243617199429e-04 7.824757074707760053e-04 -9.491241723276714216e-04 7.350922817288444789e-04 0.000000000000000000e+00 -1.593281885278559546e-04 3.836652980987531950e-04 -4.621561301338475165e-04 -6.698390958147644155e-04
4.531808682482170512e-04 1.342689111825737552e-05 8.357439692310855380e-06 -1.871886574788890652e-04 -1.289571861294573629e-03 4.956898578471928074e-04 -1.963646303294304754e-04 -1.593281885278559546e-04 0.000000000000000000e+00 -6.211803260756221636e-05 -2.259952816413762029e-04 -3.488888925795669504e-04
-1.763369704920274804e-04 -4.506103292275995525e-04 -7.253395129723257248e-04 2.069772162465596203e-03 1.290936265784095377e-03 1.133734656670571826e-03 7.649718131169092310e-04 3.836652980987531950e-04 -6.211803260756221636e-05 0.000000000000000000e+00 -2.573865981890720257e-04 -2.464226074374201267e-04
-5.079744994373850157e-04 -1.906756563712439369e-04 2.448224779134304096e-04 6.379611380656857690e-05 1.900756701752235505e-03 1.401763028646454230e-03 -4.134080656839070811e-04 -4.621561301338475165e-04 -2.259952816413762029e-04 -2.573865981890720257e-04 0.000000000000000000e+00 5.359433995009932556e-04
-2.297706381051922654e-04 2.578425769583845266e-05 -4.613153288914333583e-04 -1.284709985114136730e-03 1.196160604381096317e-03 -1.647487482233787783e-04 1.521742352765598010e-04 -6.698390958147644155e-04 -3.488888925795669504e-04 -2.464226074374201267e-04 5.359433995009932556e-04 0.000000000000000000e+00
