0.000000000000000000e+00 2.849954057729421207e-04 3.831437858787755898e-04 -7.561268042028942505e-04 2.667548585988244094e-03 6.178885529371716664e-04 -3.267092780351199435e-04 1.282770836607237614e-03 -1.559923554434187369e-04 2.499703648160003463e-04 6.283107532961106903e-04 1.442801131005313760e-04
2.849954057729421207e-04 0.000000000000000000e+00 2.689340715688238624e-04 2.556640340353745727e-04 -2.010990225667672146e-04 -6.111434361768712867e-04 -2.787286732789026871e-04 2.087681256123629769e-04 -1.385274840964492845e-04 -5.050340682231439478e-04 7.263582065327677765e-05 -1.509804359917373093e-04
3.831437858787755898e-04 2.689340715688238624e-04 0.000000000000000000e+00 -1.107734053912790223e-03 1.193725034813649874e-03 -7.802575561806610906e-05 2.142626375297954511e-04 -6.079074304273621339e-04 -2.259167386271277735e-04 6.406704068043491893e-04 -5.695163888029465982e-04 6.183923422640510287e-04
-7.561268042028942505e-04 2.556640340353745727e-04 -1.107734053912790223e-03 0.000000000000000000e+00 1.947531380714802090e-03 -1.987846134707077668e-03 -5.157434307593727636e-04 -1.555604730198729751e-03 -2.933515596145127332e-04 -1.712374158970277494e-03 1.180852036878830748e-03 -1.857636510725280880e-04
2.667548585988244094e-03 -2.010990225667672146e-04 1.193725034813649874e-03 1.947531380714802090e-03 0.000000000000000000e+00 -7.202445290876822873e-04 8.026284014420854117e-04 8.970390942352862154e-04 -1.157793560269829505e-03 -1.197351405048241972e-04 -1.091681720432423732e-03 -2.304822190518113103e-04
6.178885529371716664e-04 -6.111434361768712867e-04 -7.802575561806610906e-05 -1.987846134707077668e-03 -7.202445290876822873e-04 0.000000000000000000e+00 -5.505054239020996899e-04 -8.306485624791002092e-05 -9.220484402318790190e-05 1.533062064887614996e-03 -6.590272595846938730e-04 -1.934586849849316266e-04
-3.267092780351199435e-04 -2.787286732789026871e-04 2.142626375297954511e-04 -5.157434307593727636e-04 8.026284014420854117e-04 -5.505054239020996899e-04 0.000000000000000000e+00 -5.750327083613482630e-04 -3.980400466314405750e-05 3.820500304587927582e-04 1.611435509083418254e-04 3.404991507984639603e-04
1.282770836607237614e-03 2.087681256123629769e-04 -6.079074304273621339e-04 -1.555604730198729751e-03 8.970390942352862154e-04 -8.306485624791002092e-05 -5.750327083613482630e-04 0.000000000000000000e+00 5.995634560902292831e-04 -2.130967694010616549e-04 -6.820630631988788611e-04 6.359509973813295795e-05
-1.559923554434187369e-04 -1.385274840964492845e-04 -2.259167386271277735e-04 -2.933515596145127332e-04 -1.157793560269829505e-03 -9.220484402318790190e-05 -3.980400466314405750e-05 5.995634560902292831e-04 0.000000000000000000e+00 5.477843428322507055e-04 -3.238658560379559107e-04 4.657041869690731434e-04
2.499703648160003463e-04 -5.050340682231439478e-04 6.406704068043491893e-04 -1.712374158970277494e-03 -1.197351405048241972e-04 1.533062064887614996e-03 3.820500304587927582e-04 -2.130967694010616549e-04 5.477843428322507055e-04 0.000000000000000000e+00 1.577401713919572091e-03 1.616854146698102430e-04
6.283107532961106903e-04 7.263582065327677765e-05 -5.695163888029465982e-04 1.180852036878830748e-03 -1.091681720432423732e-03 -6.590272595846938730e-04 1.611435509083418254e-04 -6.820630631988788611e-04 -3.238658560379559107e-04 1.577401713919572091e-03 0.000000000000000000e+00 3.350364763009745003e-04
1.442801131005313760e-04 -1.509804359917373093e-04 6.183923422640510287e-04 -1.857636510725280880e-04 -2.304822190518113103e-04 -1.934586849849316266e-04 3.404991507984639603e-04 6.359509973813295795e-05 4.657041869690731434e-04 1.616854146698102430e-04 3.350364763009745003e-04 0.000000000000000000e+00
