0.000000000000000000e+00 -2.556650127814715455e-04 -5.200475440809181667e-04 7.847031200008420387e-04 2.307659026452588483e-04 1.174791787050855811e-03 -1.976520704657158201e-04 2.785869912800012179e-04 1.021665029963174679e-03 3.265043138242063438e-04 2.815724731947075459e-04 -9.326553485348288266e-05
-2.556650127814715455e-04 0.000000000000000000e+00 8.867729300838566653e-05 1.293819789448304722e-04 -6.235886399306330135e-04 5.137981230140904218e-07 -5.341601382685642364e-04 3.085515082485746767e-05 2.003774078368651462e-04 -4.011121838712543406e-04 -1.526187667786383132e-04 5.830152117085000968e-05
-5.200475440809181667e-04 8.867729300838566653e-05 0.000000000000000000e+00 -4.402515763080336813e-05 -8.107526014948202931e-04 -1.092994035578584476e-03 -3.742727599843263765e-04 -5.423646213810390032e-04 2.753468031523015986e-04 5.700987352216144947e-04 1.195958094654196296e-04 1.828259302505539003e-04
7.847031200008420387e-04 1.293819789448304722e-04 -4.402515763080336813e-05 0.000000000000000000e+00 2.006863191287047677e-04 1.213096676071852894e-03 -9.799564564493977361e-04 -1.128333598039334661e-03 -1.149031100767124907e-03 -5.445011847752913910e-04 3.237031611689451067e-04 4.578042772332721155e-04
2.307659026452588483e-04 -6.235886399306330135e-04 -8.107526014948202931e-04 2.006863191287047677e-04 0.000000000000000000e+00 -1.218990049219684409e-03 -1.683594913068419763e-03 9.843616448561851636e-04 1.266579984397750696e-03 -9.400701485393595132e-04 1.196652600888637849e-06 -6.425245291258239154e-05
1.174791787050855811e-03 5.137981230140904218e-07 -1.092994035578584476e-03 1.213096676071852894e-03 -1.218990049219684409e-03 0.000000000000000000e+00 -1.888927989848614413e-03 5.241672763922539710e-05 -2.683186546686676995e-03 1.858473421770036240e-03 1.382863681392851936e-04 -3.496190104361656184e-04
-1.976520704657158201e-04 -5.341601382685642364e-04 -3.742727599843263765e-04 -9.799564564493977361e-04 -1.683594913068419763e-03 -1.888927989848614413e-03 0.000000000000000000e+00 6.893859918761456032e-04 -2.717237261239769351e-03 8.362958124757466491e-04 2.156857230425743462e-04 5.131146411734596562e-04
2.785869912800012179e-04 3.085515082485746767e-05 -5.423646213810390032e-04 -1.128333598039334661e-03 9.843616448561851636e-04 5.241672763922539710e-05 6.893859918761456032e-04 0.000000000000000000e+00 -3.285408537803119608e-04 -7.918035715049292047e-04 8.117038389937840240e-05 2.959311103535159130e-04
1.021665029963174679e-03 2.003774078368651462e-04 2.753468031523015986e-04 -1.149031100767124907e-03 1.266579984397750696e-03 -2.683186546686676995e-03 -2.717237261239769351e-03 -3.285408537803119608e-04 0.000000000000000000e+00 9.044960080329004842e-04 -3.687108377575984126e-05 8.356187713699831819e-04
3.265043138242063438e-04 -4.011121838712543406e-04 5.700987352216144947e-04 -5.445011847752913910e-04 -9.400701485393595132e-04 1.858473421770036240e-03 8.362958124757466491e-04 -7.918035715049292047e-04 9.044960080329004842e-04 0.000000000000000000e+00 -9.588134534165286983e-05 2.477405581069715905e-04
2.815724731947075459e-04 -1.526187667786383132e-04 1.195958094654196296e-04 3.237031611689451067e-04 1.196652600888637849e-06 1.382863681392851936e-04 2.156857230425743462e-04 8.117038389937840240e-05 -3.687108377575984126e-05 -9.588134534165286983e-05 0.000000000000000000e+00 -1.284186191941868256e-04
-9.326553485348288266e-05 5.830152117085000968e-05 1.828259302505539003e-04 4.578042772332721155e-04 -6.425245291258239154e-05 -3.496190104361656184e-04 5.131146411734596562e-04 2.959311103535159130e-04 8.356187713699831819e-04 2.477405581069715905e-04 -1.284186191941868256e-04 0.000000000000000000e+00
