0.000000000000000000e+00 3.748013588150063175e-04 -2.864390264461592135e-04 -6.993429749572504714e-05 -9.613684621502132689e-04 -1.907455240255051055e-03 -3.885228892353843606e-04 3.436728223540896238e-06 1.561369144878403713e-03 5.470969879208367791e-04 2.193958292545464825e-04 7.876932511626925405e-04
3.748013588150063175e-04 0.000000000000000000e+00 4.022939393278255021e-04 5.400953383867816877e-04 -3.211928147665063082e-04 -3.647781065541092415e-04 -5.679649424928565581e-04 -1.120690590546261257e-04 -2.137447126476602630e-04 1.044137556927267292e-04 6.102650963561506237e-05 4.330797376961844714e-04
-2.864390264461592135e-04 4.022939393278255021e-04 0.000000000000000000e+00 7.490439192853004611e-04 1.001232931692088183e-03 9.330329846030154190e-05 3.295910026346916279e-04 -2.248163276229399234e-04 1.001434328911868709e-03 -8.203445104019246956e-04 -7.716851200405557107e-05 3.056833202512638831e-04
-6.993429749572504714e-05 5.400953383867816877e-04 7.490439192853004611e-04 0.000000000000000000e+00 -4.816407692160898889e-04 -6.037724090513246647e-05 -5.460438576030060423e-04 1.937090432480907622e-04 -7.912234750770517780e-04 -8.343591639532664484e-04 3.829408523979645256e-05 4.391479010800262430e-05
-9.613684621502132689e-04 -3.211928147665063082e-04 1.001232931692088183e-03 -4.816407692160898889e-04 0.000000000000000000e+00 2.033632042039704678e-03 -1.862112573053078266e-03 9.846397063040914291e-04 2.407389320027862080e-03 -2.016937170911214331e-03 -1.088243202793940436e-04 -3.758719865896304195e-04
-1.907455240255051055e-03 -3.647781065541092415e-04 9.330329846030154190e-05 -6.037724090513246647e-05 2.033632042039704678e-03 0.000000000000000000e+00 -3.577194929041651022e-03 1.368540894440299833e-04 -1.920569608088906386e-04 3.031461083002407950e-03 3.277882722325122216e-04 -4.373405068440807406e-04
-3.885228892353843606e-04 -5.679649424928565581e-04 3.295910026346916279e-04 -5.460438576030060423e-04 -1.862112573053078266e-03 -3.577194929041651022e-03 0.000000000000000000e+00 -8.734974987609813975e-04 -7.043394729670637410e-04 -1.728847863257352039e-03 -4.424794869316326458e-05 -4.859344851900114178e-04
3.436728223540896238e-06 -1.120690590546261257e-04 -2.248163276229399234e-04 1.937090432480907622e-04 9.846397063040914291e-04 1.368540894440299833e-04 -8.734974987609813975e-04 0.000000000000000000e+00 3.148546438922324923e-04 -1.809288306357893780e-05 3.220126019770648139e-04 -3.884774530641756682e-04
1.561369144878403713e-03 -2.137447126476602630e-04 1.001434328911868709e-03 -7.912234750770517780e-04 2.407389320027862080e-03 -1.920569608088906386e-04 -7.043394729670637410e-04 3.148546438922324923e-04 0.000000000000000000e+00 -3.419057117054362708e-04 2.372946498797614775e-04 -3.352148290611900943e-05
5.470969879208367791e-04 1.044137556927267292e-04 -8.203445104019246956e-04 -8.343591639532664484e-04 -2.016937170911214331e-03 3.031461083002407950e-03 -1.728847863257352039e-03 -1.809288306357893780e-05 -3.419057117054362708e-04 0.000000000000000000e+00 1.313269942123078545e-04 3.507707251757705928e-04
2.193958292545464825e-04 6.102650963561506237e-05 -7.716851200405557107e-05 3.829408523979645256e-05 -1.088243202793940436e-04 3.277882722325122216e-04 -4.424794869316326458e-05 3.220126019770648139e-04 2.372946498797614775e-04 1.313269942123078545e-04 0.000000000000000000e+00 -2.878488282165810367e-04
7.876932511626925405e-04 4.330797376961844714e-04 3.056833202512638831e-04 4.391479010800262430e-05 -3.758719865896304195e-04 -4.373405068440807406e-04 -4.859344851900114178e-04 -3.884774530641756682e-04 -3.352148290611900943e-05 3.507707251757705928e-04 -2.878488282165810367e-04 0.000000000000000000e+00
