0.000000000000000000e+00 -7.625908191585285236e-06 1.513918008897995895e-04 3.847322110602847435e-04 1.220732128078585966e-04 3.395419838494671263e-04 1.197137024967914049e-03 -4.468160846591364847e-05 4.778989852204306127e-04 4.623325223622274420e-06 4.378902419489214795e-04 1.179368502467954995e-04
-7.625908191585285236e-06 0.000000000000000000e+00 2.538882873357286348e-04 -3.423207424269085410e-04 -3.764593181244871431e-04 -4.669905567857170051e-04 -3.049494821889882790e-04 1.430857654379755249e-04 -3.879533485230861139e-04 -2.682121646122329560e-04 -1.753725456698680560e-05 -2.239499622384124374e-04
1.513918008897995895e-04 2.538882873357286348e-04 0.000000000000000000e+00 -2.241770580174432177e-04 -1.244602039513963317e-03 -1.663450215904321459e-03 1.296234733167820783e-03 2.163025935734408096e-04 -7.280052555782941985e-04 3.895795147394160536e-04 -3.082243760659541024e-04 1.477386457225703716e-04
3.847322110602847435e-04 -3.423207424269085410e-04 -2.241770580174432177e-04 0.000000000000000000e+00 -2.138540208104768633e-03 -5.584422959853691529e-05 -1.470025784224132485e-03 -4.366034713843226149e-04 -2.330852217682728353e-04 1.952013463644589953e-04 2.012217865592088684e-04 3.859524764080964109e-04
1.220732128078585966e-04 -3.764593181244871431e-04 -1.244602039513963317e-03 -2.138540208104768633e-03 0.000000000000000000e+00 8.410084135595608055e-04 1.153358575193899399e-03 5.253960041059407620e-04 1.549004538180359745e-03 2.730042995897898560e-04 -1.229271484028123749e-05 3.959630608205772157e-05
3.395419838494671263e-04 -4.669905567857170051e-04 -1.663450215904321459e-03 -5.584422959853691529e-05 8.410084135595608055e-04 0.000000000000000000e+00 2.483294260482253862e-04 1.069433011772695508e-03 -3.167783505575473817e-03 -6.795179915912144455e-04 4.347100126558779091e-04 5.082816486865491049e-04
1.197137024967914049e-03 -3.049494821889882790e-04 1.296234733167820783e-03 -1.470025784224132485e-03 1.153358575193899399e-03 2.483294260482253862e-04 0.000000000000000000e+00 -1.651142281318986038e-04 -2.164203142235533207e-03 3.081795590210904909e-04 7.895379202130561316e-04 7.840152776050600273e-04
-4.468160846591364847e-05 1.430857654379755249e-04 2.163025935734408096e-04 -4.366034713843226149e-04 5.253960041059407620e-04 1.069433011772695508e-03 -1.651142281318986038e-04 0.000000000000000000e+00 -8.976928803799485860e-04 -2.798765976169441871e-04 -4.103914494202490302e-04 -4.232929966114405891e-04
4.778989852204306127e-04 -3.879533485230861139e-04 -7.280052555782941985e-04 -2.330852217682728353e-04 1.549004538180359745e-03 -3.167783505575473817e-03 -2.164203142235533207e-03 -8.976928803799485860e-04 0.000000000000000000e+00 1.263963671879013472e-03 4.412844878919830384e-05 -1.815368178709889698e-04
4.623325223622274420e-06 -2.682121646122329560e-04 3.895795147394160536e-04 1.952013463644589953e-04 2.730042995897898560e-04 -6.795179915912144455e-04 3.081795590210904909e-04 -2.798765976169441871e-04 1.263963671879013472e-03 0.000000000000000000e+00 1.650161883257762318e-04 4.898697663618593705e-04
4.378902419489214795e-04 -1.753725456698680560e-05 -3.082243760659541024e-04 2.012217865592088684e-04 -1.229271484028123749e-05 4.347100126558779091e-04 7.895379202130561316e-04 -4.103914494202490302e-04 4.412844878919830384e-05 1.650161883257762318e-04 0.000000000000000000e+00 -1.383057890328559503e-04
1.179368502467954995e-04 -2.239499622384124374e-04 1.477386457225703716e-04 3.859524764080964109e-04 3.959630608205772157e-05 5.082816486865491049e-04 7.840152776050600273e-04 -4.232929966114405891e-04 -1.815368178709889698e-04 4.898697663618593705e-04 -1.383057890328559503e-04 0.000000000000000000e+00
