0.000000000000000000e+00 4.198632901847684415e-04 -8.451818263168561914e-05 5.006165874549137673e-04 -1.462613102244072127e-04 -3.341301218788613608e-04 -7.212529079483008792e-04 6.671547392312194126e-04 1.063980565515610646e-03 6.652475937976219623e-04 -3.265739881215198068e-04 4.569787525774279217e-04
4.198632901847684415e-04 0.000000000000000000e+00 1.569354552337653443e-04 -1.860035720946080296e-04 6.891632044127067201e-04 -2.289755786796982852e-04 1.154683339354433758e-03 3.776955296002816468e-04 -4.766486490001232360e-05 1.915080047696923960e-05 -3.230310788219060243e-04 -1.262428440348026227e-04
-8.451818263168561914e-05 1.569354552337653443e-04 0.000000000000000000e+00 9.575039465862651656e-04 5.097246074764497049e-04 -7.172844856024593926e-04 1.332486873136919450e-04 -8.940791971923914196e-04 8.730217836613633157e-04 -8.056142766286608029e-04 4.285535766252644382e-04 -4.531622961044458765e-04
5.006165874549137673e-04 -1.860035720946080296e-04 9.575039465862651656e-04 0.000000000000000000e+00 -3.294439850926474925e-04 1.778632768797865039e-03 -9.034163819998953507e-04 -9.806707409746018810e-04 1.128303504943413676e-03 1.077795143155933170e-03 -1.767323315010261480e-04 -5.115514855771823672e-04
-1.462613102244072127e-04 6.891632044127067201e-04 5.097246074764497049e-04 -3.294439850926474925e-04 0.000000000000000000e+00 -1.625987498014699266e-04 -2.487215687809171249e-03 7.287661078780549541e-04 6.281893993475371613e-04 -1.896999938654442058e-03 -3.430851776559280808e-04 -4.086079094023513424e-04
-3.341301218788613608e-04 -2.289755786796982852e-04 -7.172844856024593926e-04 1.778632768797865039e-03 -1.625987498014699266e-04 0.000000000000000000e+00 2.835416767067293255e-03 5.803111641405434094e-04 5.655172647784893492e-05 -6.315505684078671434e-04 2.987208951403323948e-04 -1.032338072777981607e-03
-7.212529079483008792e-04 1.154683339354433758e-03 1.332486873136919450e-04 -9.034163819998953507e-04 -2.487215687809171249e-03 2.835416767067293255e-03 0.000000000000000000e+00 5.749609267264504725e-04 2.099870743483280358e-03 2.059824677271344506e-03 4.202257282480995016e-04 -1.311993208578032897e-03
6.671547392312194126e-04 3.776955296002816468e-04 -8.940791971923914196e-04 -9.806707409746018810e-04 7.287661078780549541e-04 5.803111641405434094e-04 5.749609267264504725e-04 0.000000000000000000e+00 1.175035570383434333e-03 -6.671233260160196708e-04 3.480239567652525668e-04 3.327513104906955994e-04
1.063980565515610646e-03 -4.766486490001232360e-05 8.730217836613633157e-04 1.128303504943413676e-03 6.281893993475371613e-04 5.655172647784893492e-05 2.099870743483280358e-03 1.175035570383434333e-03 0.000000000000000000e+00 -1.281936755185779809e-03 -8.852002440321097817e-04 -8.180273040705099072e-04
6.652475937976219623e-04 1.915080047696923960e-05 -8.056142766286608029e-04 1.077795143155933170e-03 -1.896999938654442058e-03 -6.315505684078671434e-04 2.059824677271344506e-03 -6.671233260160196708e-04 -1.281936755185779809e-03 0.000000000000000000e+00 -3.745958807216706967e-04 -7.712008184396989500e-05
-3.265739881215198068e-04 -3.230310788219060243e-04 4.285535766252644382e-04 -1.767323315010261480e-04 -3.430851776559280808e-04 2.987208951403323948e-04 4.202257282480995016e-04 3.480239567652525668e-04 -8.852002440321097817e-04 -3.745958807216706967e-04 0.000000000000000000e+00 -2.809850144782517553e-05
4.569787525774279217e-04 -1.262428440348026227e-04 -4.531622961044458765e-04 -5.115514855771823672e-04 -4.086079094023513424e-04 -1.032338072777981607e-03 -1.311993208578032897e-03 3.327513104906955994e-04 -8.180273040705099072e-04 -7.712008184396989500e-05 -2.809850144782517553e-05 0.000000000000000000e+00
