0.000000000000000000e+00 -6.413536951205893954e-05 -5.232353388789077239e-04 -4.563842395663040229e-04 -7.044736797471875221e-04 1.192329986948811957e-03 1.153323005751643237e-03 2.894526057760170691e-04 3.876408193405593973e-04 -3.801189001037449380e-04 1.688425055517859749e-04 1.215074739829154172e-04
-6.413536951205893954e-05 0.000000000000000000e+00 -2.986343813446055116e-04 3.762330563060207870e-04 -1.318368322274267865e-04 1.112754954512916710e-03 -2.851640550090211919e-05 -6.466655151734766217e-04 5.730986966612646675e-04 4.553504283497330531e-04 1.623512585423578019e-04 2.039877504466278645e-04
-5.232353388789077239e-04 -2.986343813446055116e-04 0.000000000000000000e+00 8.395775004988018965e-04 -3.600080713819190249e-04 -4.271350696259803648e-04 1.240822871264398667e-03 -4.371144256139624794e-04 8.858270097994211498e-05 -7.498692149379794286e-04 -4.116318863842017715e-05 9.265015214184679846e-05
-4.563842395663040229e-04 3.762330563060207870e-04 8.395775004988018965e-04 0.000000000000000000e+00 2.916850661985618469e-04 1.939507654574466932e-03 -1.590118598557458329e-03 -4.475115211091736534e-04 8.066158500401365882e-04 7.026746782594043986e-04 -1.068653512134180498e-04 -5.228740129198377614e-05
-7.044736797471875221e-04 -1.318368322274267865e-04 -3.600080713819190249e-04 2.916850661985618469e-04 0.000000000000000000e+00 -4.081194435056243429e-04 -2.172137351906590873e-03 3.615351227000516304e-04 8.446674112725223406e-04 -1.694610966841758929e-04 -3.833036829248441025e-04 7.792567254042993266e-04
1.192329986948811957e-03 1.112754954512916710e-03 -4.271350696259803648e-04 1.939507654574466932e-03 -4.081194435056243429e-04 0.000000000000000000e+00 -1.844155364588854649e-03 4.512969751532746546e-04 2.594925363022556990e-04 -1.429561902741378595e-03 3.671679192513527755e-04 -3.601071892143407286e-04
1.153323005751643237e-03 -2.851640550090211919e-05 1.240822871264398667e-03 -1.590118598557458329e-03 -2.172137351906590873e-03 -1.844155364588854649e-03 0.000000000000000000e+00 -1.021491339280568723e-03 1.556332950935600343e-03 8.994788947620857089e-04 2.612925045838770596e-04 2.360359664070960030e-04
2.894526057760170691e-04 -6.466655151734766217e-04 -4.371144256139624794e-04 -4.475115211091736534e-04 3.615351227000516304e-04 4.512969751532746546e-04 -1.021491339280568723e-03 0.000000000000000000e+00 -1.111058204701123727e-03 -5.964361459657019750e-04 -1.369893080738291383e-05 -6.015304001325885166e-05
3.876408193405593973e-04 5.730986966612646675e-04 8.858270097994211498e-05 8.066158500401365882e-04 8.446674112725223406e-04 2.594925363022556990e-04 1.556332950935600343e-03 -1.111058204701123727e-03 0.000000000000000000e+00 -8.058041522779163220e-04 1.899265615026734630e-05 -1.070397456262018893e-03
-3.801189001037449380e-04 4.553504283497330531e-04 -7.498692149379794286e-04 7.026746782594043986e-04 -1.694610966841758929e-04 -1.429561902741378595e-03 8.994788947620857089e-04 -5.964361459657019750e-04 -8.058041522779163220e-04 0.000000000000000000e+00 -2.306469547163733820e-04 3.210714992079113667e-04
1.688425055517859749e-04 1.623512585423578019e-04 -4.116318863842017715e-05 -1.068653512134180498e-04 -3.833036829248441025e-04 3.671679192513527755e-04 2.612925045838770596e-04 -1.369893080738291383e-05 1.899265615026734630e-05 -2.306469547163733820e-04 0.000000000000000000e+00 -3.053576152538090244e-04
1.215074739829154172e-04 2.039877504466278645e-04 9.265015214184679846e-05 -5.228740129198377614e-05 7.792567254042993266e-04 -3.601071892143407286e-04 2.360359664070960030e-04 -6.015304001325885166e-05 -1.070397456262018893e-03 3.210714992079113667e-04 -3.053576152538090244e-04 0.000000000000000000e+00
