0.000000000000000000e+00 -6.393934908918057561e-05 1.728937977054411798e-06 -5.703719981595703698e-04 -1.081757821731268998e-03 -4.274514716457917282e-04 -4.063437059673293906e-04 -4.507574415722931968e-04 -2.104786462109172417e-04 -1.928797722162072870e-04 -7.260542100722878270e-06 -2.214086147851264039e-04
-6.393934908918057561e-05 0.000000000000000000e+00 7.901804826398060779e-04 1.189055312670740704e-03 8.058300442179682638e-04 5.062292876854774040e-04 4.077469967503332131e-04 -5.312532529751106715e-04 -6.591495659397560375e-04 -1.687681718794546126e-05 -3.402351391985729539e-04 4.588089822709286061e-04
1.728937977054411798e-06 7.901804826398060779e-04 0.000000000000000000e+00 -1.583899090110370061e-03 -8.630449710540834827e-04 -8.453729261990971502e-05 -3.139267325841189806e-04 4.326766300475590491e-04 6.655047272184704769e-04 3.621383444871095547e-05 1.234080664339029090e-05 9.938232214540898904e-04
-5.703719981595703698e-04 1.189055312670740704e-03 -1.583899090110370061e-03 0.000000000000000000e+00 1.626642064934891857e-03 6.875369980247834608e-04 5.857310173979355565e-04 -7.028397653273509970e-04 -3.923965102655712668e-04 -5.746983836000508182e-04 6.294327236912090646e-05 4.803270904850377677e-04
-1.081757821731268998e-03 8.058300442179682638e-04 -8.630449710540834827e-04 1.626642064934891857e-03 0.000000000000000000e+00 -1.973234655102949243e-03 5.618031993778583406e-04 -1.004466702150467626e-03 -5.207552351977034599e-04 1.466549049496409943e-03 9.255173435766470003e-04 -2.263384593974227237e-03
-4.274514716457917282e-04 5.062292876854774040e-04 -8.453729261990971502e-05 6.875369980247834608e-04 -1.973234655102949243e-03 0.000000000000000000e+00 -1.338884080273436590e-04 6.219511747911252132e-05 -7.247433092447033275e-04 2.543603781230705310e-04 -1.044862292769807989e-04 4.141321818366202495e-04
-4.063437059673293906e-04 4.077469967503332131e-04 -3.139267325841189806e-04 5.857310173979355565e-04 5.618031993778583406e-04 -1.338884080273436590e-04 0.000000000000000000e+00 4.551489143482740697e-04 -1.043173698079088128e-03 -1.822287376877022283e-04 -4.792959960991145124e-04 3.414458160449057025e-04
-4.507574415722931968e-04 -5.312532529751106715e-04 4.326766300475590491e-04 -7.028397653273509970e-04 -1.004466702150467626e-03 6.219511747911252132e-05 4.551489143482740697e-04 0.000000000000000000e+00 1.668445000135501536e-04 8.017768563277452879e-04 4.718455319245881230e-04 9.384387634918193435e-04
-2.104786462109172417e-04 -6.591495659397560375e-04 6.655047272184704769e-04 -3.923965102655712668e-04 -5.207552351977034599e-04 -7.247433092447033275e-04 -1.043173698079088128e-03 1.668445000135501536e-04 0.000000000000000000e+00 -4.679034931403407735e-04 1.102027699845576942e-04 1.175165122931893765e-03
-1.928797722162072870e-04 -1.687681718794546126e-05 3.621383444871095547e-05 -5.746983836000508182e-04 1.466549049496409943e-03 2.543603781230705310e-04 -1.822287376877022283e-04 8.017768563277452879e-04 -4.679034931403407735e-04 0.000000000000000000e+00 3.701745023035662237e-04 1.013452561630224071e-03
-7.260542100722878270e-06 -3.402351391985729539e-04 1.234080664339029090e-05 6.294327236912090646e-05 9.255173435766470003e-04 -1.044862292769807989e-04 -4.792959960991145124e-04 4.718455319245881230e-04 1.102027699845576942e-04 3.701745023035662237e-04 0.000000000000000000e+00 -1.628672026406004615e-03
-2.214086147851264039e-04 4.588089822709286061e-04 9.938232214540898904e-04 4.803270904850377677e-04 -2.263384593974227237e-03 4.141321818366202495e-04 3.414458160449057025e-04 9.384387634918193435e-04 1.175165122931893765e-03 1.013452561630224071e-03 -1.628672026406004615e-03 0.000000000000000000e+00
