0.000000000000000000e+00 8.054365434432849519e-05 -2.671464750973898215e-04 3.783751955080533587e-05 -1.086666344027479919e-03 7.014923322911902352e-05 -1.505622970376269435e-04 7.114082494158842839e-05 -8.050048682782225476e-04 3.306030017719086890e-04 1.268111594512676761e-04 7.787354878497319832e-04
8.054365434432849519e-05 0.000000000000000000e+00 -3.708914376105223467e-04 -9.612487593742605717e-04 5.193667089636718956e-04 4.499109298620582089e-04 2.920640843970788176e-04 3.776815471429860471e-05 -8.186161899385942416e-04 -2.224851673808819904e-04 3.475837256994680703e-04 -1.587986219416539189e-04
-2.671464750973898215e-04 -3.708914376105223467e-04 0.000000000000000000e+00 -9.997687020254512804e-04 2.636936997289746759e-03 -1.232721462519170523e-04 3.673247169517070230e-04 -4.429544179020700602e-04 -1.460018021677108452e-03 -3.441669335236658377e-04 8.119810225243612048e-04 -1.834113596158119461e-03
3.783751955080533587e-05 -9.612487593742605717e-04 -9.997687020254512804e-04 0.000000000000000000e+00 -2.909374882136165491e-03 8.775533792456727267e-04 2.828887630614680356e-04 3.743955815838389991e-04 -9.467544307552807920e-04 9.846135493881318437e-04 -2.248783605661678492e-04 -2.404759707198951980e-03
-1.086666344027479919e-03 5.193667089636718956e-04 2.636936997289746759e-03 -2.909374882136165491e-03 0.000000000000000000e+00 -9.671425082455147298e-04 -3.496919666205463651e-04 -1.818979083309004146e-04 8.150227634617775120e-04 -1.496503797299529072e-03 7.485888903766360365e-04 -2.062934226246686525e-03
7.014923322911902352e-05 4.499109298620582089e-04 -1.232721462519170523e-04 8.775533792456727267e-04 -9.671425082455147298e-04 0.000000000000000000e+00 -3.467114147036239069e-04 4.902894661418865730e-04 1.267077054107739039e-03 -1.449166558912225525e-04 -1.812323496236466051e-04 -6.799105616252321474e-04
-1.505622970376269435e-04 2.920640843970788176e-04 3.673247169517070230e-04 2.828887630614680356e-04 -3.496919666205463651e-04 -3.467114147036239069e-04 0.000000000000000000e+00 -3.999079172923782500e-04 -3.888475822597981012e-04 -2.261877781023093449e-04 -3.216651941402356844e-04 6.898343709155290403e-04
7.114082494158842839e-05 3.776815471429860471e-05 -4.429544179020700602e-04 3.743955815838389991e-04 -1.818979083309004146e-04 4.902894661418865730e-04 -3.999079172923782500e-04 0.000000000000000000e+00 -7.608432822617784913e-04 -3.508165481865644438e-04 2.575666571665258752e-04 4.891979430623253332e-05
-8.050048682782225476e-04 -8.186161899385942416e-04 -1.460018021677108452e-03 -9.467544307552807920e-04 8.150227634617775120e-04 1.267077054107739039e-03 -3.888475822597981012e-04 -7.608432822617784913e-04 0.000000000000000000e+00 -2.090741747425984675e-04 -1.329741977825022131e-04 -1.131863016363188028e-03
3.306030017719086890e-04 -2.224851673808819904e-04 -3.441669335236658377e-04 9.846135493881318437e-04 -1.496503797299529072e-03 -1.449166558912225525e-04 -2.261877781023093449e-04 -3.508165481865644438e-04 -2.090741747425984675e-04 0.000000000000000000e+00 1.856250959805109458e-04 5.579969499863622010e-04
1.268111594512676761e-04 3.475837256994680703e-04 8.119810225243612048e-04 -2.248783605661678492e-04 7.485888903766360365e-04 -1.812323496236466051e-04 -3.216651941402356844e-04 2.575666571665258752e-04 -1.329741977825022131e-04 1.856250959805109458e-04 0.000000000000000000e+00 -9.235829020099120155e-04
7.787354878497319832e-04 -1.587986219416539189e-04 -1.834113596158119461e-03 -2.404759707198951980e-03 -2.062934226246686525e-03 -6.799105616252321474e-04 6.898343709155290403e-04 4.891979430623253332e-05 -1.131863016363188028e-03 5.579969499863622010e-04 -9.235829020099120155e-04 0.000000000000000000e+00
