0.000000000000000000e+00 -6.928409811467204965e-05 6.908759743615522451e-04 1.733165024606329071e-04 -1.108847018029410474e-03 -4.914844001136808339e-04 8.628483584603615893e-05 6.088284576962692913e-04 3.932091886594998561e-04 -3.959721233424292838e-04 -3.545047423156033064e-04 8.552915484042491979e-04
-6.928409811467204965e-05 0.000000000000000000e+00 -1.333582407670913018e-04 -8.209259788132635327e-04 1.012969236490228074e-03 4.794120948537858740e-04 1.473768084758863151e-04 2.024059106684671062e-04 -9.221806244363934179e-04 9.116410129581064387e-05 -1.760042201484411206e-04 1.442464266025496409e-03
6.908759743615522451e-04 -1.333582407670913018e-04 0.000000000000000000e+00 -1.087604213011204206e-03 4.657954541823186210e-04 -3.955370070029677631e-04 9.548049727539404015e-05 8.411810678636874161e-04 -7.420484614767169007e-04 3.149206285582601284e-04 -1.190574799815643500e-04 -1.107375499598104059e-04
1.733165024606329071e-04 -8.209259788132635327e-04 -1.087604213011204206e-03 0.000000000000000000e+00 -1.863882526225687022e-03 -6.319617257972279852e-04 -3.021572005299261068e-04 -8.079437850516134377e-04 1.005932267590205166e-03 -3.770974496849041255e-04 -4.098419715453935960e-04 -2.961234964617821363e-04
-1.108847018029410474e-03 1.012969236490228074e-03 4.657954541823186210e-04 -1.863882526225687022e-03 0.000000000000000000e+00 1.655358305630937879e-03 -1.452191018959938682e-03 1.650292186734404450e-03 -2.997655028087518425e-04 -5.005430555472193798e-04 -1.682858127183014087e-03 -3.692150300598503066e-03
-4.914844001136808339e-04 4.794120948537858740e-04 -3.955370070029677631e-04 -6.319617257972279852e-04 1.655358305630937879e-03 0.000000000000000000e+00 2.947046191908739917e-04 -1.141852532887456821e-04 3.430592866008237447e-04 -3.074294620425172160e-04 2.174329208081540041e-05 1.503064314695195169e-03
8.628483584603615893e-05 1.473768084758863151e-04 9.548049727539404015e-05 -3.021572005299261068e-04 -1.452191018959938682e-03 2.947046191908739917e-04 0.000000000000000000e+00 3.761593455054984938e-04 6.557454458029166131e-04 4.351697973372965094e-04 3.027230899956977108e-04 3.442729687029147715e-04
6.088284576962692913e-04 2.024059106684671062e-04 8.411810678636874161e-04 -8.079437850516134377e-04 1.650292186734404450e-03 -1.141852532887456821e-04 3.761593455054984938e-04 0.000000000000000000e+00 9.227203111097221060e-04 -2.186953815890048663e-04 1.844775619471164735e-04 -5.419582615646664553e-04
3.932091886594998561e-04 -9.221806244363934179e-04 -7.420484614767169007e-04 1.005932267590205166e-03 -2.997655028087518425e-04 3.430592866008237447e-04 6.557454458029166131e-04 9.227203111097221060e-04 0.000000000000000000e+00 -2.214082205387212421e-04 2.734193171684906414e-04 -9.873502614902078620e-04
-3.959721233424292838e-04 9.116410129581064387e-05 3.149206285582601284e-04 -3.770974496849041255e-04 -5.005430555472193798e-04 -3.074294620425172160e-04 4.351697973372965094e-04 -2.186953815890048663e-04 -2.214082205387212421e-04 0.000000000000000000e+00 3.523299398606916273e-04 -1.284359821791336911e-03
-3.545047423156033064e-04 -1.760042201484411206e-04 -1.190574799815643500e-04 -4.098419715453935960e-04 -1.682858127183014087e-03 2.174329208081540041e-05 3.027230899956977108e-04 1.844775619471164735e-04 2.734193171684906414e-04 3.523299398606916273e-04 0.000000000000000000e+00 5.045098041490184149e-04
8.552915484042491979e-04 1.442464266025496409e-03 -1.107375499598104059e-04 -2.961234964617821363e-04 -3.692150300598503066e-03 1.503064314695195169e-03 3.442729687029147715e-04 -5.419582615646664553e-04 -9.873502614902078620e-04 -1.284359821791336911e-03 5.045098041490184149e-04 0.000000000000000000e+00
