0.000000000000000000e+00 -1.600301486171562310e-04 -2.173517197681534445e-05 4.322408376382849823e-04 1.131176440264895734e-03 -4.263772581836739579e-04 1.222180508986388204e-04 -1.184545811348610323e-04 6.575054452151678610e-04 3.348265470144672334e-04 2.349372912672991289e-05 -9.145803440786284518e-04
-1.600301486171562310e-04 0.000000000000000000e+00 -1.940973556529509443e-06 -2.975854288474833538e-04 2.814229396278494517e-03 6.413250709484630231e-04 -2.928351359403197351e-04 3.716902269889373446e-04 -3.386216408697820973e-04 -1.838505987574265302e-04 -9.009647035113027905e-04 1.234663236120079862e-04
-2.173517197681534445e-05 -1.940973556529509443e-06 0.000000000000000000e+00 3.150356288813693111e-04 2.419214823681991797e-03 7.615979390754212992e-04 6.862134334897049043e-05 -1.390008290609378119e-04 -1.410155118598479520e-03 -1.354654024309378624e-04 2.645985071330099600e-04 -1.050121480217556256e-03
4.322408376382849823e-04 -2.975854288474833538e-04 3.150356288813693111e-04 0.000000000000000000e+00 -1.707454652599961226e-03 -1.076834706606830133e-04 -6.215105715174577394e-04 7.271527709346797081e-04 -1.366351912305148334e-03 2.975370254443123548e-04 -3.810424356488107561e-04 -1.754967806771782048e-03
1.131176440264895734e-03 2.814229396278494517e-03 2.419214823681991797e-03 -1.707454652599961226e-03 0.000000000000000000e+00 6.769179048495884560e-04 -1.674036270448250494e-04 8.363185161655093802e-04 3.634253079586618595e-03 9.282961379852110433e-04 7.328588219721737795e-04 -1.655325678942783096e-03
-4.263772581836739579e-04 6.413250709484630231e-04 7.615979390754212992e-04 -1.076834706606830133e-04 6.769179048495884560e-04 0.000000000000000000e+00 -1.029194444029282973e-04 -5.244897424671254860e-04 -7.136811575617950181e-05 4.942289670312498750e-04 -2.568942681156596354e-04 -4.236538843478886244e-05
1.222180508986388204e-04 -2.928351359403197351e-04 6.862134334897049043e-05 -6.215105715174577394e-04 -1.674036270448250494e-04 -1.029194444029282973e-04 0.000000000000000000e+00 -3.088775706618992768e-05 1.395911629000116212e-04 2.151239494243208732e-05 -3.808379292217775125e-04 -8.261354812621995297e-05
-1.184545811348610323e-04 3.716902269889373446e-04 -1.390008290609378119e-04 7.271527709346797081e-04 8.363185161655093802e-04 -5.244897424671254860e-04 -3.088775706618992768e-05 0.000000000000000000e+00 3.848255284912248386e-04 8.533772152270406423e-05 -2.654914243014472449e-04 -1.070539940121152276e-03
6.575054452151678610e-04 -3.386216408697820973e-04 -1.410155118598479520e-03 -1.366351912305148334e-03 3.634253079586618595e-03 -7.136811575617950181e-05 1.395911629000116212e-04 3.848255284912248386e-04 0.000000000000000000e+00 4.091751304956930393e-04 -4.378672626413631264e-04 2.588074694302206543e-03
3.348265470144672334e-04 -1.838505987574265302e-04 -1.354654024309378624e-04 2.975370254443123548e-04 9.282961379852110433e-04 4.942289670312498750e-04 2.151239494243208732e-05 8.533772152270406423e-05 4.091751304956930393e-04 0.000000000000000000e+00 4.572048659790601708e-04 -2.383949444938133409e-05
2.349372912672991289e-05 -9.009647035113027905e-04 2.645985071330099600e-04 -3.810424356488107561e-04 7.328588219721737795e-04 -2.568942681156596354e-04 -3.808379292217775125e-04 -2.654914243014472449e-04 -4.378672626413631264e-04 4.572048659790601708e-04 0.000000000000000000e+00 -8.148479346372637959e-04
-9.145803440786284518e-04 1.234663236120079862e-04 -1.050121480217556256e-03 -1.754967806771782048e-03 -1.655325678942783096e-03 -4.236538843478886244e-05 -8.261354812621995297e-05 -1.070539940121152276e-03 2.588074694302206543e-03 -2.383949444938133409e-05 -8.148479346372637959e-04 0.000000000000000000e+00
