0.000000000000000000e+00 -4.091089540758930374e-04 2.454604720314235221e-04 -1.208303541745493146e-04 4.299128436981589844e-04 -7.847239719770712860e-04 1.555789063853544056e-04 -5.929330655836192879e-04 -2.497811524360019444e-04 5.867347054812336498e-04 2.233862031337301764e-03 5.203166503866706776e-04
-4.091089540758930374e-04 0.000000000000000000e+00 -3.496045427045870488e-04 3.735158390972643724e-04 -2.175983282117834614e-04 9.845350603800409519e-04 -2.631606787970202960e-04 -8.569706262388667286e-04 -9.136366543171549337e-06 -8.421523969557021243e-04 -5.209500202594551967e-04 -1.685539818894999612e-04
2.454604720314235221e-04 -3.496045427045870488e-04 0.000000000000000000e+00 2.709478051803833657e-04 -3.552819948428569000e-04 3.570314013837382625e-04 -5.028818764018264890e-04 -2.695673600861697738e-04 9.244125441426793727e-05 1.052333709751193279e-03 -3.296974972158831559e-04 -2.672121505814567706e-04
-1.208303541745493146e-04 3.735158390972643724e-04 2.709478051803833657e-04 0.000000000000000000e+00 1.910847438854444019e-04 -1.223890689148878202e-03 -1.272490427339205562e-04 -6.391405268813823374e-04 -3.661999599459375134e-04 1.543466584397836286e-04 2.777032618214832433e-04 7.882154614363246695e-07
4.299128436981589844e-04 -2.175983282117834614e-04 -3.552819948428569000e-04 1.910847438854444019e-04 0.000000000000000000e+00 1.255284457033035289e-03 -1.694546297099599379e-04 8.506510238928910407e-04 1.048774173895893004e-04 -2.467087759370576724e-06 1.300570823292356189e-03 2.665144752890938654e-04
-7.847239719770712860e-04 9.845350603800409519e-04 3.570314013837382625e-04 -1.223890689148878202e-03 1.255284457033035289e-03 0.000000000000000000e+00 3.485678151587335216e-04 -1.318742578248390277e-03 5.022396324448096579e-04 1.545091497791675457e-03 3.269118330846968422e-03 -1.321584582117623849e-03
1.555789063853544056e-04 -2.631606787970202960e-04 -5.028818764018264890e-04 -1.272490427339205562e-04 -1.694546297099599379e-04 3.485678151587335216e-04 0.000000000000000000e+00 2.954067866982425304e-04 7.993954263239826802e-04 1.156169955688703815e-03 -6.128327317331970145e-05 -2.242097379485845712e-04
-5.929330655836192879e-04 -8.569706262388667286e-04 -2.695673600861697738e-04 -6.391405268813823374e-04 8.506510238928910407e-04 -1.318742578248390277e-03 2.954067866982425304e-04 0.000000000000000000e+00 5.607573307203311645e-04 1.331249881408563601e-03 -1.313026787457715044e-03 7.274041005191609916e-04
-2.497811524360019444e-04 -9.136366543171549337e-06 9.244125441426793727e-05 -3.661999599459375134e-04 1.048774173895893004e-04 5.022396324448096579e-04 7.993954263239826802e-04 5.607573307203311645e-04 0.000000000000000000e+00 -3.017509068885610357e-04 -1.490506677124915332e-03 -2.814890501309024688e-04
5.867347054812336498e-04 -8.421523969557021243e-04 1.052333709751193279e-03 1.543466584397836286e-04 -2.467087759370576724e-06 1.545091497791675457e-03 1.156169955688703815e-03 1.331249881408563601e-03 -3.017509068885610357e-04 0.000000000000000000e+00 -9.494281107462240851e-05 -1.117825019227130330e-03
2.233862031337301764e-03 -5.209500202594551967e-04 -3.296974972158831559e-04 2.777032618214832433e-04 1.300570823292356189e-03 3.269118330846968422e-03 -6.128327317331970145e-05 -1.313026787457715044e-03 -1.490506677124915332e-03 -9.494281107462240851e-05 0.000000000000000000e+00 1.671506550839557464e-03
5.203166503866706776e-04 -1.685539818894999612e-04 -2.672121505814567706e-04 7.882154614363246695e-07 2.665144752890938654e-04 -1.321584582117623849e-03 -2.242097379485845712e-04 7.274041005191609916e-04 -2.814890501309024688e-04 -1.117825019227130330e-03 1.671506550839557464e-03 0.000000000000000000e+00
