0.000000000000000000e+00 -2.312382000654511147e-04 -9.059917549637516775e-05 6.908702324071327951e-05 -3.968609696956118581e-04 -1.029014462198504537e-04 1.159874638132689893e-03 6.315799287360897209e-04 2.511145185734907164e-04 2.480393325994132629e-04 -4.181379055939540043e-04 1.002698215380715867e-03
-2.312382000654511147e-04 0.000000000000000000e+00 -4.587720852344153013e-05 2.670281776874623377e-04 1.754070577537722604e-04 1.319778289749188151e-03 2.087386991809283296e-04 -1.968200258574049244e-04 -4.282642557836964471e-04 1.243296694409017013e-04 -9.365067073906096660e-04 4.866768576397495971e-04
-9.059917549637516775e-05 -4.587720852344153013e-05 0.000000000000000000e+00 -5.651159790443346438e-05 1.952564969481744670e-04 -7.507133137495038827e-04 4.009008421861818774e-05 -7.689910593142039496e-04 2.974522204318446770e-04 -2.449409867051825351e-04 -9.728550840331127254e-04 7.286733547907539533e-04
6.908702324071327951e-05 2.670281776874623377e-04 -5.651159790443346438e-05 0.000000000000000000e+00 -2.536069422958569272e-04 1.075280508701396834e-03 1.516061239669394816e-04 5.497025159099458436e-04 -4.406179477124363866e-04 -5.788988722023440938e-04 -4.846921857282997649e-04 3.619663936186154818e-04
-3.968609696956118581e-04 1.754070577537722604e-04 1.952564969481744670e-04 -2.536069422958569272e-04 0.000000000000000000e+00 1.433230739459876541e-03 5.693458687993224873e-04 1.886705729902666650e-04 4.632678105762177002e-04 2.448686970392860191e-04 -4.939266076004421822e-04 -4.231366630004531585e-04
-1.029014462198504537e-04 1.319778289749188151e-03 -7.507133137495038827e-04 1.075280508701396834e-03 1.433230739459876541e-03 0.000000000000000000e+00 -1.640268319558691422e-03 -2.157046338094019931e-03 -4.514803629189261604e-05 1.893511513361339832e-03 -4.246459400344049749e-03 -8.620866091868525189e-04
1.159874638132689893e-03 2.087386991809283296e-04 4.009008421861818774e-05 1.516061239669394816e-04 5.693458687993224873e-04 -1.640268319558691422e-03 0.000000000000000000e+00 1.010995813146527101e-03 1.749730860001032316e-04 2.646509431284156514e-04 -1.334343791695789426e-03 3.085172110640402695e-05
6.315799287360897209e-04 -1.968200258574049244e-04 -7.689910593142039496e-04 5.497025159099458436e-04 1.886705729902666650e-04 -2.157046338094019931e-03 1.010995813146527101e-03 0.000000000000000000e+00 -2.074932080327230742e-04 5.538654519730655925e-04 1.794223857798279628e-03 -1.434384024163941709e-04
2.511145185734907164e-04 -4.282642557836964471e-04 2.974522204318446770e-04 -4.406179477124363866e-04 4.632678105762177002e-04 -4.514803629189261604e-05 1.749730860001032316e-04 -2.074932080327230742e-04 0.000000000000000000e+00 -7.034301680931073645e-04 -2.932655785646879850e-04 6.123055782313414431e-04
2.480393325994132629e-04 1.243296694409017013e-04 -2.449409867051825351e-04 -5.788988722023440938e-04 2.448686970392860191e-04 1.893511513361339832e-03 2.646509431284156514e-04 5.538654519730655925e-04 -7.034301680931073645e-04 0.000000000000000000e+00 -1.400586254413660600e-03 9.181675812202812204e-04
-4.181379055939540043e-04 -9.365067073906096660e-04 -9.728550840331127254e-04 -4.846921857282997649e-04 -4.939266076004421822e-04 -4.246459400344049749e-03 -1.334343791695789426e-03 1.794223857798279628e-03 -2.932655785646879850e-04 -1.400586254413660600e-03 0.000000000000000000e+00 -8.882918797237650092e-04
1.002698215380715867e-03 4.866768576397495971e-04 7.286733547907539533e-04 3.619663936186154818e-04 -4.231366630004531585e-04 -8.620866091868525189e-04 3.085172110640402695e-05 -1.434384024163941709e-04 6.123055782313414431e-04 9.181675812202812204e-04 -8.882918797237650092e-04 0.000000000000000000e+00
