0.000000000000000000e+00 -2.561781997861206704e-04 -6.534926472963228624e-04 1.534765900138940843e-05 -8.515325838398266956e-05 5.871912534711211905e-04 6.996944658729747728e-05 -3.122085099345828034e-04 3.781246565906004392e-04 7.419343969435125393e-04 -7.994745787770251091e-04 -6.844599302508070228e-05
-2.561781997861206704e-04 0.000000000000000000e+00 1.472362774387577834e-04 -9.736903909681670851e-05 3.474069864352019956e-04 -1.263365001724825595e-03 3.025809428409104271e-04 3.051157357800156453e-04 4.243317968068033318e-04 -1.289174648377472182e-04 3.138086947703629874e-04 3.074922468447483935e-04
-6.534926472963228624e-04 1.472362774387577834e-04 0.000000000000000000e+00 -2.660576291499633459e-05 -1.516957118047121270e-04 -1.422290337791285277e-03 7.412655884744939728e-05 -4.699539078284540716e-04 1.001991287395591140e-05 -2.439315873831512525e-04 3.016912259115841263e-04 -4.603200436286465505e-04
1.534765900138940843e-05 -9.736903909681670851e-05 -2.660576291499633459e-05 0.000000000000000000e+00 1.667533546576828679e-04 1.079723551651670405e-03 -2.513243167044482379e-04 6.179420092603427235e-04 3.248714162503561374e-04 3.676856627886341709e-04 7.199262269303931695e-04 -3.207442466787673420e-04
-8.515325838398266956e-05 3.474069864352019956e-04 -1.516957118047121270e-04 1.667533546576828679e-04 0.000000000000000000e+00 6.304087797474687950e-04 2.835472424609832443e-04 -2.519368746755999288e-04 -2.714590471598117994e-04 3.349571464289797119e-04 7.633395556641449364e-04 3.264708878405285096e-04
5.871912534711211905e-04 -1.263365001724825595e-03 -1.422290337791285277e-03 1.079723551651670405e-03 6.304087797474687950e-04 0.000000000000000000e+00 -2.543307256834032742e-04 7.588054601985238026e-04 -8.209719416863383743e-04 -2.350254606971778799e-03 -3.636336555687697133e-04 -1.638379532505535897e-04
6.996944658729747728e-05 3.025809428409104271e-04 7.412655884744939728e-05 -2.513243167044482379e-04 2.835472424609832443e-04 -2.543307256834032742e-04 0.000000000000000000e+00 -6.018196120999175377e-05 2.547530262589015526e-04 -2.835372243662960968e-04 -1.144599086599056102e-03 -2.293837001011834835e-04
-3.122085099345828034e-04 3.051157357800156453e-04 -4.699539078284540716e-04 6.179420092603427235e-04 -2.519368746755999288e-04 7.588054601985238026e-04 -6.018196120999175377e-05 0.000000000000000000e+00 2.351579969233447370e-04 -9.852220198398391974e-04 -7.663819457030860522e-04 6.750623751508089999e-04
3.781246565906004392e-04 4.243317968068033318e-04 1.001991287395591140e-05 3.248714162503561374e-04 -2.714590471598117994e-04 -8.209719416863383743e-04 2.547530262589015526e-04 2.351579969233447370e-04 0.000000000000000000e+00 -1.249665405405936858e-04 1.061492899060570818e-03 -5.910754230033640408e-04
7.419343969435125393e-04 -1.289174648377472182e-04 -2.439315873831512525e-04 3.676856627886341709e-04 3.349571464289797119e-04 -2.350254606971778799e-03 -2.835372243662960968e-04 -9.852220198398391974e-04 -1.249665405405936858e-04 0.000000000000000000e+00 2.261745193777262800e-03 6.579791203462999252e-04
-7.994745787770251091e-04 3.138086947703629874e-04 3.016912259115841263e-04 7.199262269303931695e-04 7.633395556641449364e-04 -3.636336555687697133e-04 -1.144599086599056102e-03 -7.663819457030860522e-04 1.061492899060570818e-03 2.261745193777262800e-03 0.000000000000000000e+00 -1.250839754165730200e-03
-6.844599302508070228e-05 3.074922468447483935e-04 -4.603200436286465505e-04 -3.207442466787673420e-04 3.264708878405285096e-04 -1.638379532505535897e-04 -2.293837001011834835e-04 6.750623751508089999e-04 -5.910754230033640408e-04 6.579791203462999252e-04 -1.250839754165730200e-03 0.000000000000000000e+00
