0.000000000000000000e+00 -1.773982315847302317e-04 -1.680953961978054619e-04 5.137887862452885420e-04 -4.804214162768629965e-04 -1.731726455511211704e-03 -1.205647048755350897e-03 8.302041721099211180e-04 8.777351167887474399e-04 -1.813489125076924943e-04 2.533932866855550473e-03 8.779179293672288763e-04
-1.773982315847302317e-04 0.000000000000000000e+00 2.173882156884461613e-04 -2.111399772805823589e-04 -2.450067410384577883e-04 -3.751636399160327329e-04 2.865686753868907938e-04 2.186620486007453913e-04 -3.502732877647501378e-04 -8.365850591706482401e-04 5.794364235333205162e-04 -3.633722800959735314e-04
-1.680953961978054619e-04 2.173882156884461613e-04 0.000000000000000000e+00 3.117953992449508122e-05 6.867712922296174321e-04 -6.737605293605318903e-04 2.397615221012670697e-04 6.490497620159811436e-05 5.030804814146486794e-05 6.469070258256938563e-04 8.639059296070931157e-04 3.319982049382635861e-04
5.137887862452885420e-04 -2.111399772805823589e-04 3.117953992449508122e-05 0.000000000000000000e+00 -1.538632030932003930e-04 1.401553503301621127e-03 -2.519505613965503663e-04 1.049070378279003211e-03 1.009082781990647948e-04 -1.486265346201546449e-03 -1.027915241325654894e-03 -3.616998357375285464e-04
-4.804214162768629965e-04 -2.450067410384577883e-04 6.867712922296174321e-04 -1.538632030932003930e-04 0.000000000000000000e+00 -1.137922288782013472e-03 -6.246463185676516105e-04 3.195392654329875246e-04 3.122679749420810297e-04 9.622477362592008550e-05 -8.673611262737899053e-04 2.605067035886893473e-04
-1.731726455511211704e-03 -3.751636399160327329e-04 -6.737605293605318903e-04 1.401553503301621127e-03 -1.137922288782013472e-03 0.000000000000000000e+00 9.675931733440682565e-04 8.838491640278377812e-04 -8.237293110176395266e-04 2.110955258386435374e-03 -4.473227711782492406e-04 1.230640904056582276e-03
-1.205647048755350897e-03 2.865686753868907938e-04 2.397615221012670697e-04 -2.519505613965503663e-04 -6.246463185676516105e-04 9.675931733440682565e-04 0.000000000000000000e+00 -8.624011793119831749e-04 6.856432867789584310e-04 -4.739332921631403102e-04 -5.697835691574673882e-04 2.793176275651930180e-04
8.302041721099211180e-04 2.186620486007453913e-04 6.490497620159811436e-05 1.049070378279003211e-03 3.195392654329875246e-04 8.838491640278377812e-04 -8.624011793119831749e-04 0.000000000000000000e+00 -3.967244361987002526e-04 -2.844592317705737974e-04 1.852491307040851241e-03 3.131964773836139367e-04
8.777351167887474399e-04 -3.502732877647501378e-04 5.030804814146486794e-05 1.009082781990647948e-04 3.122679749420810297e-04 -8.237293110176395266e-04 6.856432867789584310e-04 -3.967244361987002526e-04 0.000000000000000000e+00 -6.392513228807117191e-04 6.929047108551164612e-04 -1.132122946877869217e-04
-1.813489125076924943e-04 -8.365850591706482401e-04 6.469070258256938563e-04 -1.486265346201546449e-03 9.622477362592008550e-05 2.110955258386435374e-03 -4.739332921631403102e-04 -2.844592317705737974e-04 -6.392513228807117191e-04 0.000000000000000000e+00 6.248910464479929443e-04 1.224862352801920013e-03
2.533932866855550473e-03 5.794364235333205162e-04 8.639059296070931157e-04 -1.027915241325654894e-03 -8.673611262737899053e-04 -4.473227711782492406e-04 -5.697835691574673882e-04 1.852491307040851241e-03 6.929047108551164612e-04 6.248910464479929443e-04 0.000000000000000000e+00 6.972256181366993716e-04
8.779179293672288763e-04 -3.633722800959735314e-04 3.319982049382635861e-04 -3.616998357375285464e-04 2.605067035886893473e-04 1.230640904056582276e-03 2.793176275651930180e-04 3.131964773836139367e-04 -1.132122946877869217e-04 1.224862352801920013e-03 6.972256181366993716e-04 0.000000000000000000e+00
