0.000000000000000000e+00 5.762761448371716850e-04 2.171535776480440483e-04 -3.616931420144281657e-05 1.678393645980127817e-04 2.721030361729185817e-03 -5.260255051078184790e-04 -2.579794970983752440e-04 1.590671175094120725e-03 -7.145636402035826203e-04 3.309173245467146064e-04 -9.820783873857273898e-04
5.762761448371716850e-04 0.000000000000000000e+00 2.912155573360172313e-04 2.847313499158563493e-05 3.628336533079434562e-04 -5.913536810837075270e-04 -3.106897274605177205e-04 3.651010943741181121e-04 -1.353806483498276674e-05 3.601607047961642954e-04 1.200670786631637685e-03 -1.567354934439155797e-04
2.171535776480440483e-04 2.912155573360172313e-04 0.000000000000000000e+00 -3.188569520935777084e-04 2.296048722035349881e-04 -2.990125216183956965e-04 -3.513365765762716431e-04 -5.469289747484014797e-04 -2.189707984245153579e-04 7.226502066384918549e-05 3.104477746786494532e-04 -3.237498182196317715e-04
-3.616931420144281657e-05 2.847313499158563493e-05 -3.188569520935777084e-04 0.000000000000000000e+00 2.398286571323540739e-04 1.157997033781287655e-04 -2.376245125812293879e-04 -2.635759252329889077e-04 -1.507898641633809590e-04 -4.270141973207086292e-04 -1.090099139928031374e-03 4.669225369187657813e-04
1.678393645980127817e-04 3.628336533079434562e-04 2.296048722035349881e-04 2.398286571323540739e-04 0.000000000000000000e+00 -1.115527928954985473e-03 1.338706376753696925e-04 -3.259885149217987051e-04 2.306025231979036741e-04 3.859814195026497704e-04 -1.036879217807408710e-03 6.631815801952248637e-04
2.721030361729185817e-03 -5.913536810837075270e-04 -2.990125216183956965e-04 1.157997033781287655e-04 -1.115527928954985473e-03 0.000000000000000000e+00 -1.400196988095010796e-03 2.636054178362154561e-03 -1.796241082279486680e-03 1.574777636478209624e-03 -3.689471593117442470e-03 -1.259914650617981365e-03
-5.260255051078184790e-04 -3.106897274605177205e-04 -3.513365765762716431e-04 -2.376245125812293879e-04 1.338706376753696925e-04 -1.400196988095010796e-03 0.000000000000000000e+00 -9.861850207541879645e-04 7.533643295704388300e-04 -9.380970589438198098e-04 -1.092618033323198646e-03 -7.456721131532957191e-04
-2.579794970983752440e-04 3.651010943741181121e-04 -5.469289747484014797e-04 -2.635759252329889077e-04 -3.259885149217987051e-04 2.636054178362154561e-03 -9.861850207541879645e-04 0.000000000000000000e+00 5.672611392578965847e-05 1.539583419948675844e-03 5.135349376317260113e-04 -8.007466306169846572e-06
1.590671175094120725e-03 -1.353806483498276674e-05 -2.189707984245153579e-04 -1.507898641633809590e-04 2.306025231979036741e-04 -1.796241082279486680e-03 7.533643295704388300e-04 5.672611392578965847e-05 0.000000000000000000e+00 -1.752474326193845006e-04 -1.990102256723158460e-03 -5.172477884008768942e-04
-7.145636402035826203e-04 3.601607047961642954e-04 7.226502066384918549e-05 -4.270141973207086292e-04 3.859814195026497704e-04 1.574777636478209624e-03 -9.380970589438198098e-04 1.539583419948675844e-03 -1.752474326193845006e-04 0.000000000000000000e+00 1.062535324981495142e-03 -8.711727567957332045e-04
3.309173245467146064e-04 1.200670786631637685e-03 3.104477746786494532e-04 -1.090099139928031374e-03 -1.036879217807408710e-03 -3.689471593117442470e-03 -1.092618033323198646e-03 5.135349376317260113e-04 -1.990102256723158460e-03 1.062535324981495142e-03 0.000000000000000000e+00 -1.498840173359124346e-03
-9.820783873857273898e-04 -1.567354934439155797e-04 -3.237498182196317715e-04 4.669225369187657813e-04 6.631815801952248637e-04 -1.259914650617981365e-03 -7.456721131532957191e-04 -8.007466306169846572e-06 -5.172477884008768942e-04 -8.711727567957332045e-04 -1.498840173359124346e-03 0.000000000000000000e+00
