0.000000000000000000e+00 1.109355263145517332e-03 3.602269340908760488e-04 -1.228095927312631858e-03 5.531108082748226098e-04 -9.651031634877970094e-04 9.931333245418122544e-04 8.241842620807257689e-04 -9.650351787185989128e-05 1.744561384199924420e-03 -8.443449488234633935e-04 -4.467947922138068486e-04
1.109355263145517332e-03 0.000000000000000000e+00 6.060552747342735089e-04 2.996840128135856815e-04 -1.098464949954873158e-05 1.582697851678569996e-03 -1.490778913784605603e-03 1.167746608195934909e-03 8.661909711422131680e-04 -9.795841266790870656e-04 8.792586276216889443e-04 8.917167366610155793e-05
3.602269340908760488e-04 6.060552747342735089e-04 0.000000000000000000e+00 -2.937436668959667908e-04 -4.857708601289782474e-04 3.133571555538956668e-04 -2.457906292972735418e-04 2.224373621985722938e-04 -2.903087417846478930e-04 2.620183166822226926e-04 -2.237973626127920054e-04 2.560481246135891268e-04
-1.228095927312631858e-03 2.996840128135856815e-04 -2.937436668959667908e-04 0.000000000000000000e+00 -4.231511069434125009e-06 -1.495396829286911025e-03 1.021272831403615376e-03 -4.114535380713960793e-04 -2.749817265838785550e-04 -1.070443041259890168e-03 -5.597591798194745828e-04 -4.032455658811915072e-04
5.531108082748226098e-04 -1.098464949954873158e-05 -4.857708601289782474e-04 -4.231511069434125009e-06 0.000000000000000000e+00 8.970597991118027352e-04 3.661738824800975884e-04 -4.162691824326630874e-04 -5.718324203698686714e-04 2.530571649630894665e-04 6.121098809572309962e-04 1.796601952565761505e-04
-9.651031634877970094e-04 1.582697851678569996e-03 3.133571555538956668e-04 -1.495396829286911025e-03 8.970597991118027352e-04 0.000000000000000000e+00 3.419495821680196583e-04 -5.779076063735262688e-04 9.839441555025598817e-04 -2.102477383319519954e-03 5.620558630541150433e-04 8.917009024865113487e-04
9.931333245418122544e-04 -1.490778913784605603e-03 -2.457906292972735418e-04 1.021272831403615376e-03 3.661738824800975884e-04 3.419495821680196583e-04 0.000000000000000000e+00 -2.668038286974240233e-04 4.883327125887561900e-04 1.933698671954301850e-03 -1.178642226280368719e-03 3.873491279190356554e-04
8.241842620807257689e-04 1.167746608195934909e-03 2.224373621985722938e-04 -4.114535380713960793e-04 -4.162691824326630874e-04 -5.779076063735262688e-04 -2.668038286974240233e-04 0.000000000000000000e+00 -1.836506647163093579e-04 -9.873069138116986974e-05 -1.921313801373247831e-04 -7.413284880235324753e-05
-9.650351787185989128e-05 8.661909711422131680e-04 -2.903087417846478930e-04 -2.749817265838785550e-04 -5.718324203698686714e-04 9.839441555025598817e-04 4.883327125887561900e-04 -1.836506647163093579e-04 0.000000000000000000e+00 2.955986387003834868e-04 4.756545809883890139e-05 -4.751775851818982395e-04
1.744561384199924420e-03 -9.795841266790870656e-04 2.620183166822226926e-04 -1.070443041259890168e-03 2.530571649630894665e-04 -2.102477383319519954e-03 1.933698671954301850e-03 -9.873069138116986974e-05 2.955986387003834868e-04 0.000000000000000000e+00 9.470731060398979899e-04 -5.621690368999030050e-04
-8.443449488234633935e-04 8.792586276216889443e-04 -2.237973626127920054e-04 -5.597591798194745828e-04 6.121098809572309962e-04 5.620558630541150433e-04 -1.178642226280368719e-03 -1.921313801373247831e-04 4.756545809883890139e-05 9.470731060398979899e-04 0.000000000000000000e+00 8.355746508724881010e-05
-4.467947922138068486e-04 8.917167366610155793e-05 2.560481246135891268e-04 -4.032455658811915072e-04 1.796601952565761505e-04 8.917009024865113487e-04 3.873491279190356554e-04 -7.413284880235324753e-05 -4.751775851818982395e-04 -5.621690368999030050e-04 8.355746508724881010e-05 0.000000000000000000e+00
