0.000000000000000000e+00 1.556278912220508464e-03 2.458535664179024009e-05 1.750343841366817379e-04 -6.493456672585761489e-04 2.238968388449534292e-03 1.053761767896176831e-03 8.086773122708699113e-04 6.940235327644811783e-04 1.707965427413473628e-03 1.363564065218751675e-03 -2.137904905651098807e-04
1.556278912220508464e-03 0.000000000000000000e+00 -9.964269605850057613e-04 -5.695018770296484843e-04 1.668119452128360872e-04 8.551108672440170142e-04 1.379379372089521542e-03 -7.083227997308208989e-04 4.655651488076705913e-04 -9.004775136368222072e-04 -2.353610740006990945e-05 -3.966800774321961294e-04
2.458535664179024009e-05 -9.964269605850057613e-04 0.000000000000000000e+00 3.806763741781838111e-04 3.174459805958109188e-07 -2.781053898997552310e-04 -4.417661105391611697e-04 1.810734323304857482e-04 2.575552543777631805e-04 -5.190340043837943576e-04 -1.751357834823920377e-04 7.746872847317919683e-05
1.750343841366817379e-04 -5.695018770296484843e-04 3.806763741781838111e-04 0.000000000000000000e+00 -5.358767994248889339e-04 4.968389191815775208e-04 5.008498887668405477e-04 4.828230511236004924e-05 3.666980865058803041e-04 -1.800532690131762372e-03 -4.331430699790094407e-04 -2.581969399461132180e-04
-6.493456672585761489e-04 1.668119452128360872e-04 3.174459805958109188e-07 -5.358767994248889339e-04 0.000000000000000000e+00 5.395637038793702194e-04 -7.453170614693696669e-05 1.240288820576417289e-04 -1.122448801576038277e-04 -3.235586280604284341e-05 4.244319158810451204e-04 -2.207718543762200855e-04
2.238968388449534292e-03 8.551108672440170142e-04 -2.781053898997552310e-04 4.968389191815775208e-04 5.395637038793702194e-04 0.000000000000000000e+00 -1.458670036645145270e-03 1.466218603018568925e-03 3.962911797283589902e-04 -2.092631464305834410e-03 -6.586183495468080854e-04 -2.269727619997075898e-04
1.053761767896176831e-03 1.379379372089521542e-03 -4.417661105391611697e-04 5.008498887668405477e-04 -7.453170614693696669e-05 -1.458670036645145270e-03 0.000000000000000000e+00 6.332048351905876461e-04 -1.454167551932761238e-04 -1.193756509612357766e-03 3.918300233538572265e-04 4.275649318572791809e-04
8.086773122708699113e-04 -7.083227997308208989e-04 1.810734323304857482e-04 4.828230511236004924e-05 1.240288820576417289e-04 1.466218603018568925e-03 6.332048351905876461e-04 0.000000000000000000e+00 -7.101209777477671473e-04 -7.194504537476959427e-04 4.352448501604838367e-04 -8.657173402915394186e-05
6.940235327644811783e-04 4.655651488076705913e-04 2.575552543777631805e-04 3.666980865058803041e-04 -1.122448801576038277e-04 3.962911797283589902e-04 -1.454167551932761238e-04 -7.101209777477671473e-04 0.000000000000000000e+00 7.420685272739751571e-04 -4.294891325035472720e-04 2.270578532498061959e-04
1.707965427413473628e-03 -9.004775136368222072e-04 -5.190340043837943576e-04 -1.800532690131762372e-03 -3.235586280604284341e-05 -2.092631464305834410e-03 -1.193756509612357766e-03 -7.194504537476959427e-04 7.420685272739751571e-04 0.000000000000000000e+00 -2.164317542695162321e-04 3.645094641586516345e-05
1.363564065218751675e-03 -2.353610740006990945e-05 -1.751357834823920377e-04 -4.331430699790094407e-04 4.244319158810451204e-04 -6.586183495468080854e-04 3.918300233538572265e-04 4.352448501604838367e-04 -4.294891325035472720e-04 -2.164317542695162321e-04 0.000000000000000000e+00 -3.003953978690359077e-04
-2.137904905651098807e-04 -3.966800774321961294e-04 7.746872847317919683e-05 -2.581969399461132180e-04 -2.207718543762200855e-04 -2.269727619997075898e-04 4.275649318572791809e-04 -8.657173402915394186e-05 2.270578532498061959e-04 3.645094641586516345e-05 -3.003953978690359077e-04 0.000000000000000000e+00
