0.000000000000000000e+00 8.069606179955295729e-05 -4.721527076927214701e-04 7.743709978849683696e-04 8.708778634794173525e-04 -1.060461078418182927e-03 -1.176846549224289367e-03 -6.748649309254420477e-04 3.261859440463685256e-04 1.191867236798211565e-03 5.080404874565951296e-04 9.106015374228259998e-04
8.069606179955295729e-05 0.000000000000000000e+00 4.849249132957633647e-04 5.160390582302396782e-04 -2.171059289336319637e-04 2.821364518086674940e-03 2.397367407829938623e-04 -7.802603729411819108e-04 -8.246820668764494495e-04 1.036650890214373642e-03 -9.741907004338481784e-04 -3.959899771456373190e-04
-4.721527076927214701e-04 4.849249132957633647e-04 0.000000000000000000e+00 1.801255008058862909e-04 3.151535011310722229e-04 7.478754388430803419e-05 -6.259632215724009402e-04 1.061174511317455676e-04 -4.303158532709188354e-04 -6.230207587756973926e-04 2.969066149203014658e-04 -1.139857042582442651e-04
7.743709978849683696e-04 5.160390582302396782e-04 1.801255008058862909e-04 0.000000000000000000e+00 -1.869262200011823029e-04 -7.068238307229223957e-04 6.262236187505594402e-04 9.096572998905116155e-05 3.499673373142042567e-04 5.270357789271376591e-04 -2.914560102320161309e-04 8.107326356638196391e-05
8.708778634794173525e-04 -2.171059289336319637e-04 3.151535011310722229e-04 -1.869262200011823029e-04 0.000000000000000000e+00 -1.015858678461357533e-03 -3.895296184215669977e-04 4.008462832193137280e-04 -5.011819864823675386e-04 1.155840451081790619e-03 1.172170864506305349e-04 -1.452329110576904112e-04
-1.060461078418182927e-03 2.821364518086674940e-03 7.478754388430803419e-05 -7.068238307229223957e-04 -1.015858678461357533e-03 0.000000000000000000e+00 -2.248957374506692797e-03 -1.038422210631325098e-03 7.770957502858737934e-04 1.276819155498882868e-03 -7.117475354719880265e-04 -7.884297563797670839e-04
-1.176846549224289367e-03 2.397367407829938623e-04 -6.259632215724009402e-04 6.262236187505594402e-04 -3.895296184215669977e-04 -2.248957374506692797e-03 0.000000000000000000e+00 7.711366417960562525e-04 -6.124897766347953436e-04 -8.368989644354182279e-04 -1.308632750633422718e-03 3.559733478912659676e-04
-6.748649309254420477e-04 -7.802603729411819108e-04 1.061174511317455676e-04 9.096572998905116155e-05 4.008462832193137280e-04 -1.038422210631325098e-03 7.711366417960562525e-04 0.000000000000000000e+00 5.323638383603301579e-04 8.704961919032532794e-04 -1.927721459123225790e-04 -4.018294279444472174e-04
3.261859440463685256e-04 -8.246820668764494495e-04 -4.303158532709188354e-04 3.499673373142042567e-04 -5.011819864823675386e-04 7.770957502858737934e-04 -6.124897766347953436e-04 5.323638383603301579e-04 0.000000000000000000e+00 3.248180489113658897e-04 -7.022904852666708134e-05 -3.108227681772952520e-04
1.191867236798211565e-03 1.036650890214373642e-03 -6.230207587756973926e-04 5.270357789271376591e-04 1.155840451081790619e-03 1.276819155498882868e-03 -8.368989644354182279e-04 8.704961919032532794e-04 3.248180489113658897e-04 0.000000000000000000e+00 -1.241274545928445355e-03 3.083446477355757348e-04
5.080404874565951296e-04 -9.741907004338481784e-04 2.969066149203014658e-04 -2.914560102320161309e-04 1.172170864506305349e-04 -7.117475354719880265e-04 -1.308632750633422718e-03 -1.927721459123225790e-04 -7.022904852666708134e-05 -1.241274545928445355e-03 0.000000000000000000e+00 -2.549264188942335823e-04
9.106015374228259998e-04 -3.959899771456373190e-04 -1.139857042582442651e-04 8.107326356638196391e-05 -1.452329110576904112e-04 -7.884297563797670839e-04 3.559733478912659676e-04 -4.018294279444472174e-04 -3.108227681772952520e-04 3.083446477355757348e-04 -2.549264188942335823e-04 0.000000000000000000e+00
