0.000000000000000000e+00 2.085274961326197708e-03 -3.732917325063234886e-04 8.518885404770264961e-04 4.990503766366072248e-04 1.737656759280830883e-03 2.818086713439173219e-03 2.485315970695188494e-04 7.602443372657667273e-04 -1.830929718406227539e-03 -5.764618963076602895e-05 6.420370769561781167e-04
2.085274961326197708e-03 0.000000000000000000e+00 -5.003036921547140883e-04 -8.686187831149575758e-04 5.356036624998658947e-04 3.358019348364198447e-03 1.658485211373866884e-03 -4.640556731213785701e-04 4.053514128279400480e-04 1.825452070088803228e-03 -6.584448473174350737e-04 1.241502302514718421e-04
-3.732917325063234886e-04 -5.003036921547140883e-04 0.000000000000000000e+00 -3.918725072558425053e-04 2.375330131781866548e-04 7.245487969742655425e-04 4.833843936054092304e-04 -2.329620554100275557e-04 3.647427870788323245e-05 -5.620311741462755790e-04 -6.063504484953194081e-04 -2.000511265545677959e-04
8.518885404770264961e-04 -8.686187831149575758e-04 -3.918725072558425053e-04 0.000000000000000000e+00 2.341618235861268513e-04 -4.226854887882656227e-04 4.247632838263417547e-04 -8.372528565848054189e-05 -2.758712303779981066e-04 8.701128060260126509e-05 1.313751291344496697e-04 -2.903431755222396818e-04
4.990503766366072248e-04 5.356036624998658947e-04 2.375330131781866548e-04 2.341618235861268513e-04 0.000000000000000000e+00 7.032462070003386726e-04 -6.894199225422767635e-04 3.380112124794675465e-04 1.888783499724899155e-04 -2.168108975650597447e-04 -5.763227718707202149e-04 -3.222871592729889350e-04
1.737656759280830883e-03 3.358019348364198447e-03 7.245487969742655425e-04 -4.226854887882656227e-04 7.032462070003386726e-04 0.000000000000000000e+00 -1.789436281233843223e-03 -3.087818065843739410e-04 -5.377202348309792555e-05 -2.814234947702873302e-03 -1.566462671462946678e-03 -6.097899965106472328e-04
2.818086713439173219e-03 1.658485211373866884e-03 4.833843936054092304e-04 4.247632838263417547e-04 -6.894199225422767635e-04 -1.789436281233843223e-03 0.000000000000000000e+00 3.529136046657647247e-04 -8.052933986976985566e-04 1.287527168559817912e-03 -6.883717625392797796e-04 3.435658896901520572e-04
2.485315970695188494e-04 -4.640556731213785701e-04 -2.329620554100275557e-04 -8.372528565848054189e-05 3.380112124794675465e-04 -3.087818065843739410e-04 3.529136046657647247e-04 0.000000000000000000e+00 6.901132287687425132e-05 -4.879052299033122199e-04 4.009585639376280733e-04 -1.285830978702362602e-04
7.602443372657667273e-04 4.053514128279400480e-04 3.647427870788323245e-05 -2.758712303779981066e-04 1.888783499724899155e-04 -5.377202348309792555e-05 -8.052933986976985566e-04 6.901132287687425132e-05 0.000000000000000000e+00 -7.769886648028157114e-04 -4.616971969925196353e-04 1.384036833032555806e-04
-1.830929718406227539e-03 1.825452070088803228e-03 -5.620311741462755790e-04 8.701128060260126509e-05 -2.168108975650597447e-04 -2.814234947702873302e-03 1.287527168559817912e-03 -4.879052299033122199e-04 -7.769886648028157114e-04 0.000000000000000000e+00 5.414009918691708220e-04 -4.823042685780437659e-05
-5.764618963076602895e-05 -6.584448473174350737e-04 -6.063504484953194081e-04 1.313751291344496697e-04 -5.763227718707202149e-04 -1.566462671462946678e-03 -6.883717625392797796e-04 4.009585639376280733e-04 -4.616971969925196353e-04 5.414009918691708220e-04 0.000000000000000000e+00 2.592930135301392070e-04
6.420370769561781167e-04 1.241502302514718421e-04 -2.000511265545677959e-04 -2.903431755222396818e-04 -3.222871592729889350e-04 -6.097899965106472328e-04 3.435658896901520572e-04 -1.285830978702362602e-04 1.384036833032555806e-04 -4.823042685780437659e-05 2.592930135301392070e-04 0.000000000000000000e+00
