0.000000000000000000e+00 -2.846342982834110941e-03 1.257536753744683275e-03 3.068801360186991685e-05 4.143577454980736639e-04 -3.492084047402640740e-03 1.211183482802300100e-03 -7.974689383498739467e-05 2.840350940086980433e-04 5.147240122898305440e-04 8.884387123855131763e-04 -8.964711509452980389e-05
-2.846342982834110941e-03 0.000000000000000000e+00 -3.416490209898326693e-04 -8.718119199386429544e-04 3.741547485833476220e-04 1.572860333906410694e-03 1.730763938349311627e-03 -1.417328881301210320e-04 4.208672761716420407e-04 -2.097178142686018272e-03 -9.196024400210739891e-04 1.171603984115481201e-04
1.257536753744683275e-03 -3.416490209898326693e-04 0.000000000000000000e+00 -8.589616079478344267e-04 4.108180341204329018e-04 6.396593271178284803e-04 -3.539450867158578967e-04 1.327336139812036655e-04 -3.812276119805382271e-04 1.077436245903747427e-03 1.463039014759467591e-04 -4.306682233740294282e-05
3.068801360186991685e-05 -8.718119199386429544e-04 -8.589616079478344267e-04 0.000000000000000000e+00 4.068469087987754791e-04 -1.004207605018897628e-03 -1.091609537801353259e-03 2.246697678597649617e-04 4.970232631101164592e-04 -9.120254822368489877e-04 2.894823775355011026e-04 1.531988381651659139e-04
4.143577454980736639e-04 3.741547485833476220e-04 4.108180341204329018e-04 4.068469087987754791e-04 0.000000000000000000e+00 -7.146504854266870705e-04 2.182289115604683016e-04 -8.070424114521979444e-04 -1.368984422196564720e-04 -4.136378585264945357e-04 -1.342467914029393588e-04 1.093724108769581171e-04
-3.492084047402640740e-03 1.572860333906410694e-03 6.396593271178284803e-04 -1.004207605018897628e-03 -7.146504854266870705e-04 0.000000000000000000e+00 -2.074841629536368793e-03 2.614440222589553661e-04 2.241586284747701209e-05 -8.707052769615042332e-04 1.439619560353184047e-03 -4.357119703450836653e-04
1.211183482802300100e-03 1.730763938349311627e-03 -3.539450867158578967e-04 -1.091609537801353259e-03 2.182289115604683016e-04 -2.074841629536368793e-03 0.000000000000000000e+00 -1.074481004703129339e-03 7.957807392793625001e-04 1.241366260297399778e-03 -9.961730366783670947e-04 -1.730520779630308702e-04
-7.974689383498739467e-05 -1.417328881301210320e-04 1.327336139812036655e-04 2.246697678597649617e-04 -8.070424114521979444e-04 2.614440222589553661e-04 -1.074481004703129339e-03 0.000000000000000000e+00 3.590831382917759299e-04 1.111879492472371556e-03 -9.755615470718560301e-04 -4.381297478823231750e-04
2.840350940086980433e-04 4.208672761716420407e-04 -3.812276119805382271e-04 4.970232631101164592e-04 -1.368984422196564720e-04 2.241586284747701209e-05 7.957807392793625001e-04 3.590831382917759299e-04 0.000000000000000000e+00 5.341725637150189672e-04 -1.094537608235156631e-04 1.050175680969221665e-04
5.147240122898305440e-04 -2.097178142686018272e-03 1.077436245903747427e-03 -9.120254822368489877e-04 -4.136378585264945357e-04 -8.707052769615042332e-04 1.241366260297399778e-03 1.111879492472371556e-03 5.341725637150189672e-04 0.000000000000000000e+00 -2.786539601068383962e-04 5.600898262690325209e-04
8.884387123855131763e-04 -9.196024400210739891e-04 1.463039014759467591e-04 2.894823775355011026e-04 -1.342467914029393588e-04 1.439619560353184047e-03 -9.961730366783670947e-04 -9.755615470718560301e-04 -1.094537608235156631e-04 -2.786539601068383962e-04 0.000000000000000000e+00 -6.361091454807694034e-05
-8.964711509452980389e-05 1.171603984115481201e-04 -4.306682233740294282e-05 1.531988381651659139e-04 1.093724108769581171e-04 -4.357119703450836653e-04 -1.730520779630308702e-04 -4.381297478823231750e-04 1.050175680969221665e-04 5.600898262690325209e-04 -6.361091454807694034e-05 0.000000000000000000e+00
