0.000000000000000000e+00 2.007185173911950685e-03 -1.616819045483879926e-03 -2.755533860719625895e-04 -1.551966342797816880e-04 -5.159009017914015531e-04 -1.214675525223264099e-03 -6.130278186088090322e-04 2.817209507063613526e-04 4.277786022389125711e-04 -8.120783733925721103e-04 8.987504966328185819e-06
2.007185173911950685e-03 0.000000000000000000e+00 1.295371872427312490e-03 -1.957998368671119043e-04 -8.818561597247097036e-05 -1.365347403278284293e-03 2.668278712446232707e-03 -1.389540659273928941e-03 -3.147758414431038815e-04 -1.562578535323332551e-03 1.653192084285374196e-03 -6.172713398252831132e-04
-1.616819045483879926e-03 1.295371872427312490e-03 0.000000000000000000e+00 2.849195240022782687e-04 4.337941630893217115e-04 -2.126653176869212685e-04 -1.313897538708502517e-04 8.555357249029335110e-04 -9.843651267409334071e-05 3.424334733501297473e-06 -2.955325812133820988e-04 -4.834859911520292893e-05
-2.755533860719625895e-04 -1.957998368671119043e-04 2.849195240022782687e-04 0.000000000000000000e+00 -3.460392321189901242e-04 4.605036884261724784e-04 -9.047494720567538689e-05 -9.022205696043588156e-04 -4.708735949970270875e-04 -2.320760272366838880e-04 5.523326937506953423e-04 -1.789918252959878889e-04
-1.551966342797816880e-04 -8.818561597247097036e-05 4.337941630893217115e-04 -3.460392321189901242e-04 0.000000000000000000e+00 2.102286577144798238e-04 5.519616680011544011e-04 -5.171421174559615724e-04 -1.979558340347007165e-04 -5.027913039189913641e-04 -3.370265166444018291e-04 1.468823768456206614e-04
-5.159009017914015531e-04 -1.365347403278284293e-03 -2.126653176869212685e-04 4.605036884261724784e-04 2.102286577144798238e-04 0.000000000000000000e+00 5.375493795908560480e-04 5.221466537340222359e-04 3.605704486514815788e-04 -2.259642487523124159e-05 -3.469939902550685674e-04 2.433875640563807241e-04
-1.214675525223264099e-03 2.668278712446232707e-03 -1.313897538708502517e-04 -9.047494720567538689e-05 5.519616680011544011e-04 5.375493795908560480e-04 0.000000000000000000e+00 1.319610637753993853e-03 -5.915366439215233437e-04 -7.046834349557045936e-04 -1.147007111068794154e-03 -3.173759398351657496e-04
-6.130278186088090322e-04 -1.389540659273928941e-03 8.555357249029335110e-04 -9.022205696043588156e-04 -5.171421174559615724e-04 5.221466537340222359e-04 1.319610637753993853e-03 0.000000000000000000e+00 -6.972404112776639561e-04 -3.947399715423853496e-04 -1.894175024484978610e-03 -6.945304407572513950e-04
2.817209507063613526e-04 -3.147758414431038815e-04 -9.843651267409334071e-05 -4.708735949970270875e-04 -1.979558340347007165e-04 3.605704486514815788e-04 -5.915366439215233437e-04 -6.972404112776639561e-04 0.000000000000000000e+00 2.829635351811897372e-04 -1.605322403976721876e-04 -2.133842839711229313e-04
4.277786022389125711e-04 -1.562578535323332551e-03 3.424334733501297473e-06 -2.320760272366838880e-04 -5.027913039189913641e-04 -2.259642487523124159e-05 -7.046834349557045936e-04 -3.947399715423853496e-04 2.829635351811897372e-04 0.000000000000000000e+00 -4.490606897735548836e-04 1.859123236385098359e-04
-8.120783733925721103e-04 1.653192084285374196e-03 -2.955325812133820988e-04 5.523326937506953423e-04 -3.370265166444018291e-04 -3.469939902550685674e-04 -1.147007111068794154e-03 -1.894175024484978610e-03 -1.605322403976721876e-04 -4.490606897735548836e-04 0.000000000000000000e+00 -2.453328508589526408e-06
8.987504966328185819e-06 -6.172713398252831132e-04 -4.834859911520292893e-05 -1.789918252959878889e-04 1.468823768456206614e-04 2.433875640563807241e-04 -3.173759398351657496e-04 -6.945304407572513950e-04 -2.133842839711229313e-04 1.859123236385098359e-04 -2.453328508589526408e-06 0.000000000000000000e+00
