0.000000000000000000e+00 -8.509023252228442667e-04 1.900844776189099217e-04 3.789447037483911415e-04 -3.576557137861736306e-04 -5.842887590130646123e-04 -7.002783857676180782e-04 4.966628456784070045e-04 1.332352207720884573e-04 1.032348706573328915e-03 -3.246279991026900869e-04 4.125443900038058202e-04
-8.509023252228442667e-04 0.000000000000000000e+00 -2.169307863130321215e-03 -1.074123992781799005e-03 1.912836582832527690e-04 1.205364185824157712e-03 -1.728406399919032608e-03 4.330293424680347128e-03 -8.477163581658844153e-04 1.179012323711622510e-03 3.023818846576801773e-04 1.045979788603091949e-03
1.900844776189099217e-04 -2.169307863130321215e-03 0.000000000000000000e+00 3.497720468880200894e-04 -3.730862579551568132e-04 5.727025882521297531e-04 1.263727689331534208e-03 1.291120755738761486e-03 4.940331884288679453e-04 -6.903888502103297693e-04 -5.354735810001064926e-04 -2.774893595534732704e-04
3.789447037483911415e-04 -1.074123992781799005e-03 3.497720468880200894e-04 0.000000000000000000e+00 2.997048426874939246e-04 3.173889566535304180e-04 -9.973779181103106795e-04 -2.160527839959135968e-04 1.492924295397469851e-04 -2.448244503731175832e-04 -3.876082911255760181e-04 1.749462836906887401e-05
-3.576557137861736306e-04 1.912836582832527690e-04 -3.730862579551568132e-04 2.997048426874939246e-04 0.000000000000000000e+00 1.696813764102912052e-04 -4.143408391840295245e-04 -4.869435766646560662e-04 -5.537971926397560862e-05 -1.126661358306944654e-04 1.802485486781191736e-04 -2.932045322179243881e-04
-5.842887590130646123e-04 1.205364185824157712e-03 5.727025882521297531e-04 3.173889566535304180e-04 1.696813764102912052e-04 0.000000000000000000e+00 -3.661139365134523957e-04 7.514570596334218698e-04 -4.014896026441947376e-04 -5.748717078572624078e-04 -5.693053799044099986e-04 -3.926787963526242350e-04
-7.002783857676180782e-04 -1.728406399919032608e-03 1.263727689331534208e-03 -9.973779181103106795e-04 -4.143408391840295245e-04 -3.661139365134523957e-04 0.000000000000000000e+00 -1.620841057951944494e-03 -2.770577295144485111e-04 -2.998755344086666903e-04 -6.151998225729315116e-04 5.330123393485703201e-04
4.966628456784070045e-04 4.330293424680347128e-03 1.291120755738761486e-03 -2.160527839959135968e-04 -4.869435766646560662e-04 7.514570596334218698e-04 -1.620841057951944494e-03 0.000000000000000000e+00 1.233263663663157700e-03 -7.085212091575986181e-04 6.375081069885006960e-04 8.904576960323872057e-04
1.332352207720884573e-04 -8.477163581658844153e-04 4.940331884288679453e-04 1.492924295397469851e-04 -5.537971926397560862e-05 -4.014896026441947376e-04 -2.770577295144485111e-04 1.233263663663157700e-03 0.000000000000000000e+00 5.827170186569604688e-05 6.395268450575644680e-04 -1.171737564164887285e-04
1.032348706573328915e-03 1.179012323711622510e-03 -6.903888502103297693e-04 -2.448244503731175832e-04 -1.126661358306944654e-04 -5.748717078572624078e-04 -2.998755344086666903e-04 -7.085212091575986181e-04 5.827170186569604688e-05 0.000000000000000000e+00 -6.453158812409684735e-04 -1.568401976784345440e-04
-3.246279991026900869e-04 3.023818846576801773e-04 -5.354735810001064926e-04 -3.876082911255760181e-04 1.802485486781191736e-04 -5.693053799044099986e-04 -6.151998225729315116e-04 6.375081069885006960e-04 6.395268450575644680e-04 -6.453158812409684735e-04 0.000000000000000000e+00 -4.483784712940908665e-04
4.125443900038058202e-04 1.045979788603091949e-03 -2.774893595534732704e-04 1.749462836906887401e-05 -2.932045322179243881e-04 -3.926787963526242350e-04 5.330123393485703201e-04 8.904576960323872057e-04 -1.171737564164887285e-04 -1.568401976784345440e-04 -4.483784712940908665e-04 0.000000000000000000e+00
