0.000000000000000000e+00 2.769851520364261920e-03 -1.469575732864400984e-03 -6.501196173111606857e-05 1.990940586903792184e-04 -6.932971158561778953e-04 -1.064202705769223215e-03 -2.105287949813916711e-03 1.812963775762545032e-04 -1.097562609545829886e-03 -8.407569922977858358e-04 -4.397878610970240576e-04
2.769851520364261920e-03 0.000000000000000000e+00 1.697631580962529613e-03 -1.292078870777427268e-03 1.524480491877387494e-04 4.467987056370218503e-05 -1.949996238028006224e-03 -7.897969030421972793e-04 -6.405613259645780242e-04 -1.815469711778666282e-03 -1.433854600694286011e-03 6.718543664258244110e-04
-1.469575732864400984e-03 1.697631580962529613e-03 0.000000000000000000e+00 2.969449706770119625e-04 -2.658364310919115447e-05 -1.123127519874225452e-04 1.016393288329967524e-03 -2.394822516122149803e-03 -2.418492532591429676e-04 6.132094835351575282e-04 9.681122963919821687e-04 -1.167462996248597098e-04
-6.501196173111606857e-05 -1.292078870777427268e-03 2.969449706770119625e-04 0.000000000000000000e+00 -4.570494776359103773e-04 -5.084348274531377817e-06 -1.085220843504152615e-03 -1.872160078527010515e-04 3.383476528130636074e-04 1.092348434599738262e-04 1.503510553024390445e-04 -3.185685650502675112e-04
1.990940586903792184e-04 1.524480491877387494e-04 -2.658364310919115447e-05 -4.570494776359103773e-04 0.000000000000000000e+00 3.141882219778594550e-04 5.649620059064169462e-05 4.267314238752339213e-04 -3.381902526471850597e-04 -1.943958682063493817e-04 2.107767370175362234e-04 2.067784839351999283e-04
-6.932971158561778953e-04 4.467987056370218503e-05 -1.123127519874225452e-04 -5.084348274531377817e-06 3.141882219778594550e-04 0.000000000000000000e+00 8.867664190902254003e-04 -3.628485322554492751e-04 -2.038342951847580390e-05 -7.872311018573075261e-04 -1.852278858112813616e-04 -3.959853812544962512e-07
-1.064202705769223215e-03 -1.949996238028006224e-03 1.016393288329967524e-03 -1.085220843504152615e-03 5.649620059064169462e-05 8.867664190902254003e-04 0.000000000000000000e+00 -1.938301664444324994e-03 -5.945889679475583212e-04 6.109718244474951661e-04 -4.914679339937882236e-04 1.535989459397521083e-04
-2.105287949813916711e-03 -7.897969030421972793e-04 -2.394822516122149803e-03 -1.872160078527010515e-04 4.267314238752339213e-04 -3.628485322554492751e-04 -1.938301664444324994e-03 0.000000000000000000e+00 -2.713367753382938991e-04 -1.903199430517472967e-03 1.284777034921006809e-03 1.562288600815805908e-04
1.812963775762545032e-04 -6.405613259645780242e-04 -2.418492532591429676e-04 3.383476528130636074e-04 -3.381902526471850597e-04 -2.038342951847580390e-05 -5.945889679475583212e-04 -2.713367753382938991e-04 0.000000000000000000e+00 -5.196139117903483427e-04 7.615956380823400056e-05 7.127623140187646083e-05
-1.097562609545829886e-03 -1.815469711778666282e-03 6.132094835351575282e-04 1.092348434599738262e-04 -1.943958682063493817e-04 -7.872311018573075261e-04 6.109718244474951661e-04 -1.903199430517472967e-03 -5.196139117903483427e-04 0.000000000000000000e+00 -1.555122417528226764e-03 2.301474144273749490e-04
-8.407569922977858358e-04 -1.433854600694286011e-03 9.681122963919821687e-04 1.503510553024390445e-04 2.107767370175362234e-04 -1.852278858112813616e-04 -4.914679339937882236e-04 1.284777034921006809e-03 7.615956380823400056e-05 -1.555122417528226764e-03 0.000000000000000000e+00 5.262102185519164377e-05
-4.397878610970240576e-04 6.718543664258244110e-04 -1.167462996248597098e-04 -3.185685650502675112e-04 2.067784839351999283e-04 -3.959853812544962512e-07 1.535989459397521083e-04 1.562288600815805908e-04 7.127623140187646083e-05 2.301474144273749490e-04 5.262102185519164377e-05 0.000000000000000000e+00
