0.000000000000000000e+00 -6.849275405274052753e-04 -1.072854143704692498e-03 -5.518791726125103509e-04 -1.648424148286253669e-04 2.885739756996887171e-04 -4.113494767574678497e-05 2.495421657910754792e-04 -8.021782788443051386e-04 -2.979641160392379603e-04 -5.253192706188137108e-04 5.744303285922282027e-04
-6.849275405274052753e-04 0.000000000000000000e+00 8.052340592440718290e-04 4.555794995234143416e-04 2.610389582933899571e-04 -3.853995468343718116e-04 -6.730575399232404657e-04 -5.161761707135689584e-04 -2.991366235529585455e-05 4.943244468962586929e-04 -2.426129720282359378e-04 6.526996886678237964e-04
-1.072854143704692498e-03 8.052340592440718290e-04 0.000000000000000000e+00 3.431288719424311576e-03 2.542007832275506316e-04 1.681903804535289247e-04 -7.845956331556116180e-04 6.678915904700810256e-04 -2.903896606019685384e-03 -4.358362164826238118e-04 -3.120484659161127565e-04 -7.966199553945492104e-04
-5.518791726125103509e-04 4.555794995234143416e-04 3.431288719424311576e-03 0.000000000000000000e+00 -8.257024262461091450e-04 9.553908029111481571e-05 3.957034830496180792e-06 -6.071073252316784618e-04 -4.206947978686571832e-03 -6.118733280367831496e-04 1.150840872000071955e-03 1.397170448807006195e-03
-1.648424148286253669e-04 2.610389582933899571e-04 2.542007832275506316e-04 -8.257024262461091450e-04 0.000000000000000000e+00 4.479138000271668885e-04 -4.162224119793566626e-04 1.782721102893966645e-04 -7.936068725528583941e-04 -1.690138378999985467e-04 -8.505973144991730434e-04 -5.709105687702935522e-04
2.885739756996887171e-04 -3.853995468343718116e-04 1.681903804535289247e-04 9.553908029111481571e-05 4.479138000271668885e-04 0.000000000000000000e+00 -2.121568448121630081e-04 -1.588862877585090611e-04 3.974963605307087796e-05 -2.658606823898100355e-05 5.692514240824298735e-04 -8.838775289228778618e-04
-4.113494767574678497e-05 -6.730575399232404657e-04 -7.845956331556116180e-04 3.957034830496180792e-06 -4.162224119793566626e-04 -2.121568448121630081e-04 0.000000000000000000e+00 -3.490375836099338298e-04 -6.226317556403888117e-04 3.577228794513159587e-04 -9.261871122137959548e-04 -7.358430553331358006e-05
2.495421657910754792e-04 -5.161761707135689584e-04 6.678915904700810256e-04 -6.071073252316784618e-04 1.782721102893966645e-04 -1.588862877585090611e-04 -3.490375836099338298e-04 0.000000000000000000e+00 4.619426291205070627e-04 3.905766152041992653e-05 -3.676801972214545030e-04 6.080596095417548898e-06
-8.021782788443051386e-04 -2.991366235529585455e-05 -2.903896606019685384e-03 -4.206947978686571832e-03 -7.936068725528583941e-04 3.974963605307087796e-05 -6.226317556403888117e-04 4.619426291205070627e-04 0.000000000000000000e+00 9.557869509248732680e-04 1.512998311982346631e-03 1.712798497618183173e-03
-2.979641160392379603e-04 4.943244468962586929e-04 -4.358362164826238118e-04 -6.118733280367831496e-04 -1.690138378999985467e-04 -2.658606823898100355e-05 3.577228794513159587e-04 3.905766152041992653e-05 9.557869509248732680e-04 0.000000000000000000e+00 -1.493766240293544227e-04 1.933067553248337886e-04
-5.253192706188137108e-04 -2.426129720282359378e-04 -3.120484659161127565e-04 1.150840872000071955e-03 -8.505973144991730434e-04 5.692514240824298735e-04 -9.261871122137959548e-04 -3.676801972214545030e-04 1.512998311982346631e-03 -1.493766240293544227e-04 0.000000000000000000e+00 -6.844041859037237321e-04
5.744303285922282027e-04 6.526996886678237964e-04 -7.966199553945492104e-04 1.397170448807006195e-03 -5.709105687702935522e-04 -8.838775289228778618e-04 -7.358430553331358006e-05 6.080596095417548898e-06 1.712798497618183173e-03 1.933067553248337886e-04 -6.844041859037237321e-04 0.000000000000000000e+00
