0.000000000000000000e+00 3.338129623016054879e-04 -2.589557894571336611e-05 6.139341863725823051e-04 2.862757322769837395e-04 -3.955708783613231649e-04 -1.951754247563971157e-04 4.345463406383022974e-04 6.266915291678271452e-04 -9.903985860960714421e-05 5.785453037437369474e-04 -2.130679254217154395e-04
3.338129623016054879e-04 0.000000000000000000e+00 3.168904934800563077e-04 8.698910962316885485e-04 7.091127962962583391e-04 8.615347311768351240e-05 8.710683342350541460e-04 1.385230995763850489e-04 1.096478061115801345e-03 6.878737609721907297e-05 5.549198226994080194e-04 2.899625375116864729e-04
-2.589557894571336611e-05 3.168904934800563077e-04 0.000000000000000000e+00 -3.086157054152260763e-03 -1.777180756858575599e-04 6.333656654972205820e-04 1.529514062074813652e-03 5.692810589039761383e-04 2.890950162511059934e-03 -5.531475381495864520e-04 -1.533066975766041130e-03 -7.054740128791353549e-04
6.139341863725823051e-04 8.698910962316885485e-04 -3.086157054152260763e-03 0.000000000000000000e+00 -1.638519966715719204e-04 1.236936338903770393e-03 -9.988446615261097495e-04 4.596320984431025939e-04 -3.446968039238094451e-03 -2.613432850541608666e-04 7.630654394795594606e-04 -6.719786441197967211e-04
2.862757322769837395e-04 7.091127962962583391e-04 -1.777180756858575599e-04 -1.638519966715719204e-04 0.000000000000000000e+00 3.247233613680941544e-04 6.124055673789419001e-04 -5.507894119171519599e-04 -1.462001968457947616e-03 4.204375679569806673e-04 -8.975374579236865009e-04 -2.687191838285258065e-04
-3.955708783613231649e-04 8.615347311768351240e-05 6.333656654972205820e-04 1.236936338903770393e-03 3.247233613680941544e-04 0.000000000000000000e+00 9.889959382265430064e-06 1.324606041698696670e-04 -5.750101734232162566e-04 -9.383000595243277530e-05 -5.597106132449792583e-04 -7.895800436712844292e-05
-1.951754247563971157e-04 8.710683342350541460e-04 1.529514062074813652e-03 -9.988446615261097495e-04 6.124055673789419001e-04 9.889959382265430064e-06 0.000000000000000000e+00 5.363296617343448180e-05 -1.750529880562172024e-03 -2.289834244572563026e-04 -2.803968728376609568e-04 2.597912401676837142e-05
4.345463406383022974e-04 1.385230995763850489e-04 5.692810589039761383e-04 4.596320984431025939e-04 -5.507894119171519599e-04 1.324606041698696670e-04 5.363296617343448180e-05 0.000000000000000000e+00 -5.029174019961403378e-04 -3.284572351659685563e-04 1.906229663688942136e-04 -9.718447280702614228e-06
6.266915291678271452e-04 1.096478061115801345e-03 2.890950162511059934e-03 -3.446968039238094451e-03 -1.462001968457947616e-03 -5.750101734232162566e-04 -1.750529880562172024e-03 -5.029174019961403378e-04 0.000000000000000000e+00 2.886102152285448556e-04 1.206073598125793818e-04 1.434671594527873540e-03
-9.903985860960714421e-05 6.878737609721907297e-05 -5.531475381495864520e-04 -2.613432850541608666e-04 4.204375679569806673e-04 -9.383000595243277530e-05 -2.289834244572563026e-04 -3.284572351659685563e-04 2.886102152285448556e-04 0.000000000000000000e+00 9.170600048198079422e-05 2.412434975990966732e-04
5.785453037437369474e-04 5.549198226994080194e-04 -1.533066975766041130e-03 7.630654394795594606e-04 -8.975374579236865009e-04 -5.597106132449792583e-04 -2.803968728376609568e-04 1.906229663688942136e-04 1.206073598125793818e-04 9.170600048198079422e-05 0.000000000000000000e+00 -2.332889927105559632e-04
-2.130679254217154395e-04 2.899625375116864729e-04 -7.054740128791353549e-04 -6.719786441197967211e-04 -2.687191838285258065e-04 -7.895800436712844292e-05 2.597912401676837142e-05 -9.718447280702614228e-06 1.434671594527873540e-03 2.412434975990966732e-04 -2.332889927105559632e-04 0.000000000000000000e+00
