0.000000000000000000e+00 4.887629106356222003e-05 -7.769083677872420501e-04 -3.960719268492351205e-04 -1.321525668424887640e-04 -3.683556436092310748e-04 -8.485727711621794352e-05 2.143881795177256981e-04 7.204821229490177654e-04 1.224751967104696792e-05 8.951200017507629546e-05 7.995055831574608479e-04
4.887629106356222003e-05 0.000000000000000000e+00 -1.735790345133213968e-03 6.744682568214016094e-04 -3.425714069220638178e-04 9.259633921669227128e-06 1.025854898575485159e-03 2.163390633245580437e-04 -3.528997997058408247e-04 -4.510011391539449593e-04 3.970706515599790572e-04 5.438350204785363876e-05
-7.769083677872420501e-04 -1.735790345133213968e-03 0.000000000000000000e+00 1.122741967448558835e-04 -1.730145372473874867e-03 3.131316494060225222e-04 8.749566773047732235e-04 -5.798634529787867242e-05 -1.738491154795944070e-03 1.317755689971462658e-04 -1.586799295676729260e-03 1.205818253702041140e-03
-3.960719268492351205e-04 6.744682568214016094e-04 1.122741967448558835e-04 0.000000000000000000e+00 2.245430003877354683e-03 7.068913343182204245e-05 1.858852258946849020e-03 5.450281069838546367e-04 4.993998432159860558e-04 1.736207332656929646e-04 -2.253250790897322504e-03 1.634016480981704026e-04
-1.321525668424887640e-04 -3.425714069220638178e-04 -1.730145372473874867e-03 2.245430003877354683e-03 0.000000000000000000e+00 2.520875791021494946e-04 -1.559191948565374767e-05 -4.886352534038755331e-04 -1.920913946660248784e-04 4.916798191605723477e-04 6.580584120848456241e-04 -3.437118279236551057e-04
-3.683556436092310748e-04 9.259633921669227128e-06 3.131316494060225222e-04 7.068913343182204245e-05 2.520875791021494946e-04 0.000000000000000000e+00 4.680450788729434365e-04 -3.987312989092803989e-05 7.201163433284879555e-04 3.248653268169580726e-04 2.566510785540002183e-05 -2.347057103950925066e-04
-8.485727711621794352e-05 1.025854898575485159e-03 8.749566773047732235e-04 1.858852258946849020e-03 -1.559191948565374767e-05 4.680450788729434365e-04 0.000000000000000000e+00 9.746933437935756124e-05 -1.187054706498951893e-03 -3.438335572003974614e-04 -2.115619899420084153e-04 2.974793313748263579e-04
2.143881795177256981e-04 2.163390633245580437e-04 -5.798634529787867242e-05 5.450281069838546367e-04 -4.886352534038755331e-04 -3.987312989092803989e-05 9.746933437935756124e-05 0.000000000000000000e+00 1.467224443044956453e-03 -5.495442472960058663e-05 -1.852055058399789528e-04 5.842771519465647222e-04
7.204821229490177654e-04 -3.528997997058408247e-04 -1.738491154795944070e-03 4.993998432159860558e-04 -1.920913946660248784e-04 7.201163433284879555e-04 -1.187054706498951893e-03 1.467224443044956453e-03 0.000000000000000000e+00 4.071495465669245197e-04 -2.465878163080922371e-03 -1.359517344016419708e-03
1.224751967104696792e-05 -4.510011391539449593e-04 1.317755689971462658e-04 1.736207332656929646e-04 4.916798191605723477e-04 3.248653268169580726e-04 -3.438335572003974614e-04 -5.495442472960058663e-05 4.071495465669245197e-04 0.000000000000000000e+00 -1.646902985884884582e-04 2.621744888378407584e-04
8.951200017507629546e-05 3.970706515599790572e-04 -1.586799295676729260e-03 -2.253250790897322504e-03 6.580584120848456241e-04 2.566510785540002183e-05 -2.115619899420084153e-04 -1.852055058399789528e-04 -2.465878163080922371e-03 -1.646902985884884582e-04 0.000000000000000000e+00 4.161160457143467622e-04
7.995055831574608479e-04 5.438350204785363876e-05 1.205818253702041140e-03 1.634016480981704026e-04 -3.437118279236551057e-04 -2.347057103950925066e-04 2.974793313748263579e-04 5.842771519465647222e-04 -1.359517344016419708e-03 2.621744888378407584e-04 4.161160457143467622e-04 0.000000000000000000e+00
