0.000000000000000000e+00 1.096482506537968358e-04 1.627220549572402529e-03 1.089071958363190505e-03 4.579370754903272630e-04 3.489972069958403151e-04 -4.082325915910360505e-04 2.601503119423392092e-04 1.179826792518374416e-03 8.783405069504026058e-05 3.946210814341816111e-04 -3.426296097671346821e-04
1.096482506537968358e-04 0.000000000000000000e+00 9.836061496162972850e-05 1.532404866555518979e-03 -9.502907593723891990e-04 -9.995225875276551918e-05 6.134216836438182666e-04 1.736747656026382163e-04 -1.600470321736511018e-03 3.202390228647308281e-04 4.098757590495124008e-04 8.239558342353521525e-04
1.627220549572402529e-03 9.836061496162972850e-05 0.000000000000000000e+00 1.371611788830223375e-03 -7.326173845288424386e-04 9.674828887078385257e-04 -1.443599889148080521e-03 1.457725020700428073e-04 1.082525212169279088e-03 3.725167312767698607e-04 -1.279256747877687396e-03 -5.449766768561683031e-04
1.089071958363190505e-03 1.532404866555518979e-03 1.371611788830223375e-03 0.000000000000000000e+00 -1.436757328141856881e-03 4.333769744530439238e-05 1.103401025622893078e-03 -9.983408846076036527e-04 1.775318179403926515e-03 -3.312437691943585978e-04 1.030218799384259587e-03 -5.567230962686389641e-04
4.579370754903272630e-04 -9.502907593723891990e-04 -7.326173845288424386e-04 -1.436757328141856881e-03 0.000000000000000000e+00 -3.513789189496265269e-04 1.149623193576940590e-04 4.070919465170203021e-05 -7.253490188410278289e-04 1.731342708074866236e-04 -4.779803120414810613e-04 -5.852353192528597474e-04
3.489972069958403151e-04 -9.995225875276551918e-05 9.674828887078385257e-04 4.333769744530439238e-05 -3.513789189496265269e-04 0.000000000000000000e+00 -7.592688097176460236e-04 -2.745681679567428513e-04 9.950438223882570286e-04 2.141261295670309351e-04 8.017183240021715385e-04 -4.005344544361113786e-04
-4.082325915910360505e-04 6.134216836438182666e-04 -1.443599889148080521e-03 1.103401025622893078e-03 1.149623193576940590e-04 -7.592688097176460236e-04 0.000000000000000000e+00 -2.322315983281881353e-04 4.339560762920526894e-04 -6.003833430598295821e-05 -9.485544866853041438e-04 3.542160001123637568e-04
2.601503119423392092e-04 1.736747656026382163e-04 1.457725020700428073e-04 -9.983408846076036527e-04 4.070919465170203021e-05 -2.745681679567428513e-04 -2.322315983281881353e-04 0.000000000000000000e+00 -8.032667796894280281e-05 4.321357247855598250e-05 -2.887378176093496462e-04 -5.655666797586294837e-05
1.179826792518374416e-03 -1.600470321736511018e-03 1.082525212169279088e-03 1.775318179403926515e-03 -7.253490188410278289e-04 9.950438223882570286e-04 4.339560762920526894e-04 -8.032667796894280281e-05 0.000000000000000000e+00 -1.632237347508619244e-04 1.428312171186281671e-03 -1.061524785227216253e-03
8.783405069504026058e-05 3.202390228647308281e-04 3.725167312767698607e-04 -3.312437691943585978e-04 1.731342708074866236e-04 2.141261295670309351e-04 -6.003833430598295821e-05 4.321357247855598250e-05 -1.632237347508619244e-04 0.000000000000000000e+00 6.303046106802687653e-04 1.568042372886241050e-04
3.946210814341816111e-04 4.098757590495124008e-04 -1.279256747877687396e-03 1.030218799384259587e-03 -4.779803120414810613e-04 8.017183240021715385e-04 -9.485544866853041438e-04 -2.887378176093496462e-04 1.428312171186281671e-03 6.303046106802687653e-04 0.000000000000000000e+00 6.332628069862692539e-04
-3.426296097671346821e-04 8.239558342353521525e-04 -5.449766768561683031e-04 -5.567230962686389641e-04 -5.852353192528597474e-04 -4.005344544361113786e-04 3.542160001123637568e-04 -5.655666797586294837e-05 -1.061524785227216253e-03 1.568042372886241050e-04 6.332628069862692539e-04 0.000000000000000000e+00
