0.000000000000000000e+00 -1.097668385879295092e-03 -8.916478404873176726e-06 -2.173355659152339560e-03 -5.161054137024354742e-04 -5.376208887185095024e-05 -1.839450879668375917e-04 -4.268230499828766863e-05 -1.894959756449481275e-03 2.965749313304805331e-04 5.057025008880535995e-04 -1.663004476019577804e-04
-1.097668385879295092e-03 0.000000000000000000e+00 2.742090267327832267e-04 1.488715238835374701e-03 3.426251296002572229e-04 -2.830579971294169828e-04 -7.833318018855492393e-04 6.947841704559096351e-04 -2.064692270442260516e-03 4.914045963374619143e-04 -1.340255737319110383e-04 3.049256915283037484e-04
-8.916478404873176726e-06 2.742090267327832267e-04 0.000000000000000000e+00 2.425698320118212771e-05 -6.428768667149604510e-04 -1.015789284620632199e-03 -3.106392790616931653e-04 6.299796873391376667e-04 1.540726925778308472e-03 -2.243610622664094379e-04 -8.973064620269471416e-04 7.295093390989392879e-04
-2.173355659152339560e-03 1.488715238835374701e-03 2.425698320118212771e-05 0.000000000000000000e+00 -8.865007794861353872e-04 1.545983190138887830e-03 2.379896371940846609e-04 -2.030197281631522001e-04 3.236549030720515347e-04 -6.913053239078892484e-04 -1.024529849711692652e-03 -9.448065435220191332e-04
-5.161054137024354742e-04 3.426251296002572229e-04 -6.428768667149604510e-04 -8.865007794861353872e-04 0.000000000000000000e+00 1.602214676175353473e-04 -6.979318201375470099e-04 1.509343570604942378e-04 -4.054376661224401131e-04 9.164153062132330066e-05 9.970462240011231190e-04 2.240678558282160426e-04
-5.376208887185095024e-05 -2.830579971294169828e-04 -1.015789284620632199e-03 1.545983190138887830e-03 1.602214676175353473e-04 0.000000000000000000e+00 -2.083645553319978612e-04 -9.841426037730317041e-05 -9.280316091236796155e-04 -2.396784198354699692e-04 2.805901161199290904e-05 -1.246451631772192107e-04
-1.839450879668375917e-04 -7.833318018855492393e-04 -3.106392790616931653e-04 2.379896371940846609e-04 -6.979318201375470099e-04 -2.083645553319978612e-04 0.000000000000000000e+00 -3.255126778276752511e-04 -7.476449597158002112e-04 -2.787932353978483479e-04 -4.057695060462404449e-04 3.768588534556881089e-04
-4.268230499828766863e-05 6.947841704559096351e-04 6.299796873391376667e-04 -2.030197281631522001e-04 1.509343570604942378e-04 -9.841426037730317041e-05 -3.255126778276752511e-04 0.000000000000000000e+00 -7.687464413347423536e-04 -2.267829103292932544e-05 -5.657461880605351356e-04 -4.961866569521843664e-05
-1.894959756449481275e-03 -2.064692270442260516e-03 1.540726925778308472e-03 3.236549030720515347e-04 -4.054376661224401131e-04 -9.280316091236796155e-04 -7.476449597158002112e-04 -7.687464413347423536e-04 0.000000000000000000e+00 6.122548826454829712e-04 -7.271726565698591327e-04 -1.787033704597886701e-03
2.965749313304805331e-04 4.914045963374619143e-04 -2.243610622664094379e-04 -6.913053239078892484e-04 9.164153062132330066e-05 -2.396784198354699692e-04 -2.787932353978483479e-04 -2.267829103292932544e-05 6.122548826454829712e-04 0.000000000000000000e+00 3.024404180549965495e-05 2.889376455409410301e-04
5.057025008880535995e-04 -1.340255737319110383e-04 -8.973064620269471416e-04 -1.024529849711692652e-03 9.970462240011231190e-04 2.805901161199290904e-05 -4.057695060462404449e-04 -5.657461880605351356e-04 -7.271726565698591327e-04 3.024404180549965495e-05 0.000000000000000000e+00 -1.006181902104471697e-04
-1.663004476019577804e-04 3.049256915283037484e-04 7.295093390989392879e-04 -9.448065435220191332e-04 2.240678558282160426e-04 -1.246451631772192107e-04 3.768588534556881089e-04 -4.961866569521843664e-05 -1.787033704597886701e-03 2.889376455409410301e-04 -1.006181902104471697e-04 0.000000000000000000e+00
