0.000000000000000000e+00 5.740434773740981430e-04 3.977760506324285150e-05 -1.741115266710108319e-03 -4.032882630654825430e-05 -1.040889673348074267e-03 -3.332304787350788750e-04 4.354483106076228560e-04 7.458634522424152126e-05 1.331351421575855971e-03 3.541780383078104518e-04 6.736960215667868717e-04
5.740434773740981430e-04 0.000000000000000000e+00 -8.465347499338198196e-04 3.139225709851048429e-03 -8.450686377090227755e-04 -1.753025069080817091e-03 3.013389292444671884e-04 7.673498277291222920e-04 -7.337002307070578403e-04 1.830892794101541014e-03 2.468551059632486809e-04 -1.585972459280970189e-04
3.977760506324285150e-05 -8.465347499338198196e-04 0.000000000000000000e+00 6.339441971858879527e-04 3.690336154447479552e-04 2.114211190105463932e-04 -2.506205041883505843e-04 -4.488304584215057767e-04 -8.855158789519705545e-05 -4.733778729056385503e-05 -4.178426780160310436e-04 -5.252464349478674823e-04
-1.741115266710108319e-03 3.139225709851048429e-03 6.339441971858879527e-04 0.000000000000000000e+00 2.941233853287939675e-04 -2.971275506598300854e-03 2.163567145404333026e-03 -1.223126709399813793e-03 9.909010311378305732e-04 -1.585508078222903008e-05 -1.027816009618298535e-03 -1.995936184225703940e-03
-4.032882630654825430e-05 -8.450686377090227755e-04 3.690336154447479552e-04 2.941233853287939675e-04 0.000000000000000000e+00 1.341537372118220854e-03 3.442080804632133848e-04 1.027169541979839349e-03 -5.251901996351320657e-05 -1.560289400687543335e-03 1.184567584444218421e-04 -6.560010964890717472e-04
-1.040889673348074267e-03 -1.753025069080817091e-03 2.114211190105463932e-04 -2.971275506598300854e-03 1.341537372118220854e-03 0.000000000000000000e+00 -3.463525465095338964e-05 -1.087616788773886501e-03 -9.998463157305691120e-05 1.118287680654504257e-03 9.601391620934099738e-05 1.441049588323970072e-03
-3.332304787350788750e-04 3.013389292444671884e-04 -2.506205041883505843e-04 2.163567145404333026e-03 3.442080804632133848e-04 -3.463525465095338964e-05 0.000000000000000000e+00 -7.278814307393728731e-04 -4.208693809488654280e-04 -5.197012090246724792e-04 1.183084097235487014e-04 4.734652179086596031e-04
4.354483106076228560e-04 7.673498277291222920e-04 -4.488304584215057767e-04 -1.223126709399813793e-03 1.027169541979839349e-03 -1.087616788773886501e-03 -7.278814307393728731e-04 0.000000000000000000e+00 -2.653439849335560707e-04 -1.005339814287238174e-03 -6.245409247512421960e-05 -4.269241043954677146e-04
7.458634522424152126e-05 -7.337002307070578403e-04 -8.855158789519705545e-05 9.909010311378305732e-04 -5.251901996351320657e-05 -9.998463157305691120e-05 -4.208693809488654280e-04 -2.653439849335560707e-04 0.000000000000000000e+00 5.904424608546630752e-04 2.156200175004094051e-04 -2.956211145725806786e-04
1.331351421575855971e-03 1.830892794101541014e-03 -4.733778729056385503e-05 -1.585508078222903008e-05 -1.560289400687543335e-03 1.118287680654504257e-03 -5.197012090246724792e-04 -1.005339814287238174e-03 5.904424608546630752e-04 0.000000000000000000e+00 1.619232638875102469e-05 -7.017541016652342452e-05
3.541780383078104518e-04 2.468551059632486809e-04 -4.178426780160310436e-04 -1.027816009618298535e-03 1.184567584444218421e-04 9.601391620934099738e-05 1.183084097235487014e-04 -6.245409247512421960e-05 2.156200175004094051e-04 1.619232638875102469e-05 0.000000000000000000e+00 -6.138084114748594772e-04
6.736960215667868717e-04 -1.585972459280970189e-04 -5.252464349478674823e-04 -1.995936184225703940e-03 -6.560010964890717472e-04 1.441049588323970072e-03 4.734652179086596031e-04 -4.269241043954677146e-04 -2.956211145725806786e-04 -7.017541016652342452e-05 -6.138084114748594772e-04 0.000000000000000000e+00
