0.000000000000000000e+00 -1.008819125446346878e-03 1.823613962148139397e-04 1.422353487408016190e-03 -7.803180435828325524e-04 -1.118234734547033510e-03 7.526006943338536207e-04 -6.805682829881459306e-04 -4.187928174414514673e-04 -1.252090329389840464e-03 2.897337588586504776e-04 -1.926426316592539311e-04
-1.008819125446346878e-03 0.000000000000000000e+00 3.439042804692354753e-04 -1.566238340008935248e-03 -6.055383046540054482e-04 5.083554093966724947e-05 5.728280466958026590e-04 -7.585572623339489787e-05 -2.465189895608465545e-04 1.240290081993993855e-03 4.884396329890757773e-04 6.761508628914197851e-05
1.823613962148139397e-04 3.439042804692354753e-04 0.000000000000000000e+00 5.519937735320816757e-04 1.560484036008708442e-04 -2.733406507549096033e-04 1.422580659460243090e-04 -2.228289217887638647e-04 -1.949612690762632568e-04 4.044351894592287684e-04 3.258360552494939740e-04 4.316559180250588304e-04
1.422353487408016190e-03 -1.566238340008935248e-03 5.519937735320816757e-04 0.000000000000000000e+00 -1.125289943290837551e-04 4.315875504960683669e-04 1.125414186319716962e-03 1.223192487409738120e-03 6.075846907630720562e-04 6.340493071669042443e-04 8.444484635170899749e-04 -3.626815689935130108e-04
-7.803180435828325524e-04 -6.055383046540054482e-04 1.560484036008708442e-04 -1.125289943290837551e-04 0.000000000000000000e+00 1.443861131252355615e-04 7.689352551591310163e-04 -5.189726296108304084e-04 6.180678356446577763e-04 -1.702074719191586311e-03 1.268394239197597655e-04 -5.807028998633705563e-04
-1.118234734547033510e-03 5.083554093966724947e-05 -2.733406507549096033e-04 4.315875504960683669e-04 1.443861131252355615e-04 0.000000000000000000e+00 4.030947693814934110e-04 -1.690072934542536981e-04 2.125538160645873344e-04 1.271628996108156370e-03 -9.314729650502165262e-04 -4.660630057520168232e-04
7.526006943338536207e-04 5.728280466958026590e-04 1.422580659460243090e-04 1.125414186319716962e-03 7.689352551591310163e-04 4.030947693814934110e-04 0.000000000000000000e+00 1.931759621032347741e-04 -7.502429469480362647e-05 -1.353334232185756606e-03 -4.990817975233559096e-04 -1.125359057681690246e-04
-6.805682829881459306e-04 -7.585572623339489787e-05 -2.228289217887638647e-04 1.223192487409738120e-03 -5.189726296108304084e-04 -1.690072934542536981e-04 1.931759621032347741e-04 0.000000000000000000e+00 -6.258304532977033725e-04 1.204018507648290569e-04 -1.740070507837908039e-04 1.063888504275320234e-04
-4.187928174414514673e-04 -2.465189895608465545e-04 -1.949612690762632568e-04 6.075846907630720562e-04 6.180678356446577763e-04 2.125538160645873344e-04 -7.502429469480362647e-05 -6.258304532977033725e-04 0.000000000000000000e+00 -4.394952218219404065e-04 -1.592961696011559690e-04 -7.672653900379288957e-05
-1.252090329389840464e-03 1.240290081993993855e-03 4.044351894592287684e-04 6.340493071669042443e-04 -1.702074719191586311e-03 1.271628996108156370e-03 -1.353334232185756606e-03 1.204018507648290569e-04 -4.394952218219404065e-04 0.000000000000000000e+00 8.098525879152484238e-05 2.868800167240735601e-04
2.897337588586504776e-04 4.884396329890757773e-04 3.258360552494939740e-04 8.444484635170899749e-04 1.268394239197597655e-04 -9.314729650502165262e-04 -4.990817975233559096e-04 -1.740070507837908039e-04 -1.592961696011559690e-04 8.098525879152484238e-05 0.000000000000000000e+00 -3.145856763735606050e-04
-1.926426316592539311e-04 6.761508628914197851e-05 4.316559180250588304e-04 -3.626815689935130108e-04 -5.807028998633705563e-04 -4.660630057520168232e-04 -1.125359057681690246e-04 1.063888504275320234e-04 -7.672653900379288957e-05 2.868800167240735601e-04 -3.145856763735606050e-04 0.000000000000000000e+00
