0.000000000000000000e+00 2.456827761898937749e-05 1.358528348498308405e-04 -1.992871382009526668e-03 -6.371721199414754570e-04 1.088738735618996608e-03 -1.244987259555056292e-04 -7.330668397863475492e-04 1.521182178130970903e-04 1.315030505270566724e-03 -5.712203720291259262e-04 9.977481143058690395e-05
2.456827761898937749e-05 0.000000000000000000e+00 5.001387896217594184e-05 2.055565585647498408e-04 8.077858817714843797e-04 1.774214972497981753e-03 -3.954625496598498241e-04 -5.713562430751647830e-04 1.183665611154049790e-04 -1.590568431731080243e-03 7.982416431262954267e-05 7.646044958675323648e-04
1.358528348498308405e-04 5.001387896217594184e-05 0.000000000000000000e+00 4.668351585010373532e-04 5.992436349208479074e-05 3.480252964071973596e-04 -4.255438460758463072e-05 6.074702131230336216e-05 4.506800479539304466e-04 -4.993687223071840151e-05 1.812333890691393643e-04 -1.060448454307424927e-04
-1.992871382009526668e-03 2.055565585647498408e-04 4.668351585010373532e-04 0.000000000000000000e+00 -2.415904840440370044e-03 -2.233982397299501266e-03 3.404550728012590319e-04 1.815890877391044872e-04 1.245423395719907423e-03 3.796370261365932127e-04 -1.229225196553533671e-03 1.466634953860780535e-04
-6.371721199414754570e-04 8.077858817714843797e-04 5.992436349208479074e-05 -2.415904840440370044e-03 0.000000000000000000e+00 -1.404937103663453672e-03 -6.072231869350435589e-04 -2.207821675028036074e-04 5.501555283590410690e-04 -1.109420616251073242e-03 4.374575012230533331e-04 9.658215529199340758e-05
1.088738735618996608e-03 1.774214972497981753e-03 3.480252964071973596e-04 -2.233982397299501266e-03 -1.404937103663453672e-03 0.000000000000000000e+00 5.888962185069788894e-04 5.420529764600985493e-04 -5.919195416604784016e-04 -4.534337466682482201e-04 1.092846903295483733e-03 6.064240106207391444e-04
-1.244987259555056292e-04 -3.954625496598498241e-04 -4.255438460758463072e-05 3.404550728012590319e-04 -6.072231869350435589e-04 5.888962185069788894e-04 0.000000000000000000e+00 -1.328725366687354094e-04 -4.824706245229194837e-05 -8.677553894027739169e-04 1.561947557196133416e-04 2.696382312323319431e-04
-7.330668397863475492e-04 -5.713562430751647830e-04 6.074702131230336216e-05 1.815890877391044872e-04 -2.207821675028036074e-04 5.420529764600985493e-04 -1.328725366687354094e-04 0.000000000000000000e+00 -2.411578442823890183e-04 7.452693435187165202e-04 2.400365213077992866e-04 -4.331917123940569737e-04
1.521182178130970903e-04 1.183665611154049790e-04 4.506800479539304466e-04 1.245423395719907423e-03 5.501555283590410690e-04 -5.919195416604784016e-04 -4.824706245229194837e-05 -2.411578442823890183e-04 0.000000000000000000e+00 3.194512688384941110e-04 3.183753177726024756e-05 -6.247203293580082283e-05
1.315030505270566724e-03 -1.590568431731080243e-03 -4.993687223071840151e-05 3.796370261365932127e-04 -1.109420616251073242e-03 -4.534337466682482201e-04 -8.677553894027739169e-04 7.452693435187165202e-04 3.194512688384941110e-04 0.000000000000000000e+00 -6.424852380291352872e-04 4.485463695450346805e-04
-5.712203720291259262e-04 7.982416431262954267e-05 1.812333890691393643e-04 -1.229225196553533671e-03 4.374575012230533331e-04 1.092846903295483733e-03 1.561947557196133416e-04 2.400365213077992866e-04 3.183753177726024756e-05 -6.424852380291352872e-04 0.000000000000000000e+00 -5.383294514512169471e-04
9.977481143058690395e-05 7.646044958675323648e-04 -1.060448454307424927e-04 1.466634953860780535e-04 9.658215529199340758e-05 6.064240106207391444e-04 2.696382312323319431e-04 -4.331917123940569737e-04 -6.247203293580082283e-05 4.485463695450346805e-04 -5.383294514512169471e-04 0.000000000000000000e+00
