0.000000000000000000e+00 7.852997683741173070e-04 -1.419010868647480018e-04 1.049004654870769673e-03 4.419628008712695377e-04 1.569526378380943455e-03 -7.628079890988469207e-06 3.331110587189472149e-04 -4.753796330382576677e-04 -5.711726177652675426e-04 3.916834972659234628e-04 -1.069782226991564241e-03
7.852997683741173070e-04 0.000000000000000000e+00 -5.375450608309151248e-04 -2.895721536149587372e-03 -2.313767983576599447e-04 -1.267239595463524925e-03 -4.069867954195410743e-04 -3.353235404965018858e-04 -1.300349441659008533e-04 -1.353251693576843937e-03 3.497346498560470495e-04 -4.667915013985726009e-04
-1.419010868647480018e-04 -5.375450608309151248e-04 0.000000000000000000e+00 -5.089681495571635791e-04 1.609124577277599717e-04 -2.991111223011575534e-04 -2.462210083010666207e-04 -3.745319116543514523e-04 -3.239246354501217865e-04 4.220323314883267247e-04 -3.153320691651226944e-05 3.691064929666925992e-04
1.049004654870769673e-03 -2.895721536149587372e-03 -5.089681495571635791e-04 0.000000000000000000e+00 -1.597358351562505998e-03 -4.676891624192264577e-03 -1.688953432026277636e-04 -1.594112525302074585e-03 -3.729515336769469278e-04 -3.177647514928304447e-03 1.019645249279999217e-03 -4.805101023530836016e-04
4.419628008712695377e-04 -2.313767983576599447e-04 1.609124577277599717e-04 -1.597358351562505998e-03 0.000000000000000000e+00 -1.173935079608897465e-03 2.275261848198145936e-04 8.918103676446294086e-04 -1.182615647837195191e-04 8.883527489132737572e-04 -1.068347607354839471e-03 -4.246124879050499593e-04
1.569526378380943455e-03 -1.267239595463524925e-03 -2.991111223011575534e-04 -4.676891624192264577e-03 -1.173935079608897465e-03 0.000000000000000000e+00 -7.371219091277449609e-04 -1.565221709644196157e-03 8.071444416189676140e-04 -1.012384625147297280e-03 8.836789354256941982e-05 5.669272401301511709e-04
-7.628079890988469207e-06 -4.069867954195410743e-04 -2.462210083010666207e-04 -1.688953432026277636e-04 2.275261848198145936e-04 -7.371219091277449609e-04 0.000000000000000000e+00 -1.393963443899696856e-04 -1.687556417087116196e-04 -4.491049920883162039e-04 -6.058194131281713834e-04 3.816451837078209375e-04
3.331110587189472149e-04 -3.353235404965018858e-04 -3.745319116543514523e-04 -1.594112525302074585e-03 8.918103676446294086e-04 -1.565221709644196157e-03 -1.393963443899696856e-04 0.000000000000000000e+00 1.358176266999880648e-04 -5.255377872562725077e-04 -6.923209913435837324e-05 8.465133401922516655e-04
-4.753796330382576677e-04 -1.300349441659008533e-04 -3.239246354501217865e-04 -3.729515336769469278e-04 -1.182615647837195191e-04 8.071444416189676140e-04 -1.687556417087116196e-04 1.358176266999880648e-04 0.000000000000000000e+00 3.740322140597080011e-04 1.725627840554512797e-04 -5.329952946858319178e-04
-5.711726177652675426e-04 -1.353251693576843937e-03 4.220323314883267247e-04 -3.177647514928304447e-03 8.883527489132737572e-04 -1.012384625147297280e-03 -4.491049920883162039e-04 -5.255377872562725077e-04 3.740322140597080011e-04 0.000000000000000000e+00 -2.243703282403804546e-04 -3.509560821927441257e-04
3.916834972659234628e-04 3.497346498560470495e-04 -3.153320691651226944e-05 1.019645249279999217e-03 -1.068347607354839471e-03 8.836789354256941982e-05 -6.058194131281713834e-04 -6.923209913435837324e-05 1.725627840554512797e-04 -2.243703282403804546e-04 0.000000000000000000e+00 1.443146433757557618e-04
-1.069782226991564241e-03 -4.667915013985726009e-04 3.691064929666925992e-04 -4.805101023530836016e-04 -4.246124879050499593e-04 5.669272401301511709e-04 3.816451837078209375e-04 8.465133401922516655e-04 -5.329952946858319178e-04 -3.509560821927441257e-04 1.443146433757557618e-04 0.000000000000000000e+00
