0.000000000000000000e+00 4.190977990822643902e-04 4.186259649919408989e-04 3.297945743161339368e-04 6.093847454784255503e-04 9.855853132099169633e-04 -2.634550737511349777e-04 -4.660403738814797346e-05 2.413307882635605127e-04 3.318416161043536068e-04 3.621123065230990494e-04 4.145762342332851079e-04
4.190977990822643902e-04 0.000000000000000000e+00 -1.644416344895633861e-03 1.129824084983157640e-03 1.109420374617502017e-03 7.193498078813432986e-04 -1.596634970934260713e-03 2.937957597563903774e-05 -6.454171909208575916e-04 -1.667389281903981465e-04 -3.697328124809887276e-05 1.254580262373433458e-03
4.186259649919408989e-04 -1.644416344895633861e-03 0.000000000000000000e+00 -1.251789695633672740e-03 1.493298353884926950e-04 -1.143161095524805907e-03 -3.778856093045590146e-04 -1.896120183011776577e-04 -3.678695833987177875e-04 1.474760434671511114e-04 2.639682594281863486e-04 9.043218391065724511e-04
3.297945743161339368e-04 1.129824084983157640e-03 -1.251789695633672740e-03 0.000000000000000000e+00 -1.262822709028283818e-03 -3.587312794804026900e-03 -8.640708195737803281e-05 4.983113463341475383e-04 -6.975656019991330857e-04 3.706769522459874792e-04 8.058575510454107915e-04 6.276693847333029118e-04
6.093847454784255503e-04 1.109420374617502017e-03 1.493298353884926950e-04 -1.262822709028283818e-03 0.000000000000000000e+00 6.259645395787919245e-04 -8.704827913243902426e-04 -2.100132024009022957e-04 -2.778537809646300393e-04 -5.318248234990618790e-04 -7.608404492856572212e-04 -6.533726836733940932e-04
9.855853132099169633e-04 7.193498078813432986e-04 -1.143161095524805907e-03 -3.587312794804026900e-03 6.259645395787919245e-04 0.000000000000000000e+00 8.904820164084516947e-04 6.143438535601840637e-04 6.593087868243013820e-06 1.185702510739064389e-03 7.533358220118572873e-04 1.370269725103409738e-03
-2.634550737511349777e-04 -1.596634970934260713e-03 -3.778856093045590146e-04 -8.640708195737803281e-05 -8.704827913243902426e-04 8.904820164084516947e-04 0.000000000000000000e+00 -4.030571126824233560e-04 -3.473961484855694133e-04 -4.888554253727311330e-04 8.840216097847823998e-05 -1.478507216143634022e-03
-4.660403738814797346e-05 2.937957597563903774e-05 -1.896120183011776577e-04 4.983113463341475383e-04 -2.100132024009022957e-04 6.143438535601840637e-04 -4.030571126824233560e-04 0.000000000000000000e+00 1.906447967126772083e-04 1.241933045391165893e-04 -2.496108236781748100e-04 5.173614245884377953e-04
2.413307882635605127e-04 -6.454171909208575916e-04 -3.678695833987177875e-04 -6.975656019991330857e-04 -2.778537809646300393e-04 6.593087868243013820e-06 -3.473961484855694133e-04 1.906447967126772083e-04 0.000000000000000000e+00 7.644576594597963300e-05 -1.191161695440404173e-04 -3.153608448801522115e-04
3.318416161043536068e-04 -1.667389281903981465e-04 1.474760434671511114e-04 3.706769522459874792e-04 -5.318248234990618790e-04 1.185702510739064389e-03 -4.888554253727311330e-04 1.241933045391165893e-04 7.644576594597963300e-05 0.000000000000000000e+00 -1.391204551472370750e-04 -2.344743072999015676e-04
3.621123065230990494e-04 -3.697328124809887276e-05 2.639682594281863486e-04 8.058575510454107915e-04 -7.608404492856572212e-04 7.533358220118572873e-04 8.840216097847823998e-05 -2.496108236781748100e-04 -1.191161695440404173e-04 -1.391204551472370750e-04 0.000000000000000000e+00 3.867126820612974084e-04
4.145762342332851079e-04 1.254580262373433458e-03 9.043218391065724511e-04 6.276693847333029118e-04 -6.533726836733940932e-04 1.370269725103409738e-03 -1.478507216143634022e-03 5.173614245884377953e-04 -3.153608448801522115e-04 -2.344743072999015676e-04 3.867126820612974084e-04 0.000000000000000000e+00
