0.000000000000000000e+00 -7.308705056958966708e-05 4.193414545964349268e-04 6.744198464491815747e-04 2.640368616737042221e-04 -1.084929360934755709e-03 -1.342605365688558127e-04 -2.230562883034666174e-04 -1.390839457927090666e-04 9.619968417965249930e-05 1.936108020205503798e-04 -2.244106464804928919e-04
-7.308705056958966708e-05 0.000000000000000000e+00 -1.208442192887457852e-03 1.615230563541481109e-03 2.351471180495677917e-05 2.561050528603433206e-03 -6.085427887820352415e-04 -2.270452465048371509e-04 4.261397855887660976e-04 -4.205563686733239555e-04 6.751280923229475365e-05 -8.408243906481341736e-04
4.193414545964349268e-04 -1.208442192887457852e-03 0.000000000000000000e+00 5.996852215299121195e-04 -3.676055355308123647e-04 -2.246179602314846060e-03 -1.813692416245737743e-03 -1.376610440858921588e-04 -5.553480249588092126e-04 -5.718808452403314818e-04 -9.702852831354798896e-04 -9.549728589072463826e-05
6.744198464491815747e-04 1.615230563541481109e-03 5.996852215299121195e-04 0.000000000000000000e+00 -2.972400823528853009e-04 2.406540571417164869e-03 -5.690972872185525062e-04 -7.688099292227990392e-04 -8.104075068631698929e-04 -4.421554532493517445e-04 1.095214120245541125e-03 2.092421153786667716e-04
2.640368616737042221e-04 2.351471180495677917e-05 -3.676055355308123647e-04 -2.972400823528853009e-04 0.000000000000000000e+00 -5.190176649790995437e-04 4.510099882938212288e-04 -8.381649199537110489e-05 6.037718964986667801e-07 3.042230477773541259e-04 -3.749459150587830416e-04 3.266847706792095143e-04
-1.084929360934755709e-03 2.561050528603433206e-03 -2.246179602314846060e-03 2.406540571417164869e-03 -5.190176649790995437e-04 0.000000000000000000e+00 -2.234343344158881261e-03 1.025311168508578072e-03 -1.551772903833498370e-03 1.542713544400517748e-03 -3.024218330300760212e-05 8.209109933721296702e-04
-1.342605365688558127e-04 -6.085427887820352415e-04 -1.813692416245737743e-03 -5.690972872185525062e-04 4.510099882938212288e-04 -2.234343344158881261e-03 0.000000000000000000e+00 -8.402655493052977329e-04 3.539787063565178913e-04 5.761983244725679427e-04 5.164085532296063246e-04 6.942536380733773738e-05
-2.230562883034666174e-04 -2.270452465048371509e-04 -1.376610440858921588e-04 -7.688099292227990392e-04 -8.381649199537110489e-05 1.025311168508578072e-03 -8.402655493052977329e-04 0.000000000000000000e+00 1.001003533483757263e-04 -5.790995942349620653e-05 -1.249772020555825990e-04 6.190539190146341925e-04
-1.390839457927090666e-04 4.261397855887660976e-04 -5.553480249588092126e-04 -8.104075068631698929e-04 6.037718964986667801e-07 -1.551772903833498370e-03 3.539787063565178913e-04 1.001003533483757263e-04 0.000000000000000000e+00 -3.718427351817962952e-04 1.354537863958478602e-04 -4.605036439273580686e-04
9.619968417965249930e-05 -4.205563686733239555e-04 -5.718808452403314818e-04 -4.421554532493517445e-04 3.042230477773541259e-04 1.542713544400517748e-03 5.761983244725679427e-04 -5.790995942349620653e-05 -3.718427351817962952e-04 0.000000000000000000e+00 -6.136314451589241614e-04 3.385648416096187128e-04
1.936108020205503798e-04 6.751280923229475365e-05 -9.702852831354798896e-04 1.095214120245541125e-03 -3.749459150587830416e-04 -3.024218330300760212e-05 5.164085532296063246e-04 -1.249772020555825990e-04 1.354537863958478602e-04 -6.136314451589241614e-04 0.000000000000000000e+00 3.768177633179678010e-04
-2.244106464804928919e-04 -8.408243906481341736e-04 -9.549728589072463826e-05 2.092421153786667716e-04 3.266847706792095143e-04 8.209109933721296702e-04 6.942536380733773738e-05 6.190539190146341925e-04 -4.605036439273580686e-04 3.385648416096187128e-04 3.768177633179678010e-04 0.000000000000000000e+00
