0.000000000000000000e+00 1.489258438490779362e-04 -1.636399963470432908e-04 4.127842712958140173e-04 3.837977670055819435e-04 -2.203742310839954595e-04 -1.349479856821573828e-05 -1.004983010161837934e-04 -5.401251522309718838e-04 3.221362052089510081e-04 7.290821746698161103e-05 -9.664004912457557881e-05
1.489258438490779362e-04 0.000000000000000000e+00 1.109812187587658249e-03 -1.268616084076591146e-03 3.903572197306650628e-04 2.621129944186639717e-03 1.193810795454577434e-03 -2.248763552673209529e-04 -9.350192881399835938e-04 -8.127496041137210504e-04 6.599175101621344245e-04 1.104119541862780534e-03
-1.636399963470432908e-04 1.109812187587658249e-03 0.000000000000000000e+00 -3.025104316535531974e-03 -1.336797182356848400e-03 1.932189005525414499e-03 1.284470779591532162e-06 -1.786054115974078512e-04 7.792109088856193696e-05 7.902070972867554120e-05 -2.227806620785608717e-04 1.288591586580215128e-03
4.127842712958140173e-04 -1.268616084076591146e-03 -3.025104316535531974e-03 0.000000000000000000e+00 -9.869241973753538257e-04 -2.760385697648584918e-03 1.089872872133790509e-03 -1.682727193156716334e-04 -7.050793029104189188e-04 -7.164957341103296172e-05 -6.076772517349571148e-05 8.170716344301181926e-04
3.837977670055819435e-04 3.903572197306650628e-04 -1.336797182356848400e-03 -9.869241973753538257e-04 0.000000000000000000e+00 6.967170380550470870e-04 6.078837970183488147e-04 2.827209243172380685e-04 3.446169406095451766e-04 -6.832470388333786778e-04 -1.011309268135727546e-03 1.043879310738354642e-04
-2.203742310839954595e-04 2.621129944186639717e-03 1.932189005525414499e-03 -2.760385697648584918e-03 6.967170380550470870e-04 0.000000000000000000e+00 -2.811612892305050387e-03 2.027593833293691433e-04 -5.063618429884064146e-05 -2.782844173238680700e-04 1.391200249307795317e-03 -1.063303103066259121e-03
-1.349479856821573828e-05 1.193810795454577434e-03 1.284470779591532162e-06 1.089872872133790509e-03 6.078837970183488147e-04 -2.811612892305050387e-03 0.000000000000000000e+00 -2.741262795417217246e-05 -5.256244375005461340e-04 -8.510375818165665272e-06 -5.589097185916166695e-04 9.432614526796455389e-04
-1.004983010161837934e-04 -2.248763552673209529e-04 -1.786054115974078512e-04 -1.682727193156716334e-04 2.827209243172380685e-04 2.027593833293691433e-04 -2.741262795417217246e-05 0.000000000000000000e+00 -1.272495603427029433e-04 4.765664086393752580e-04 -1.234465718067634615e-04 2.790996672503378196e-04
-5.401251522309718838e-04 -9.350192881399835938e-04 7.792109088856193696e-05 -7.050793029104189188e-04 3.446169406095451766e-04 -5.063618429884064146e-05 -5.256244375005461340e-04 -1.272495603427029433e-04 0.000000000000000000e+00 3.637563591646803289e-04 6.621967169415342302e-04 -3.494100940123449775e-04
3.221362052089510081e-04 -8.127496041137210504e-04 7.902070972867554120e-05 -7.164957341103296172e-05 -6.832470388333786778e-04 -2.782844173238680700e-04 -8.510375818165665272e-06 4.765664086393752580e-04 3.637563591646803289e-04 0.000000000000000000e+00 -3.500222614655421603e-05 1.204435896166721219e-04
7.290821746698161103e-05 6.599175101621344245e-04 -2.227806620785608717e-04 -6.076772517349571148e-05 -1.011309268135727546e-03 1.391200249307795317e-03 -5.589097185916166695e-04 -1.234465718067634615e-04 6.621967169415342302e-04 -3.500222614655421603e-05 0.000000000000000000e+00 2.004689445656678752e-04
-9.664004912457557881e-05 1.104119541862780534e-03 1.288591586580215128e-03 8.170716344301181926e-04 1.043879310738354642e-04 -1.063303103066259121e-03 9.432614526796455389e-04 2.790996672503378196e-04 -3.494100940123449775e-04 1.204435896166721219e-04 2.004689445656678752e-04 0.000000000000000000e+00
