0.000000000000000000e+00 -4.362076068993769244e-04 8.691599736600016815e-04 -4.215944676740905508e-04 -6.898766911253927754e-04 -8.814977081842273725e-04 -5.096714840708766511e-04 -2.186192358605718250e-04 2.719229599626566914e-04 -3.051466087291800561e-06 -9.086211904014109193e-05 1.980888945266848125e-04
-4.362076068993769244e-04 0.000000000000000000e+00 -2.962189729085897938e-04 7.117505754066265691e-04 1.632331369904189684e-04 1.017596442273133650e-03 4.599970572898087143e-04 -2.620112837031734508e-05 9.129667503699612349e-04 -1.527408301534533397e-06 -3.104641175983184403e-04 8.045648526895127651e-04
8.691599736600016815e-04 -2.962189729085897938e-04 0.000000000000000000e+00 -1.127654366520817455e-03 -2.697420136812493912e-04 -3.132970065124113680e-03 -6.248407751667980339e-04 -3.558332784496101640e-04 -5.436517233911395547e-04 4.599684036556614657e-04 -3.075407429764073124e-04 -1.137998441479872499e-03
-4.215944676740905508e-04 7.117505754066265691e-04 -1.127654366520817455e-03 0.000000000000000000e+00 -1.230871140950692713e-04 -2.529822576146085848e-03 -4.516591326854258316e-04 6.841259742922718061e-04 4.403182292400854457e-04 1.264693910223780573e-03 6.642994764060168806e-04 5.503478188909280162e-04
-6.898766911253927754e-04 1.632331369904189684e-04 -2.697420136812493912e-04 -1.230871140950692713e-04 0.000000000000000000e+00 -2.517678791863956107e-03 1.180410689867259898e-04 -2.120709323807975903e-04 2.080841858557793702e-04 -7.470206091763682442e-04 -2.325367354305217494e-04 -1.097800680234718067e-03
-8.814977081842273725e-04 1.017596442273133650e-03 -3.132970065124113680e-03 -2.529822576146085848e-03 -2.517678791863956107e-03 0.000000000000000000e+00 -3.254955685021530137e-05 1.267957520101170577e-03 -3.046664068192465706e-05 -1.474508202908444195e-03 4.300134422761929141e-04 -1.018370496236560303e-03
-5.096714840708766511e-04 4.599970572898087143e-04 -6.248407751667980339e-04 -4.516591326854258316e-04 1.180410689867259898e-04 -3.254955685021530137e-05 0.000000000000000000e+00 7.276252665047497196e-05 -6.036896970156499769e-04 -5.505484541962253229e-04 -6.405346328170039884e-04 4.821638144262891832e-04
-2.186192358605718250e-04 -2.620112837031734508e-05 -3.558332784496101640e-04 6.841259742922718061e-04 -2.120709323807975903e-04 1.267957520101170577e-03 7.276252665047497196e-05 0.000000000000000000e+00 -2.746789407052181915e-04 1.346002372340493729e-05 6.447790544392524234e-04 2.917442293534572100e-04
2.719229599626566914e-04 9.129667503699612349e-04 -5.436517233911395547e-04 4.403182292400854457e-04 2.080841858557793702e-04 -3.046664068192465706e-05 -6.036896970156499769e-04 -2.746789407052181915e-04 0.000000000000000000e+00 -2.270516781215519450e-04 -2.228057487911405210e-04 -3.380441214416109088e-04
-3.051466087291800561e-06 -1.527408301534533397e-06 4.599684036556614657e-04 1.264693910223780573e-03 -7.470206091763682442e-04 -1.474508202908444195e-03 -5.505484541962253229e-04 1.346002372340493729e-05 -2.270516781215519450e-04 0.000000000000000000e+00 -3.189418306019787923e-04 6.844704124904731589e-04
-9.086211904014109193e-05 -3.104641175983184403e-04 -3.075407429764073124e-04 6.642994764060168806e-04 -2.325367354305217494e-04 4.300134422761929141e-04 -6.405346328170039884e-04 6.447790544392524234e-04 -2.228057487911405210e-04 -3.189418306019787923e-04 0.000000000000000000e+00 -1.848376109065617191e-05
1.980888945266848125e-04 8.045648526895127651e-04 -1.137998441479872499e-03 5.503478188909280162e-04 -1.097800680234718067e-03 -1.018370496236560303e-03 4.821638144262891832e-04 2.917442293534572100e-04 -3.380441214416109088e-04 6.844704124904731589e-04 -1.848376109065617191e-05 0.000000000000000000e+00
