0.000000000000000000e+00 -1.221027766953673276e-04 -1.530310889542895510e-03 4.425840705919009124e-04 1.560544686799671848e-04 3.487025504571462237e-04 2.689019905887747369e-04 -2.616484296286214831e-04 -1.212099511223207766e-03 2.806634561149159166e-04 4.994102819972686801e-04 1.943584679834106047e-03
-1.221027766953673276e-04 0.000000000000000000e+00 -2.326725505470176065e-05 2.342802508878051462e-04 -1.595512759971985564e-04 4.081119282635435695e-04 -1.132170283072939923e-04 1.881021352604540645e-04 -5.849925501876643069e-04 2.883652181996406013e-04 -2.385188440879638407e-04 1.524121626126156916e-04
-1.530310889542895510e-03 -2.326725505470176065e-05 0.000000000000000000e+00 2.390859145339917571e-03 -6.233824876967211312e-04 -1.551552223628936428e-04 1.381443160035956486e-03 2.284716215252388021e-04 -1.888596488584383002e-03 5.799078663289880558e-05 -1.986802850281502132e-04 8.810707295594434217e-04
4.425840705919009124e-04 2.342802508878051462e-04 2.390859145339917571e-03 0.000000000000000000e+00 -7.788555305505949489e-04 -2.218789576992696660e-04 1.613135702222184180e-03 -2.494080531279543552e-04 1.120262850119071833e-03 9.301707415977584830e-04 -9.886296231477376042e-04 2.627072751020221100e-03
1.560544686799671848e-04 -1.595512759971985564e-04 -6.233824876967211312e-04 -7.788555305505949489e-04 0.000000000000000000e+00 2.482104436752540443e-04 4.741997411055081432e-04 2.913782050960813546e-04 3.389730526077782769e-04 -2.788112658868134456e-04 1.724474264446754950e-04 4.824955572022311266e-05
3.487025504571462237e-04 4.081119282635435695e-04 -1.551552223628936428e-04 -2.218789576992696660e-04 2.482104436752540443e-04 0.000000000000000000e+00 5.445904229590895883e-04 3.286421106775294534e-04 4.924442576186992444e-04 -2.310282559832884785e-04 -2.967378927635141994e-04 -7.071071426838332862e-04
2.689019905887747369e-04 -1.132170283072939923e-04 1.381443160035956486e-03 1.613135702222184180e-03 4.741997411055081432e-04 5.445904229590895883e-04 0.000000000000000000e+00 2.182152857639778397e-04 7.740951113506068298e-04 -1.096130360990185508e-03 3.190720536070751020e-04 1.599983639596740288e-03
-2.616484296286214831e-04 1.881021352604540645e-04 2.284716215252388021e-04 -2.494080531279543552e-04 2.913782050960813546e-04 3.286421106775294534e-04 2.182152857639778397e-04 0.000000000000000000e+00 4.480095926203799331e-04 -1.935312919192610224e-04 -1.165150399474507140e-05 1.091682651247681069e-03
-1.212099511223207766e-03 -5.849925501876643069e-04 -1.888596488584383002e-03 1.120262850119071833e-03 3.389730526077782769e-04 4.924442576186992444e-04 7.740951113506068298e-04 4.480095926203799331e-04 0.000000000000000000e+00 -4.627476131033014784e-04 -8.323372829139457935e-04 2.449290841516723726e-03
2.806634561149159166e-04 2.883652181996406013e-04 5.799078663289880558e-05 9.301707415977584830e-04 -2.788112658868134456e-04 -2.310282559832884785e-04 -1.096130360990185508e-03 -1.935312919192610224e-04 -4.627476131033014784e-04 0.000000000000000000e+00 5.505834432523058417e-04 -2.430272628656601904e-04
4.994102819972686801e-04 -2.385188440879638407e-04 -1.986802850281502132e-04 -9.886296231477376042e-04 1.724474264446754950e-04 -2.967378927635141994e-04 3.190720536070751020e-04 -1.165150399474507140e-05 -8.323372829139457935e-04 5.505834432523058417e-04 0.000000000000000000e+00 9.340937320402173871e-04
1.943584679834106047e-03 1.524121626126156916e-04 8.810707295594434217e-04 2.627072751020221100e-03 4.824955572022311266e-05 -7.071071426838332862e-04 1.599983639596740288e-03 1.091682651247681069e-03 2.449290841516723726e-03 -2.430272628656601904e-04 9.340937320402173871e-04 0.000000000000000000e+00
