0.000000000000000000e+00 -1.547829028417517386e-03 7.756943307126685713e-04 -1.287121290208321578e-03 5.354718495775554653e-05 6.859376227744952382e-04 1.550332560259719879e-03 3.480933885353959707e-04 -2.841585923140861917e-04 6.605829258863095963e-05 5.692591849713732392e-05 1.068095317795455992e-03
-1.547829028417517386e-03 0.000000000000000000e+00 -1.457779651125954779e-03 7.584667460873268600e-04 6.213021722158527254e-05 5.491350160689457277e-04 -1.956733894023177046e-04 -3.234788974589661195e-04 4.230017237870906978e-04 -3.317287551663333756e-04 -2.385365799997378477e-04 -7.542987322641957117e-04
7.756943307126685713e-04 -1.457779651125954779e-03 0.000000000000000000e+00 -8.579889696890480918e-04 1.542581210417584298e-04 -1.574520083529098720e-04 1.725157485496109193e-03 5.973152572761791573e-04 -3.071899613899223996e-04 -6.102848596228001342e-04 -7.990067826026247405e-04 -4.363786843305257797e-03
-1.287121290208321578e-03 7.584667460873268600e-04 -8.579889696890480918e-04 0.000000000000000000e+00 -4.394427331088154734e-04 -2.299207139723980159e-04 5.394061331999029088e-04 2.167112558719296749e-04 -1.187542500504114047e-03 6.706257193687273441e-04 5.457319656091548466e-04 2.042464548921265124e-03
5.354718495775554653e-05 6.213021722158527254e-05 1.542581210417584298e-04 -4.394427331088154734e-04 0.000000000000000000e+00 8.759701066416109103e-05 3.778136255071878305e-04 -7.647666798706901031e-05 1.021562074862683864e-05 -5.498172156073479182e-04 4.620556641517190337e-04 1.212516596150403636e-03
6.859376227744952382e-04 5.491350160689457277e-04 -1.574520083529098720e-04 -2.299207139723980159e-04 8.759701066416109103e-05 0.000000000000000000e+00 4.767627215051950399e-04 4.167178693773985878e-06 -9.177059448776765313e-04 6.798067519799955822e-05 -1.307112758097465043e-04 -5.397619410741671996e-04
1.550332560259719879e-03 -1.956733894023177046e-04 1.725157485496109193e-03 5.394061331999029088e-04 3.778136255071878305e-04 4.767627215051950399e-04 0.000000000000000000e+00 2.059555568662761434e-04 -1.073126346295182184e-03 -9.120054382773730732e-04 -8.120666799716765808e-04 2.305351905777892549e-03
3.480933885353959707e-04 -3.234788974589661195e-04 5.973152572761791573e-04 2.167112558719296749e-04 -7.647666798706901031e-05 4.167178693773985878e-06 2.059555568662761434e-04 0.000000000000000000e+00 3.572218106807789227e-04 -3.830161779720863888e-05 4.748711013405466051e-04 -9.848925398082779541e-06
-2.841585923140861917e-04 4.230017237870906978e-04 -3.071899613899223996e-04 -1.187542500504114047e-03 1.021562074862683864e-05 -9.177059448776765313e-04 -1.073126346295182184e-03 3.572218106807789227e-04 0.000000000000000000e+00 -3.155520395142919887e-04 -3.782916434184260693e-04 8.453766675496015388e-04
6.605829258863095963e-05 -3.317287551663333756e-04 -6.102848596228001342e-04 6.706257193687273441e-04 -5.498172156073479182e-04 6.798067519799955822e-05 -9.120054382773730732e-04 -3.830161779720863888e-05 -3.155520395142919887e-04 0.000000000000000000e+00 3.714753240174181108e-04 -1.357281921929214723e-03
5.692591849713732392e-05 -2.385365799997378477e-04 -7.990067826026247405e-04 5.457319656091548466e-04 4.620556641517190337e-04 -1.307112758097465043e-04 -8.120666799716765808e-04 4.748711013405466051e-04 -3.782916434184260693e-04 3.714753240174181108e-04 0.000000000000000000e+00 5.565543832465976630e-04
1.068095317795455992e-03 -7.542987322641957117e-04 -4.363786843305257797e-03 2.042464548921265124e-03 1.212516596150403636e-03 -5.397619410741671996e-04 2.305351905777892549e-03 -9.848925398082779541e-06 8.453766675496015388e-04 -1.357281921929214723e-03 5.565543832465976630e-04 0.000000000000000000e+00
