0.000000000000000000e+00 -5.090515483599269671e-04 9.532357857729116123e-05 -8.904772399276420771e-04 4.554430051172735582e-05 -1.037454345697752045e-03 -1.693938597067230810e-03 5.387880997802262963e-04 1.878872611138286209e-03 8.043632824187004556e-05 3.222789734312880703e-05 -1.911786316125613922e-03
-5.090515483599269671e-04 0.000000000000000000e+00 5.389713462000021108e-04 -6.910571377153489113e-04 4.558949205980740460e-04 5.228337045585533180e-04 -5.127974532472351571e-04 -4.166053249763392957e-05 -8.732604778559603653e-04 -2.729437818370207352e-04 -2.006953525796749307e-04 -1.502199546614411572e-03
9.532357857729116123e-05 5.389713462000021108e-04 0.000000000000000000e+00 -1.492014775636282473e-04 -7.450318428993065074e-04 -6.761090089447847331e-04 1.259378447550809580e-03 2.457552722506485941e-05 -2.866134442760861177e-03 -1.740147470157254593e-04 -4.184546418780483957e-04 -1.151835278715013450e-03
-8.904772399276420771e-04 -6.910571377153489113e-04 -1.492014775636282473e-04 0.000000000000000000e+00 -5.312794545267969038e-04 -3.805935324687171012e-04 2.172479322545499533e-04 6.822801883869964489e-08 -1.230773567416042864e-03 -4.658791424285484910e-04 2.856255091178582948e-04 -1.862529640133931894e-03
4.554430051172735582e-05 4.558949205980740460e-04 -7.450318428993065074e-04 -5.312794545267969038e-04 0.000000000000000000e+00 -5.407820268481936720e-05 5.536650440918824403e-04 -1.669566031222039046e-04 4.212956545067273096e-05 -1.980785795174090462e-04 -1.626326916908322530e-04 -4.777646005572544003e-05
-1.037454345697752045e-03 5.228337045585533180e-04 -6.761090089447847331e-04 -3.805935324687171012e-04 -5.407820268481936720e-05 0.000000000000000000e+00 -1.528333696958590008e-04 -8.954298067443176797e-06 -5.922031729763533149e-04 4.340711618233360474e-04 8.262196512347871511e-05 -1.878679585014756542e-04
-1.693938597067230810e-03 -5.127974532472351571e-04 1.259378447550809580e-03 2.172479322545499533e-04 5.536650440918824403e-04 -1.528333696958590008e-04 0.000000000000000000e+00 -2.975779308644393366e-04 -1.017235256996289498e-03 -4.104519047853984496e-04 -1.384204300177404943e-05 -1.238680046990905557e-03
5.387880997802262963e-04 -4.166053249763392957e-05 2.457552722506485941e-05 6.822801883869964489e-08 -1.669566031222039046e-04 -8.954298067443176797e-06 -2.975779308644393366e-04 0.000000000000000000e+00 -5.026013900972762941e-04 3.230592788776298629e-04 -1.246830994055358305e-04 -7.171624198177086211e-04
1.878872611138286209e-03 -8.732604778559603653e-04 -2.866134442760861177e-03 -1.230773567416042864e-03 4.212956545067273096e-05 -5.922031729763533149e-04 -1.017235256996289498e-03 -5.026013900972762941e-04 0.000000000000000000e+00 4.373789367325454393e-05 1.284915476361895431e-03 -2.480236382922532037e-03
8.043632824187004556e-05 -2.729437818370207352e-04 -1.740147470157254593e-04 -4.658791424285484910e-04 -1.980785795174090462e-04 4.340711618233360474e-04 -4.104519047853984496e-04 3.230592788776298629e-04 4.373789367325454393e-05 0.000000000000000000e+00 6.492126724325099872e-04 -4.070903527115280417e-04
3.222789734312880703e-05 -2.006953525796749307e-04 -4.184546418780483957e-04 2.856255091178582948e-04 -1.626326916908322530e-04 8.262196512347871511e-05 -1.384204300177404943e-05 -1.246830994055358305e-04 1.284915476361895431e-03 6.492126724325099872e-04 0.000000000000000000e+00 -1.274586587497449422e-03
-1.911786316125613922e-03 -1.502199546614411572e-03 -1.151835278715013450e-03 -1.862529640133931894e-03 -4.777646005572544003e-05 -1.878679585014756542e-04 -1.238680046990905557e-03 -7.171624198177086211e-04 -2.480236382922532037e-03 -4.070903527115280417e-04 -1.274586587497449422e-03 0.000000000000000000e+00
