0.000000000000000000e+00 -5.962724424382316807e-04 -3.182314091926033948e-04 5.146435669731454199e-05 -5.601153924373543412e-04 1.019394550083175914e-03 3.923138322043578713e-04 4.762075114338415417e-04 -3.124749004022128350e-04 1.091061536313606747e-03 -2.909814927741876636e-04 -8.419544011653583206e-04
-5.962724424382316807e-04 0.000000000000000000e+00 2.451130340304247604e-03 3.186791329455184070e-05 1.454207517011678590e-03 -6.629693600461482924e-04 -2.585188875723251601e-04 8.880591880106145260e-04 -1.313588836745212046e-03 1.246799321567360454e-03 2.950532906619600859e-04 6.468377768072712183e-04
-3.182314091926033948e-04 2.451130340304247604e-03 0.000000000000000000e+00 3.573550013116707797e-04 4.244978960739629941e-04 2.326705251593826160e-03 -2.145700335702013610e-04 -8.542023242765457518e-05 -4.014297063144384907e-04 1.941830474962644376e-03 1.629956829466079268e-03 -3.218488050708159061e-04
5.146435669731454199e-05 3.186791329455184070e-05 3.573550013116707797e-04 0.000000000000000000e+00 -2.942705082882305289e-04 6.979775109008970165e-04 1.254935449403661737e-04 -4.818430659653640757e-06 2.012977717890694423e-04 2.373971025300373235e-03 -7.815699015028446757e-04 3.365805158155650719e-04
-5.601153924373543412e-04 1.454207517011678590e-03 4.244978960739629941e-04 -2.942705082882305289e-04 0.000000000000000000e+00 1.058745839373203797e-03 2.218085781119382728e-04 -1.039449400160675553e-04 6.676543739196830868e-05 -6.206756196085257311e-04 -4.005477175614140543e-04 5.917774217588325390e-04
1.019394550083175914e-03 -6.629693600461482924e-04 2.326705251593826160e-03 6.979775109008970165e-04 1.058745839373203797e-03 0.000000000000000000e+00 6.331843048578710245e-06 8.283205609435326288e-04 1.332626274419048415e-03 2.492102622963060748e-04 5.010394888820332701e-04 1.296823087113793454e-04
3.923138322043578713e-04 -2.585188875723251601e-04 -2.145700335702013610e-04 1.254935449403661737e-04 2.218085781119382728e-04 6.331843048578710245e-06 0.000000000000000000e+00 -1.753506119131143697e-04 3.104846186597307891e-04 -7.847799299222570253e-04 2.403621394507133874e-04 1.976780694947476711e-04
4.762075114338415417e-04 8.880591880106145260e-04 -8.542023242765457518e-05 -4.818430659653640757e-06 -1.039449400160675553e-04 8.283205609435326288e-04 -1.753506119131143697e-04 0.000000000000000000e+00 -4.520322363304115645e-05 -7.768426941826828266e-04 -5.324301092606861883e-04 2.078057984904356438e-04
-3.124749004022128350e-04 -1.313588836745212046e-03 -4.014297063144384907e-04 2.012977717890694423e-04 6.676543739196830868e-05 1.332626274419048415e-03 3.104846186597307891e-04 -4.520322363304115645e-05 0.000000000000000000e+00 2.644778691689547408e-04 1.463542210047989495e-04 -5.670231027071102002e-05
1.091061536313606747e-03 1.246799321567360454e-03 1.941830474962644376e-03 2.373971025300373235e-03 -6.206756196085257311e-04 2.492102622963060748e-04 -7.847799299222570253e-04 -7.768426941826828266e-04 2.644778691689547408e-04 0.000000000000000000e+00 -7.911444931807187298e-04 1.426196584056956679e-03
-2.909814927741876636e-04 2.950532906619600859e-04 1.629956829466079268e-03 -7.815699015028446757e-04 -4.005477175614140543e-04 5.010394888820332701e-04 2.403621394507133874e-04 -5.324301092606861883e-04 1.463542210047989495e-04 -7.911444931807187298e-04 0.000000000000000000e+00 1.167701411072092591e-04
-8.419544011653583206e-04 6.468377768072712183e-04 -3.218488050708159061e-04 3.365805158155650719e-04 5.917774217588325390e-04 1.296823087113793454e-04 1.976780694947476711e-04 2.078057984904356438e-04 -5.670231027071102002e-05 1.426196584056956679e-03 1.167701411072092591e-04 0.000000000000000000e+00
