0.000000000000000000e+00 -1.958826396319021375e-04 -1.209548379463107380e-03 2.705639137698975078e-04 -6.304888200610932626e-04 -1.003437116028327606e-03 5.459453781136092620e-04 -4.012468199858616681e-04 4.866375055374651167e-05 -7.913366915153519391e-04 -3.128047701334010842e-04 -4.557195707471086376e-04
-1.958826396319021375e-04 0.000000000000000000e+00 -1.055331417479195592e-03 4.341409528782161787e-04 -8.560915541839353004e-04 8.085364405691884704e-05 2.561274505043047958e-04 -3.231092671852269860e-04 6.445007942668108496e-04 -2.395142220202232594e-03 3.508485798550426294e-04 6.354632219520211719e-04
-1.209548379463107380e-03 -1.055331417479195592e-03 0.000000000000000000e+00 -1.473326928883715668e-03 2.033098809302152313e-03 -1.109398450676189231e-03 -4.712549829243625602e-04 -4.734405180367856625e-04 -3.689007762421190532e-04 -3.272452821397679821e-03 9.497316129511174793e-04 -1.197365235284443769e-03
2.705639137698975078e-04 4.341409528782161787e-04 -1.473326928883715668e-03 0.000000000000000000e+00 -1.904330794581925190e-04 3.604767746412361349e-05 -4.900547326627441346e-04 3.995583258783194452e-04 6.246304992255038600e-04 -3.953270963069549287e-04 -1.171442516035448310e-04 -2.550225174210009956e-04
-6.304888200610932626e-04 -8.560915541839353004e-04 2.033098809302152313e-03 -1.904330794581925190e-04 0.000000000000000000e+00 -1.694213909935119843e-03 -7.263064416048963011e-07 9.513608870667741196e-05 8.229155517283542106e-04 3.840418225769405406e-04 7.192001812795125045e-05 8.759594567413770804e-04
-1.003437116028327606e-03 8.085364405691884704e-05 -1.109398450676189231e-03 3.604767746412361349e-05 -1.694213909935119843e-03 0.000000000000000000e+00 -9.041218308414380740e-05 4.126719683901395415e-04 -9.646933348711467368e-04 -2.463226219207679136e-03 -3.479638741007681280e-04 7.061148330658658557e-06
5.459453781136092620e-04 2.561274505043047958e-04 -4.712549829243625602e-04 -4.900547326627441346e-04 -7.263064416048963011e-07 -9.041218308414380740e-05 0.000000000000000000e+00 1.432070800988618080e-05 2.750110419475281604e-04 -7.633036276033195811e-04 -2.625933535662652255e-04 2.640940492491432117e-04
-4.012468199858616681e-04 -3.231092671852269860e-04 -4.734405180367856625e-04 3.995583258783194452e-04 9.513608870667741196e-05 4.126719683901395415e-04 1.432070800988618080e-05 0.000000000000000000e+00 7.543799453255536577e-05 -9.345860785070781709e-04 4.531819937412037832e-05 -3.724652464016316752e-04
4.866375055374651167e-05 6.445007942668108496e-04 -3.689007762421190532e-04 6.246304992255038600e-04 8.229155517283542106e-04 -9.646933348711467368e-04 2.750110419475281604e-04 7.543799453255536577e-05 0.000000000000000000e+00 5.382733802625823015e-04 4.529835688887950225e-04 1.314849227705679278e-04
-7.913366915153519391e-04 -2.395142220202232594e-03 -3.272452821397679821e-03 -3.953270963069549287e-04 3.840418225769405406e-04 -2.463226219207679136e-03 -7.633036276033195811e-04 -9.345860785070781709e-04 5.382733802625823015e-04 0.000000000000000000e+00 4.839222854074917137e-04 1.667249755338189986e-03
-3.128047701334010842e-04 3.508485798550426294e-04 9.497316129511174793e-04 -1.171442516035448310e-04 7.192001812795125045e-05 -3.479638741007681280e-04 -2.625933535662652255e-04 4.531819937412037832e-05 4.529835688887950225e-04 4.839222854074917137e-04 0.000000000000000000e+00 -5.442954102473473565e-04
-4.557195707471086376e-04 6.354632219520211719e-04 -1.197365235284443769e-03 -2.550225174210009956e-04 8.759594567413770804e-04 7.061148330658658557e-06 2.640940492491432117e-04 -3.724652464016316752e-04 1.314849227705679278e-04 1.667249755338189986e-03 -5.442954102473473565e-04 0.000000000000000000e+00
