0.000000000000000000e+00 -9.965345764840329110e-04 -1.456376063983306937e-04 -6.370858197878778977e-04 9.287750005843923001e-04 3.263370801247252712e-04 -2.704633061442890396e-04 3.887283155405957908e-04 -8.023498748442448427e-04 1.793374052038815454e-03 4.817229319197324842e-04 7.417571161752097584e-04
-9.965345764840329110e-04 0.000000000000000000e+00 -2.647025932448379123e-05 2.111179529831720084e-04 1.118343549023876650e-03 1.159481707190055614e-03 -1.609527052641536774e-04 6.451555159198305240e-04 9.413881326631016750e-04 -1.369073204330263161e-03 4.038799922508820453e-04 4.149157179928034844e-05
-1.456376063983306937e-04 -2.647025932448379123e-05 0.000000000000000000e+00 -3.696658971384826219e-04 1.592903511134116483e-03 -7.822240177502391961e-04 1.705488026621558106e-05 -3.704599668130319342e-04 -3.141678400431561461e-04 -3.820074208889966214e-03 4.957897415067835526e-04 6.610786481627780632e-04
-6.370858197878778977e-04 2.111179529831720084e-04 -3.696658971384826219e-04 0.000000000000000000e+00 -3.949285620619534683e-04 -6.703059682018910025e-04 -3.403295101594885474e-05 2.889690115539749306e-04 -4.765085481967299796e-04 -4.007619153182137545e-05 -1.352875447248484715e-06 -4.275955425753662155e-04
9.287750005843923001e-04 1.118343549023876650e-03 1.592903511134116483e-03 -3.949285620619534683e-04 0.000000000000000000e+00 -8.047933598607311025e-04 -4.077333067604925173e-04 5.686144264003544250e-04 -5.663656111153222896e-04 -1.486519218034419026e-03 -4.823401325626175602e-04 1.983995649058193972e-04
3.263370801247252712e-04 1.159481707190055614e-03 -7.822240177502391961e-04 -6.703059682018910025e-04 -8.047933598607311025e-04 0.000000000000000000e+00 9.651624323822033239e-05 -1.698716477714550335e-04 -1.471847992566405455e-04 -2.746347751980395598e-03 -9.675197745292722249e-04 4.833804616800179972e-04
-2.704633061442890396e-04 -1.609527052641536774e-04 1.705488026621558106e-05 -3.403295101594885474e-05 -4.077333067604925173e-04 9.651624323822033239e-05 0.000000000000000000e+00 7.645483176395260496e-05 -1.240544458655725595e-04 -5.296772131595134684e-04 1.376607899575623154e-04 -1.340195165770001755e-04
3.887283155405957908e-04 6.451555159198305240e-04 -3.704599668130319342e-04 2.889690115539749306e-04 5.686144264003544250e-04 -1.698716477714550335e-04 7.645483176395260496e-05 0.000000000000000000e+00 -3.257548743482445073e-04 8.222994376919528538e-04 6.848148715993718390e-05 7.020229797460814190e-04
-8.023498748442448427e-04 9.413881326631016750e-04 -3.141678400431561461e-04 -4.765085481967299796e-04 -5.663656111153222896e-04 -1.471847992566405455e-04 -1.240544458655725595e-04 -3.257548743482445073e-04 0.000000000000000000e+00 -7.588851510587551813e-04 -7.589496488228397210e-04 -9.090818796946563993e-05
1.793374052038815454e-03 -1.369073204330263161e-03 -3.820074208889966214e-03 -4.007619153182137545e-05 -1.486519218034419026e-03 -2.746347751980395598e-03 -5.296772131595134684e-04 8.222994376919528538e-04 -7.588851510587551813e-04 0.000000000000000000e+00 1.255833366956017258e-03 -1.090296391618555006e-03
4.817229319197324842e-04 4.038799922508820453e-04 4.957897415067835526e-04 -1.352875447248484715e-06 -4.823401325626175602e-04 -9.675197745292722249e-04 1.376607899575623154e-04 6.848148715993718390e-05 -7.589496488228397210e-04 1.255833366956017258e-03 0.000000000000000000e+00 2.238571917116207485e-04
7.417571161752097584e-04 4.149157179928034844e-05 6.610786481627780632e-04 -4.275955425753662155e-04 1.983995649058193972e-04 4.833804616800179972e-04 -1.340195165770001755e-04 7.020229797460814190e-04 -9.090818796946563993e-05 -1.090296391618555006e-03 2.238571917116207485e-04 0.000000000000000000e+00
