0.000000000000000000e+00 2.607862725360640221e-04 2.235043546143000107e-03 -1.221482590425979021e-04 2.735219919324272954e-04 -3.412190312830418312e-04 6.575094596893903088e-05 3.136146965210468763e-04 4.593400664489386671e-04 6.641907435743468931e-04 -2.391572444493588270e-04 -3.208201678745734356e-04
2.607862725360640221e-04 0.000000000000000000e+00 -4.999349184330243497e-04 1.231192121733962380e-06 -1.230771478275579593e-03 -3.244010803892932986e-04 2.751644564591841408e-04 -6.432090085253220642e-06 -5.996564523131098787e-04 -2.005987633425423532e-03 4.555198776437326320e-04 -9.676260751151068108e-04
2.235043546143000107e-03 -4.999349184330243497e-04 0.000000000000000000e+00 1.672003110690304501e-04 1.674320907895035385e-03 -1.235557718614229295e-03 3.761210637696596774e-04 -8.997510212376347641e-04 1.446644402983008476e-03 2.520255090146506036e-03 3.363308618507456914e-04 -2.745851162958479392e-04
-1.221482590425979021e-04 1.231192121733962380e-06 1.672003110690304501e-04 0.000000000000000000e+00 -3.164363528982498111e-04 -6.383474007568667574e-04 -1.118862722221306396e-04 -2.576802036000148716e-04 1.425216941804276110e-05 8.878964318575159999e-04 -1.766931986091468802e-04 -5.083809136780940204e-04
2.735219919324272954e-04 -1.230771478275579593e-03 1.674320907895035385e-03 -3.164363528982498111e-04 0.000000000000000000e+00 6.110375180738127293e-04 -2.840124705294480773e-04 -4.184482349751154039e-04 -9.624136098946615373e-04 -1.351838776664982499e-03 -1.219836826169538998e-03 3.733230849372920121e-04
-3.412190312830418312e-04 -3.244010803892932986e-04 -1.235557718614229295e-03 -6.383474007568667574e-04 6.110375180738127293e-04 0.000000000000000000e+00 -1.802305666959474388e-04 1.040093887357307605e-03 -2.756805593780723351e-04 -7.984163579714011183e-05 -6.719285584387145634e-04 -2.682736939866634082e-04
6.575094596893903088e-05 2.751644564591841408e-04 3.761210637696596774e-04 -1.118862722221306396e-04 -2.840124705294480773e-04 -1.802305666959474388e-04 0.000000000000000000e+00 -2.838355835347345529e-04 -7.266385853416836428e-05 -2.953164590909253262e-04 1.070460119619924772e-04 3.457054972799038033e-04
3.136146965210468763e-04 -6.432090085253220642e-06 -8.997510212376347641e-04 -2.576802036000148716e-04 -4.184482349751154039e-04 1.040093887357307605e-03 -2.838355835347345529e-04 0.000000000000000000e+00 -7.734745060633145325e-04 1.717192229495083508e-03 3.174035920566289394e-04 2.957482188446986307e-04
4.593400664489386671e-04 -5.996564523131098787e-04 1.446644402983008476e-03 1.425216941804276110e-05 -9.624136098946615373e-04 -2.756805593780723351e-04 -7.266385853416836428e-05 -7.734745060633145325e-04 0.000000000000000000e+00 2.004666923700109890e-03 -2.704532390096800291e-04 1.460163214474065134e-04
6.641907435743468931e-04 -2.005987633425423532e-03 2.520255090146506036e-03 8.878964318575159999e-04 -1.351838776664982499e-03 -7.984163579714011183e-05 -2.953164590909253262e-04 1.717192229495083508e-03 2.004666923700109890e-03 0.000000000000000000e+00 9.795091549948541261e-04 8.359531532495011533e-04
-2.391572444493588270e-04 4.555198776437326320e-04 3.363308618507456914e-04 -1.766931986091468802e-04 -1.219836826169538998e-03 -6.719285584387145634e-04 1.070460119619924772e-04 3.174035920566289394e-04 -2.704532390096800291e-04 9.795091549948541261e-04 0.000000000000000000e+00 9.884329533962673956e-05
-3.208201678745734356e-04 -9.676260751151068108e-04 -2.745851162958479392e-04 -5.083809136780940204e-04 3.733230849372920121e-04 -2.682736939866634082e-04 3.457054972799038033e-04 2.957482188446986307e-04 1.460163214474065134e-04 8.359531532495011533e-04 9.884329533962673956e-05 0.000000000000000000e+00
