0.000000000000000000e+00 4.316493097275265990e-04 7.678761814703849616e-04 4.558622234577962328e-04 6.257797886112077216e-04 3.645416876874009665e-04 1.757165002918882623e-04 -1.877981020038766140e-03 -9.472868252616346201e-04 -6.430070191914364361e-04 -1.234519826844216904e-03 -2.193465445288836368e-04
4.316493097275265990e-04 0.000000000000000000e+00 -2.405068034544603295e-04 -3.216314184752853598e-04 -4.460334438865877819e-05 -3.482258765319031792e-04 7.269908504395369928e-04 1.433766148411756355e-03 3.142159421041438422e-04 4.193702419404429587e-04 -6.398460288827618634e-04 -1.717877327802322645e-03
7.678761814703849616e-04 -2.405068034544603295e-04 0.000000000000000000e+00 2.978453681218582783e-04 -2.106282116598610552e-04 2.372783255772551792e-04 -8.512604254162948070e-04 1.516589397331955576e-03 1.223253812193205207e-04 3.538364477951022732e-04 -5.847288801680720688e-04 -1.474540108901610047e-03
4.558622234577962328e-04 -3.216314184752853598e-04 2.978453681218582783e-04 0.000000000000000000e+00 -7.492158952396948642e-05 5.334678921049157982e-04 -8.137107615348732883e-04 1.509406341342404458e-03 2.966227615466822897e-04 -8.972013770855646279e-04 -2.796027970164810224e-04 -1.699519823773451609e-04
6.257797886112077216e-04 -4.460334438865877819e-05 -2.106282116598610552e-04 -7.492158952396948642e-05 0.000000000000000000e+00 5.780179923005993882e-06 -1.299954512444743840e-03 6.537394611809078850e-04 -4.420357959129251040e-04 -1.018089314011215511e-04 -2.434853946515389510e-04 1.874051673440328952e-03
3.645416876874009665e-04 -3.482258765319031792e-04 2.372783255772551792e-04 5.334678921049157982e-04 5.780179923005993882e-06 0.000000000000000000e+00 5.244350429207250279e-05 -2.847133448736855138e-04 9.057138305734571454e-05 -3.918979668901242318e-05 -6.176374145428068559e-04 -4.014245809165193669e-04
1.757165002918882623e-04 7.269908504395369928e-04 -8.512604254162948070e-04 -8.137107615348732883e-04 -1.299954512444743840e-03 5.244350429207250279e-05 0.000000000000000000e+00 -7.601614785204042655e-04 -8.204139561196890440e-04 -3.850013569940794215e-04 2.111630545968403924e-04 -2.692342917758672248e-04
-1.877981020038766140e-03 1.433766148411756355e-03 1.516589397331955576e-03 1.509406341342404458e-03 6.537394611809078850e-04 -2.847133448736855138e-04 -7.601614785204042655e-04 0.000000000000000000e+00 -3.340602391672195678e-04 1.801325237688619759e-03 6.062415921653826860e-04 2.654136362030839417e-03
-9.472868252616346201e-04 3.142159421041438422e-04 1.223253812193205207e-04 2.966227615466822897e-04 -4.420357959129251040e-04 9.057138305734571454e-05 -8.204139561196890440e-04 -3.340602391672195678e-04 0.000000000000000000e+00 -4.356013984549316799e-04 1.791089380153692158e-04 2.399412003280309365e-04
-6.430070191914364361e-04 4.193702419404429587e-04 3.538364477951022732e-04 -8.972013770855646279e-04 -1.018089314011215511e-04 -3.918979668901242318e-05 -3.850013569940794215e-04 1.801325237688619759e-03 -4.356013984549316799e-04 0.000000000000000000e+00 -2.516076138228224370e-05 1.252609142656453721e-03
-1.234519826844216904e-03 -6.398460288827618634e-04 -5.847288801680720688e-04 -2.796027970164810224e-04 -2.434853946515389510e-04 -6.176374145428068559e-04 2.111630545968403924e-04 6.062415921653826860e-04 1.791089380153692158e-04 -2.516076138228224370e-05 0.000000000000000000e+00 2.301405272116017076e-03
-2.193465445288836368e-04 -1.717877327802322645e-03 -1.474540108901610047e-03 -1.699519823773451609e-04 1.874051673440328952e-03 -4.014245809165193669e-04 -2.692342917758672248e-04 2.654136362030839417e-03 2.399412003280309365e-04 1.252609142656453721e-03 2.301405272116017076e-03 0.000000000000000000e+00
