0.000000000000000000e+00 -7.834561691889822431e-04 -1.879997047859008916e-04 -1.338930592317003553e-04 6.039596176361138524e-05 1.454280883463617382e-04 1.073452534560245700e-04 -1.103878474149120117e-03 2.246227326442275176e-04 1.317612034553637635e-04 5.878389084864253352e-04 -1.232865553352268610e-03
-7.834561691889822431e-04 0.000000000000000000e+00 -3.956357687544768812e-04 3.941183789093794551e-04 4.125984893655546665e-04 -4.438353773930344749e-04 -2.023719101354447291e-04 -2.146009229861691684e-03 -8.642558641796020897e-04 -4.792641240864503951e-04 -2.842220955655007614e-04 1.311192335728090814e-03
-1.879997047859008916e-04 -3.956357687544768812e-04 0.000000000000000000e+00 -1.877867940698700803e-05 -6.558679520641463791e-05 4.742203207594458290e-04 -5.204625715778220382e-04 -1.105933375857802914e-03 2.678795120883670461e-04 1.816476376207157252e-04 -6.750474269662141372e-04 1.152603628284612578e-03
-1.338930592317003553e-04 3.941183789093794551e-04 -1.877867940698700803e-05 0.000000000000000000e+00 3.056963691591823304e-04 -1.224073317095879341e-04 -3.823576892704243181e-04 3.723544791467014883e-05 3.218631582142126506e-04 -7.948029641547654637e-05 -2.880830413820888495e-04 -2.020096130380234258e-03
6.039596176361138524e-05 4.125984893655546665e-04 -6.558679520641463791e-05 3.056963691591823304e-04 0.000000000000000000e+00 6.753597007066111115e-05 4.201829576030625566e-04 -1.545499410577764370e-03 -6.790837342513542939e-06 5.709393883507939089e-05 6.286890597485830182e-04 9.681176364669671843e-05
1.454280883463617382e-04 -4.438353773930344749e-04 4.742203207594458290e-04 -1.224073317095879341e-04 6.753597007066111115e-05 0.000000000000000000e+00 1.647249942451703148e-04 -1.098881691936642651e-03 2.311752202889805739e-04 -8.413313593974318849e-05 -1.041957420298667383e-04 4.149658523470978991e-04
1.073452534560245700e-04 -2.023719101354447291e-04 -5.204625715778220382e-04 -3.823576892704243181e-04 4.201829576030625566e-04 1.647249942451703148e-04 0.000000000000000000e+00 1.037160654780387324e-03 5.007010815588740097e-04 -2.220120166706617871e-04 7.517040131825328221e-04 2.355538311102784495e-03
-1.103878474149120117e-03 -2.146009229861691684e-03 -1.105933375857802914e-03 3.723544791467014883e-05 -1.545499410577764370e-03 -1.098881691936642651e-03 1.037160654780387324e-03 0.000000000000000000e+00 5.698928604213808567e-04 -1.020449788994338058e-03 -2.173224889486007549e-04 -4.606559914386406307e-04
2.246227326442275176e-04 -8.642558641796020897e-04 2.678795120883670461e-04 3.218631582142126506e-04 -6.790837342513542939e-06 2.311752202889805739e-04 5.007010815588740097e-04 5.698928604213808567e-04 0.000000000000000000e+00 -2.875383438150768697e-05 -1.787955672416886908e-04 -9.210148977459592249e-04
1.317612034553637635e-04 -4.792641240864503951e-04 1.816476376207157252e-04 -7.948029641547654637e-05 5.709393883507939089e-05 -8.413313593974318849e-05 -2.220120166706617871e-04 -1.020449788994338058e-03 -2.875383438150768697e-05 0.000000000000000000e+00 3.975202514331118006e-04 -7.037709441792313735e-04
5.878389084864253352e-04 -2.842220955655007614e-04 -6.750474269662141372e-04 -2.880830413820888495e-04 6.286890597485830182e-04 -1.041957420298667383e-04 7.517040131825328221e-04 -2.173224889486007549e-04 -1.787955672416886908e-04 3.975202514331118006e-04 0.000000000000000000e+00 1.308721968953659273e-04
-1.232865553352268610e-03 1.311192335728090814e-03 1.152603628284612578e-03 -2.020096130380234258e-03 9.681176364669671843e-05 4.149658523470978991e-04 2.355538311102784495e-03 -4.606559914386406307e-04 -9.210148977459592249e-04 -7.037709441792313735e-04 1.308721968953659273e-04 0.000000000000000000e+00
