0.000000000000000000e+00 -7.081398762232807721e-04 8.161782686706394244e-04 1.914083285533655547e-03 -3.808915341054883619e-04 6.155389173987675221e-04 -7.682152426057185443e-04 -1.586123100158867141e-03 5.637074410030643501e-04 -5.788100911749331865e-04 -2.306618581018229051e-03 -8.184164012561789782e-04
-7.081398762232807721e-04 0.000000000000000000e+00 -1.037133886435086255e-04 -6.206265743666261906e-04 -1.877456561965179323e-05 7.437653587133232240e-04 -3.314383180821129835e-04 3.382276958979419453e-04 4.923847035349500313e-04 1.083986587397524175e-04 -2.235994480306787173e-04 4.209882089296091432e-04
8.161782686706394244e-04 -1.037133886435086255e-04 0.000000000000000000e+00 -8.028678377103092923e-04 2.439144470026513611e-04 2.772950990675704928e-04 1.898041170742915192e-04 -6.492628271653824723e-04 -1.853652040722902601e-04 -4.104017441998490467e-05 -2.961006241342006677e-03 -2.913944147225300762e-04
1.914083285533655547e-03 -6.206265743666261906e-04 -8.028678377103092923e-04 0.000000000000000000e+00 8.131792869665500521e-04 1.587114505477029520e-04 1.393423090871279710e-04 -1.877585926261348629e-03 -9.807067346384007022e-04 -6.755212236331603831e-04 1.099446389652717444e-03 1.820157295123249605e-03
-3.808915341054883619e-04 -1.877456561965179323e-05 2.439144470026513611e-04 8.131792869665500521e-04 0.000000000000000000e+00 -3.619951027359862689e-04 -3.280340429635033575e-04 -7.438961421898751840e-04 -8.141643727523586354e-04 1.223068952806659858e-04 4.337422449429269799e-04 4.548761607489129328e-04
6.155389173987675221e-04 7.437653587133232240e-04 2.772950990675704928e-04 1.587114505477029520e-04 -3.619951027359862689e-04 0.000000000000000000e+00 6.228289452094265370e-05 1.514834693048439822e-04 -5.988166509944850514e-04 -4.614931967733251674e-04 1.005571233541712253e-03 -6.624759428039422729e-04
-7.682152426057185443e-04 -3.314383180821129835e-04 1.898041170742915192e-04 1.393423090871279710e-04 -3.280340429635033575e-04 6.228289452094265370e-05 0.000000000000000000e+00 -2.564561766735628905e-04 7.853003793741801346e-05 4.628329340870380407e-05 5.856374962947154652e-04 -4.507959606072257453e-04
-1.586123100158867141e-03 3.382276958979419453e-04 -6.492628271653824723e-04 -1.877585926261348629e-03 -7.438961421898751840e-04 1.514834693048439822e-04 -2.564561766735628905e-04 0.000000000000000000e+00 8.916534403948128034e-04 -8.630169857176774907e-04 1.551460519317015988e-03 -7.520636465947527554e-05
5.637074410030643501e-04 4.923847035349500313e-04 -1.853652040722902601e-04 -9.807067346384007022e-04 -8.141643727523586354e-04 -5.988166509944850514e-04 7.853003793741801346e-05 8.916534403948128034e-04 0.000000000000000000e+00 -2.708998258112917546e-04 -3.703505419288715458e-04 1.812817303016295420e-04
-5.788100911749331865e-04 1.083986587397524175e-04 -4.104017441998490467e-05 -6.755212236331603831e-04 1.223068952806659858e-04 -4.614931967733251674e-04 4.628329340870380407e-05 -8.630169857176774907e-04 -2.708998258112917546e-04 0.000000000000000000e+00 -3.397807592740382577e-04 4.195137797249363031e-04
-2.306618581018229051e-03 -2.235994480306787173e-04 -2.961006241342006677e-03 1.099446389652717444e-03 4.337422449429269799e-04 1.005571233541712253e-03 5.856374962947154652e-04 1.551460519317015988e-03 -3.703505419288715458e-04 -3.397807592740382577e-04 0.000000000000000000e+00 5.910980461512429542e-04
-8.184164012561789782e-04 4.209882089296091432e-04 -2.913944147225300762e-04 1.820157295123249605e-03 4.548761607489129328e-04 -6.624759428039422729e-04 -4.507959606072257453e-04 -7.520636465947527554e-05 1.812817303016295420e-04 4.195137797249363031e-04 5.910980461512429542e-04 0.000000000000000000e+00
