0.000000000000000000e+00 -6.314516456375617471e-04 6.556133300963282954e-04 1.961938391965655556e-03 -1.333411772446195607e-03 6.954705149525748382e-04 4.097869056491247955e-04 2.869877467131334869e-04 -1.234783802164092460e-04 -1.169354308025158818e-03 -2.382729653207075766e-03 1.109653646907488240e-03
-6.314516456375617471e-04 0.000000000000000000e+00 -2.025474221719046370e-04 -1.596189977009994149e-04 -5.200660690579131601e-04 2.180567431428239442e-04 -2.725294326932739303e-04 8.724631288646377903e-05 -3.866031387003532435e-04 7.667956412965421485e-04 -1.317550062927025259e-04 1.040778090592463017e-04
6.556133300963282954e-04 -2.025474221719046370e-04 0.000000000000000000e+00 -4.842933394268510259e-05 3.376576390437625104e-04 -2.311096070911967438e-04 -7.318899778595122478e-05 5.654674987859331821e-04 3.105055249301254998e-04 1.369014880064195992e-04 8.525781849516241061e-04 8.323196083710220549e-04
1.961938391965655556e-03 -1.596189977009994149e-04 -4.842933394268510259e-05 0.000000000000000000e+00 -4.749068840840715584e-04 3.718365910657304399e-05 -4.605444655513501431e-04 1.583211447621991940e-04 -1.721277768233456403e-04 1.461468657861745440e-04 8.771646139694769229e-05 -1.373513448595356642e-03
-1.333411772446195607e-03 -5.200660690579131601e-04 3.376576390437625104e-04 -4.749068840840715584e-04 0.000000000000000000e+00 -5.170664715123683740e-04 2.861088280402444232e-04 1.886458358965531544e-04 4.877230047495666448e-04 2.659852750553771787e-04 -6.014140153534868046e-04 1.061296411728742881e-03
6.954705149525748382e-04 2.180567431428239442e-04 -2.311096070911967438e-04 3.718365910657304399e-05 -5.170664715123683740e-04 0.000000000000000000e+00 2.462973310917671520e-04 -1.873246095855354214e-04 4.872264348901258644e-04 6.747866348057596079e-05 1.328183239464531028e-03 9.077098046625959194e-04
4.097869056491247955e-04 -2.725294326932739303e-04 -7.318899778595122478e-05 -4.605444655513501431e-04 2.861088280402444232e-04 2.462973310917671520e-04 0.000000000000000000e+00 4.077091484913463034e-04 -3.868770166954941923e-05 2.222971002676911391e-04 -4.813059271924513029e-04 3.602725806039138736e-04
2.869877467131334869e-04 8.724631288646377903e-05 5.654674987859331821e-04 1.583211447621991940e-04 1.886458358965531544e-04 -1.873246095855354214e-04 4.077091484913463034e-04 0.000000000000000000e+00 -7.386992499820811469e-04 9.406646107957119867e-04 2.501779778567067569e-03 2.555614391143460639e-06
-1.234783802164092460e-04 -3.866031387003532435e-04 3.105055249301254998e-04 -1.721277768233456403e-04 4.877230047495666448e-04 4.872264348901258644e-04 -3.868770166954941923e-05 -7.386992499820811469e-04 0.000000000000000000e+00 -4.661345251055159199e-04 1.443398522246364243e-03 2.211695385224650206e-04
-1.169354308025158818e-03 7.667956412965421485e-04 1.369014880064195992e-04 1.461468657861745440e-04 2.659852750553771787e-04 6.747866348057596079e-05 2.222971002676911391e-04 9.406646107957119867e-04 -4.661345251055159199e-04 0.000000000000000000e+00 5.025826381271667831e-04 -4.939564107200533302e-05
-2.382729653207075766e-03 -1.317550062927025259e-04 8.525781849516241061e-04 8.771646139694769229e-05 -6.014140153534868046e-04 1.328183239464531028e-03 -4.813059271924513029e-04 2.501779778567067569e-03 1.443398522246364243e-03 5.025826381271667831e-04 0.000000000000000000e+00 -3.063479718980135439e-03
1.109653646907488240e-03 1.040778090592463017e-04 8.323196083710220549e-04 -1.373513448595356642e-03 1.061296411728742881e-03 9.077098046625959194e-04 3.602725806039138736e-04 2.555614391143460639e-06 2.211695385224650206e-04 -4.939564107200533302e-05 -3.063479718980135439e-03 0.000000000000000000e+00
