0.000000000000000000e+00 -7.790676105926694567e-04 1.013122406272719224e-03 7.478397080003063111e-04 3.903591255744239680e-04 -2.344578442705055118e-04 1.972405839111749206e-04 1.935778971624788200e-03 -6.494713722308595146e-04 5.087050068234350757e-04 2.587976110733964828e-04 -7.690768625008781662e-04
-7.790676105926694567e-04 0.000000000000000000e+00 -2.107159952828662050e-04 -3.397786664952218583e-04 -1.779909499188171034e-04 -4.731936779426175791e-04 2.739652130242006931e-04 -4.325372120575697826e-04 -2.828753854389446547e-05 4.943864650864698580e-04 1.743417194774811007e-03 6.516494462865667515e-04
1.013122406272719224e-03 -2.107159952828662050e-04 0.000000000000000000e+00 8.794455310590014278e-04 -5.032782661243268008e-04 -6.894984707241883382e-04 -1.704102973808433558e-04 -7.095574976753234609e-04 -4.307570702223232863e-05 9.146703682679233408e-04 9.318918575277360073e-05 -6.848488348478041143e-04
7.478397080003063111e-04 -3.397786664952218583e-04 8.794455310590014278e-04 0.000000000000000000e+00 2.420468799016361648e-04 1.762085695956071350e-04 4.315797168650655277e-05 6.096539604354473714e-05 1.290221731334687070e-03 -1.090630113947629095e-03 1.847843215609849907e-03 1.126994140435653210e-03
3.903591255744239680e-04 -1.779909499188171034e-04 -5.032782661243268008e-04 2.420468799016361648e-04 0.000000000000000000e+00 -5.053332929841298582e-04 5.372747148145964364e-05 7.025675878426672002e-04 -2.439792884303976922e-04 -1.124685850568023969e-04 1.970641499347860343e-03 7.505257047136095578e-04
-2.344578442705055118e-04 -4.731936779426175791e-04 -6.894984707241883382e-04 1.762085695956071350e-04 -5.053332929841298582e-04 0.000000000000000000e+00 7.407370651859164446e-05 4.364680851814629263e-04 -3.110900579093864787e-05 -8.511252926256109106e-04 -1.947954157433379055e-03 -4.015229196496535990e-04
1.972405839111749206e-04 2.739652130242006931e-04 -1.704102973808433558e-04 4.315797168650655277e-05 5.372747148145964364e-05 7.407370651859164446e-05 0.000000000000000000e+00 6.511533371927471581e-04 5.595613081798519225e-05 2.242403687489608716e-04 7.265866644467039144e-04 4.043378726966903049e-04
1.935778971624788200e-03 -4.325372120575697826e-04 -7.095574976753234609e-04 6.096539604354473714e-05 7.025675878426672002e-04 4.364680851814629263e-04 6.511533371927471581e-04 0.000000000000000000e+00 -3.184648695967286290e-04 6.131246818647613159e-04 -8.729255472964068518e-04 8.449836600102339631e-04
-6.494713722308595146e-04 -2.828753854389446547e-05 -4.307570702223232863e-05 1.290221731334687070e-03 -2.439792884303976922e-04 -3.110900579093864787e-05 5.595613081798519225e-05 -3.184648695967286290e-04 0.000000000000000000e+00 -4.535030656117592556e-04 -4.770078323335076673e-04 1.270168439807920890e-03
5.087050068234350757e-04 4.943864650864698580e-04 9.146703682679233408e-04 -1.090630113947629095e-03 -1.124685850568023969e-04 -8.511252926256109106e-04 2.242403687489608716e-04 6.131246818647613159e-04 -4.535030656117592556e-04 0.000000000000000000e+00 -3.245107448082909865e-03 1.609616452361775987e-03
2.587976110733964828e-04 1.743417194774811007e-03 9.318918575277360073e-05 1.847843215609849907e-03 1.970641499347860343e-03 -1.947954157433379055e-03 7.265866644467039144e-04 -8.729255472964068518e-04 -4.770078323335076673e-04 -3.245107448082909865e-03 0.000000000000000000e+00 -2.236028575471052035e-03
-7.690768625008781662e-04 6.516494462865667515e-04 -6.848488348478041143e-04 1.126994140435653210e-03 7.505257047136095578e-04 -4.015229196496535990e-04 4.043378726966903049e-04 8.449836600102339631e-04 1.270168439807920890e-03 1.609616452361775987e-03 -2.236028575471052035e-03 0.000000000000000000e+00
