0.000000000000000000e+00 1.179206192445151746e-03 3.084900509850127298e-04 -1.811589094254200099e-03 -7.922284724467693875e-04 2.783666913319154316e-04 2.951369556559304630e-04 -1.383621582986423702e-03 6.816512015480891140e-04 8.377174768519750911e-04 2.919076644316515989e-03 -1.929819819335165405e-04
1.179206192445151746e-03 0.000000000000000000e+00 3.657381921872752094e-04 9.748456128875592885e-05 -2.328551676288065052e-05 4.910916159565659493e-04 3.934574243716537276e-05 -4.469530428342058967e-04 3.158996007968020844e-04 -8.288030788043150967e-05 9.588066848896991887e-04 6.070786811257993616e-04
3.084900509850127298e-04 3.657381921872752094e-04 0.000000000000000000e+00 2.117980408399764412e-04 6.599156713854616705e-05 -1.445304928420921967e-05 8.949225868531873371e-05 4.028994925879653371e-05 3.634250503684538849e-04 3.802423914580150199e-04 -1.222773082744991547e-03 2.802081899481584913e-04
-1.811589094254200099e-03 9.748456128875592885e-05 2.117980408399764412e-04 0.000000000000000000e+00 8.317375514172651836e-04 7.774149707615823739e-04 -9.028432901513410661e-04 -3.705812521170816212e-06 -8.653944356215106676e-04 -6.191065776228512610e-04 1.780610111453635779e-04 1.116601730411660243e-03
-7.922284724467693875e-04 -2.328551676288065052e-05 6.599156713854616705e-05 8.317375514172651836e-04 0.000000000000000000e+00 4.666038211790706565e-04 -5.710433527104324559e-06 6.233372653467838100e-05 5.258709093623597239e-04 1.637579543352676826e-04 -2.409381288860776218e-04 -2.849435574024389425e-04
2.783666913319154316e-04 4.910916159565659493e-04 -1.445304928420921967e-05 7.774149707615823739e-04 4.666038211790706565e-04 0.000000000000000000e+00 3.173496544144448076e-04 4.444437314728023457e-04 1.358893145630786958e-04 -1.729446434101976143e-04 -3.129725528368539978e-04 3.404502514586140306e-04
2.951369556559304630e-04 3.934574243716537276e-05 8.949225868531873371e-05 -9.028432901513410661e-04 -5.710433527104324559e-06 3.173496544144448076e-04 0.000000000000000000e+00 6.548385250346950084e-04 -1.829875654078378061e-04 -5.557371040806306653e-04 3.355072092736125704e-04 4.946134407572257228e-04
-1.383621582986423702e-03 -4.469530428342058967e-04 4.028994925879653371e-05 -3.705812521170816212e-06 6.233372653467838100e-05 4.444437314728023457e-04 6.548385250346950084e-04 0.000000000000000000e+00 -3.199347817533423617e-04 -3.545561932927224566e-05 -9.646848234994475019e-04 -1.055058686441304400e-03
6.816512015480891140e-04 3.158996007968020844e-04 3.634250503684538849e-04 -8.653944356215106676e-04 5.258709093623597239e-04 1.358893145630786958e-04 -1.829875654078378061e-04 -3.199347817533423617e-04 0.000000000000000000e+00 -7.275678627055564424e-04 1.229602285390770256e-03 -6.461771247518445461e-04
8.377174768519750911e-04 -8.288030788043150967e-05 3.802423914580150199e-04 -6.191065776228512610e-04 1.637579543352676826e-04 -1.729446434101976143e-04 -5.557371040806306653e-04 -3.545561932927224566e-05 -7.275678627055564424e-04 0.000000000000000000e+00 -2.089674878267647543e-03 -2.674435325599859863e-04
2.919076644316515989e-03 9.588066848896991887e-04 -1.222773082744991547e-03 1.780610111453635779e-04 -2.409381288860776218e-04 -3.129725528368539978e-04 3.355072092736125704e-04 -9.646848234994475019e-04 1.229602285390770256e-03 -2.089674878267647543e-03 0.000000000000000000e+00 1.487555814459505478e-03
-1.929819819335165405e-04 6.070786811257993616e-04 2.802081899481584913e-04 1.116601730411660243e-03 -2.849435574024389425e-04 3.404502514586140306e-04 4.946134407572257228e-04 -1.055058686441304400e-03 -6.461771247518445461e-04 -2.674435325599859863e-04 1.487555814459505478e-03 0.000000000000000000e+00
