0.000000000000000000e+00 3.843162862019768836e-04 1.345160561539958605e-03 -1.867565846149777916e-03 6.376228437908396237e-04 8.647329487736950260e-04 -2.260347765248717320e-04 1.054627116332735584e-03 1.905961758637929728e-04 1.118525075596282640e-04 4.123604057821126691e-03 -8.433290801131907962e-04
3.843162862019768836e-04 0.000000000000000000e+00 -1.935272084760674967e-04 -1.174594140422058038e-03 3.322426415741868246e-05 4.999361319339948118e-06 -2.146271675676789743e-04 -1.259437317727154235e-03 1.762070464164239563e-04 6.319342577878663415e-05 -9.720829356941356521e-04 4.022232963949948761e-06
1.345160561539958605e-03 -1.935272084760674967e-04 0.000000000000000000e+00 -6.284529790593979459e-04 -1.115626276471058111e-04 -3.341726943393141108e-04 3.573154990994948906e-04 4.719980623738482769e-04 9.314663240356396993e-05 -2.285234311193490493e-04 5.260864501744468100e-04 -2.267195258849406109e-04
-1.867565846149777916e-03 -1.174594140422058038e-03 -6.284529790593979459e-04 0.000000000000000000e+00 -6.046425426225448402e-04 7.222646479803696874e-04 3.240823365022188897e-04 -1.133590069975032069e-05 7.181618250320246158e-04 -1.939703843163673259e-05 2.771053931442816424e-03 -3.886562676246114100e-04
6.376228437908396237e-04 3.322426415741868246e-05 -1.115626276471058111e-04 -6.046425426225448402e-04 0.000000000000000000e+00 -3.997460551050070689e-04 -4.034825813923370347e-05 1.075578716417645173e-04 -2.810713025817581108e-05 -1.171217811433307297e-04 5.838948995619685925e-04 -8.315602767642544862e-04
8.647329487736950260e-04 4.999361319339948118e-06 -3.341726943393141108e-04 7.222646479803696874e-04 -3.997460551050070689e-04 0.000000000000000000e+00 9.937177309593909428e-05 3.563451142620537211e-05 -1.554305252952005608e-04 9.847816437878598845e-05 4.328575747763069867e-04 7.908816009819482403e-04
-2.260347765248717320e-04 -2.146271675676789743e-04 3.573154990994948906e-04 3.240823365022188897e-04 -4.034825813923370347e-05 9.937177309593909428e-05 0.000000000000000000e+00 -2.877398427516240378e-04 4.619959801780329100e-06 -5.219026569334128110e-04 6.165085891448995187e-04 5.095177394383164794e-04
1.054627116332735584e-03 -1.259437317727154235e-03 4.719980623738482769e-04 -1.133590069975032069e-05 1.075578716417645173e-04 3.563451142620537211e-05 -2.877398427516240378e-04 0.000000000000000000e+00 1.326924059346731464e-04 -2.389135018757310451e-04 1.583517952226549562e-03 3.506662291931419160e-04
1.905961758637929728e-04 1.762070464164239563e-04 9.314663240356396993e-05 7.181618250320246158e-04 -2.810713025817581108e-05 -1.554305252952005608e-04 4.619959801780329100e-06 1.326924059346731464e-04 0.000000000000000000e+00 -2.885535902256096386e-04 -2.126810826505866163e-03 -3.249007136082648559e-04
1.118525075596282640e-04 6.319342577878663415e-05 -2.285234311193490493e-04 -1.939703843163673259e-05 -1.171217811433307297e-04 9.847816437878598845e-05 -5.219026569334128110e-04 -2.389135018757310451e-04 -2.885535902256096386e-04 0.000000000000000000e+00 9.394951751170030818e-04 -9.288018175980422607e-04
4.123604057821126691e-03 -9.720829356941356521e-04 5.260864501744468100e-04 2.771053931442816424e-03 5.838948995619685925e-04 4.328575747763069867e-04 6.165085891448995187e-04 1.583517952226549562e-03 -2.126810826505866163e-03 9.394951751170030818e-04 0.000000000000000000e+00 -1.802729745395704889e-03
-8.433290801131907962e-04 4.022232963949948761e-06 -2.267195258849406109e-04 -3.886562676246114100e-04 -8.315602767642544862e-04 7.908816009819482403e-04 5.095177394383164794e-04 3.506662291931419160e-04 -3.249007136082648559e-04 -9.288018175980422607e-04 -1.802729745395704889e-03 0.000000000000000000e+00
