0.000000000000000000e+00 2.748944335334224057e-04 2.139444873404771578e-03 -5.000876983074938314e-04 -6.751668466336941885e-04 1.672901185768828347e-03 1.352285355427899514e-03 -2.439155283040316154e-03 1.726553568084273336e-04 -3.912982852916884326e-04 9.638717324071793802e-05 -4.286546468013942832e-04
2.748944335334224057e-04 0.000000000000000000e+00 4.534831719560360750e-04 -1.618703519519864014e-04 -5.294162423266781476e-04 4.339284274971002024e-04 -1.131349201835025282e-03 -9.952989765449468326e-04 2.720774873410125384e-06 -1.540128036905222297e-04 1.960268342765243525e-04 -1.838832838690667359e-04
2.139444873404771578e-03 4.534831719560360750e-04 0.000000000000000000e+00 8.388702297656779701e-05 -1.386139022281496951e-03 -1.432793221243614055e-03 1.318151455409320759e-03 3.102534505781981509e-03 -8.276502288049960871e-04 -2.697721889307803543e-04 5.894584646996603233e-04 6.473175499823539936e-05
-5.000876983074938314e-04 -1.618703519519864014e-04 8.388702297656779701e-05 0.000000000000000000e+00 -6.386312915042241523e-04 1.274422653382199463e-04 -3.759591769447694206e-04 1.095326706917197938e-03 6.050223314021554825e-04 3.989257314550752707e-06 7.050659855740744732e-05 1.115291344947223751e-04
-6.751668466336941885e-04 -5.294162423266781476e-04 -1.386139022281496951e-03 -6.386312915042241523e-04 0.000000000000000000e+00 -1.118037784739598500e-03 -5.017591779204649870e-04 -7.990509846931864073e-04 9.481546455759763735e-05 -3.077954928212471662e-04 -1.506181956704940731e-05 6.636999863811828579e-05
1.672901185768828347e-03 4.339284274971002024e-04 -1.432793221243614055e-03 1.274422653382199463e-04 -1.118037784739598500e-03 0.000000000000000000e+00 1.519480055390584833e-03 6.144313950141578034e-04 1.013236291868591809e-04 2.634146897849557801e-04 -3.544321093209958431e-04 -2.673637232231495077e-04
1.352285355427899514e-03 -1.131349201835025282e-03 1.318151455409320759e-03 -3.759591769447694206e-04 -5.017591779204649870e-04 1.519480055390584833e-03 0.000000000000000000e+00 2.289827958230834012e-03 -1.218095564540116679e-03 -8.009907179478257698e-04 3.432530392225588097e-04 3.680849596766728950e-04
-2.439155283040316154e-03 -9.952989765449468326e-04 3.102534505781981509e-03 1.095326706917197938e-03 -7.990509846931864073e-04 6.144313950141578034e-04 2.289827958230834012e-03 0.000000000000000000e+00 -7.653226750467020782e-05 1.046089718738494982e-03 -6.814701404779403620e-04 -4.765181020729631939e-04
1.726553568084273336e-04 2.720774873410125384e-06 -8.276502288049960871e-04 6.050223314021554825e-04 9.481546455759763735e-05 1.013236291868591809e-04 -1.218095564540116679e-03 -7.653226750467020782e-05 0.000000000000000000e+00 -3.106473313132755026e-05 -5.465272970659528986e-05 -1.517092743992901353e-04
-3.912982852916884326e-04 -1.540128036905222297e-04 -2.697721889307803543e-04 3.989257314550752707e-06 -3.077954928212471662e-04 2.634146897849557801e-04 -8.009907179478257698e-04 1.046089718738494982e-03 -3.106473313132755026e-05 0.000000000000000000e+00 -2.848879352898824329e-04 -2.295149465752874165e-04
9.638717324071793802e-05 1.960268342765243525e-04 5.894584646996603233e-04 7.050659855740744732e-05 -1.506181956704940731e-05 -3.544321093209958431e-04 3.432530392225588097e-04 -6.814701404779403620e-04 -5.465272970659528986e-05 -2.848879352898824329e-04 0.000000000000000000e+00 3.232273431791182479e-04
-4.286546468013942832e-04 -1.838832838690667359e-04 6.473175499823539936e-05 1.115291344947223751e-04 6.636999863811828579e-05 -2.673637232231495077e-04 3.680849596766728950e-04 -4.765181020729631939e-04 -1.517092743992901353e-04 -2.295149465752874165e-04 3.232273431791182479e-04 0.000000000000000000e+00
