0.000000000000000000e+00 -1.118816257421579837e-03 -2.514360617188596877e-03 3.536484072470073565e-04 1.329895118758377473e-03 -9.718842531622601515e-04 2.162811872520719898e-03 -2.023803513602028654e-04 -5.552597040372460140e-05 5.186496727537932535e-04 -2.040768319064196221e-04 -1.449799239714822470e-04
-1.118816257421579837e-03 0.000000000000000000e+00 -4.488501033911985300e-04 -2.435914902408027388e-04 -7.556235734709900679e-04 -4.624797459559184696e-04 -1.053364550629998404e-03 -7.655422842949048071e-04 2.245634509784768097e-04 2.845107850090784914e-04 -5.680187008173050080e-04 1.216186501657031359e-04
-2.514360617188596877e-03 -4.488501033911985300e-04 0.000000000000000000e+00 -2.666861642232986706e-04 4.520271014520275249e-04 1.066299565436682438e-03 3.613548502034095132e-03 -3.945781172111239958e-03 6.169758275977859502e-04 7.868273867083483203e-04 -3.442606789392498056e-04 9.603864745664327310e-04
3.536484072470073565e-04 -2.435914902408027388e-04 -2.666861642232986706e-04 0.000000000000000000e+00 -8.232890240580302511e-04 -4.254403470873053140e-04 7.832767248716203693e-04 8.391726741655787308e-04 -1.303665498715259215e-04 4.167160334105763069e-04 6.474661796589097627e-05 2.325948260873673241e-04
1.329895118758377473e-03 -7.556235734709900679e-04 4.520271014520275249e-04 -8.232890240580302511e-04 0.000000000000000000e+00 -6.443058101867020612e-05 -9.207722035276372479e-05 1.440516315285576918e-03 -1.209856656000635444e-04 6.863987449334589498e-04 2.364360202868516774e-04 2.785786166816906590e-04
-9.718842531622601515e-04 -4.624797459559184696e-04 1.066299565436682438e-03 -4.254403470873053140e-04 -6.443058101867020612e-05 0.000000000000000000e+00 -7.462147288184881261e-04 1.240032900409534762e-03 -7.989451630328365953e-04 -5.943607082167713012e-04 1.510082742811169447e-04 -6.583802788578938295e-05
2.162811872520719898e-03 -1.053364550629998404e-03 3.613548502034095132e-03 7.832767248716203693e-04 -9.207722035276372479e-05 -7.462147288184881261e-04 0.000000000000000000e+00 2.484331407490530247e-03 1.882992590692604976e-05 -6.656888084275793286e-04 -5.277043185848543944e-05 5.997974634182630773e-04
-2.023803513602028654e-04 -7.655422842949048071e-04 -3.945781172111239958e-03 8.391726741655787308e-04 1.440516315285576918e-03 1.240032900409534762e-03 2.484331407490530247e-03 0.000000000000000000e+00 6.996351721371607459e-04 5.976768965713238034e-04 9.337215773289149132e-04 4.721408309927163866e-04
-5.552597040372460140e-05 2.245634509784768097e-04 6.169758275977859502e-04 -1.303665498715259215e-04 -1.209856656000635444e-04 -7.989451630328365953e-04 1.882992590692604976e-05 6.996351721371607459e-04 0.000000000000000000e+00 1.504822788318351846e-04 -3.033359910222205129e-04 3.119087566143946815e-04
5.186496727537932535e-04 2.845107850090784914e-04 7.868273867083483203e-04 4.167160334105763069e-04 6.863987449334589498e-04 -5.943607082167713012e-04 -6.656888084275793286e-04 5.976768965713238034e-04 1.504822788318351846e-04 0.000000000000000000e+00 3.394465939090188364e-04 -5.075311263951264376e-04
-2.040768319064196221e-04 -5.680187008173050080e-04 -3.442606789392498056e-04 6.474661796589097627e-05 2.364360202868516774e-04 1.510082742811169447e-04 -5.277043185848543944e-05 9.337215773289149132e-04 -3.033359910222205129e-04 3.394465939090188364e-04 0.000000000000000000e+00 3.576298355873216799e-05
-1.449799239714822470e-04 1.216186501657031359e-04 9.603864745664327310e-04 2.325948260873673241e-04 2.785786166816906590e-04 -6.583802788578938295e-05 5.997974634182630773e-04 4.721408309927163866e-04 3.119087566143946815e-04 -5.075311263951264376e-04 3.576298355873216799e-05 0.000000000000000000e+00
