0.000000000000000000e+00 1.662283288587072826e-04 2.968514382246961085e-04 4.461095448625859651e-04 8.146199599942441881e-04 -8.871230418071605677e-04 1.973455651557279745e-03 -5.482927179414574250e-05 9.830179348727593764e-04 -3.637585090385994624e-04 2.445784963383522154e-04 -4.189792593844715173e-04
1.662283288587072826e-04 0.000000000000000000e+00 -1.278107538272263899e-03 -5.081669406219226906e-04 7.475746339242852253e-04 -6.429624347190368518e-05 8.316969959182906940e-04 2.694861924498270691e-03 -4.381868336129001395e-04 3.040246241254262148e-04 1.920234354877163238e-04 3.579645817102947917e-04
2.968514382246961085e-04 -1.278107538272263899e-03 0.000000000000000000e+00 -7.114429831890049924e-04 -4.471172276180115381e-04 1.834767116819121697e-05 -1.635580020832010789e-03 3.675237191642908067e-04 5.921253319883948776e-04 4.127749658314312461e-04 6.832475389334528772e-04 -5.925012879575867553e-04
4.461095448625859651e-04 -5.081669406219226906e-04 -7.114429831890049924e-04 0.000000000000000000e+00 2.644091389997520929e-04 -9.993752768065644783e-04 -3.666993238646124899e-05 -5.497942062373847426e-04 -5.536716635675244334e-04 -6.930091334915293184e-05 -2.672028704630281760e-04 -7.425310990437839940e-05
8.146199599942441881e-04 7.475746339242852253e-04 -4.471172276180115381e-04 2.644091389997520929e-04 0.000000000000000000e+00 -5.707719643420457525e-04 5.527331011135821559e-04 1.597955520735700732e-03 2.046775683111638137e-04 -2.461031403456589886e-04 -3.949854078572617852e-04 4.064373315366513479e-05
-8.871230418071605677e-04 -6.429624347190368518e-05 1.834767116819121697e-05 -9.993752768065644783e-04 -5.707719643420457525e-04 0.000000000000000000e+00 8.626869014847304926e-04 -3.767275033950021556e-04 -1.345493092454579109e-04 4.550567135931775104e-04 -4.536321940516972739e-04 -1.596215893013651745e-04
1.973455651557279745e-03 8.316969959182906940e-04 -1.635580020832010789e-03 -3.666993238646124899e-05 5.527331011135821559e-04 8.626869014847304926e-04 0.000000000000000000e+00 -2.692702288391304270e-03 2.354194561077971781e-04 5.619166523700779123e-05 -5.532953569180565053e-04 1.699486818549532298e-04
-5.482927179414574250e-05 2.694861924498270691e-03 3.675237191642908067e-04 -5.497942062373847426e-04 1.597955520735700732e-03 -3.767275033950021556e-04 -2.692702288391304270e-03 0.000000000000000000e+00 -1.104663795772344807e-03 -7.767311926530911939e-04 1.778642318797374875e-04 -3.102237210253569748e-04
9.830179348727593764e-04 -4.381868336129001395e-04 5.921253319883948776e-04 -5.536716635675244334e-04 2.046775683111638137e-04 -1.345493092454579109e-04 2.354194561077971781e-04 -1.104663795772344807e-03 0.000000000000000000e+00 -2.568824026307295157e-05 1.720964156929017047e-04 -1.504970376324536372e-04
-3.637585090385994624e-04 3.040246241254262148e-04 4.127749658314312461e-04 -6.930091334915293184e-05 -2.461031403456589886e-04 4.550567135931775104e-04 5.619166523700779123e-05 -7.767311926530911939e-04 -2.568824026307295157e-05 0.000000000000000000e+00 2.665569260709501972e-05 -2.144683732611173750e-05
2.445784963383522154e-04 1.920234354877163238e-04 6.832475389334528772e-04 -2.672028704630281760e-04 -3.949854078572617852e-04 -4.536321940516972739e-04 -5.532953569180565053e-04 1.778642318797374875e-04 1.720964156929017047e-04 2.665569260709501972e-05 0.000000000000000000e+00 1.753747944997727530e-04
-4.189792593844715173e-04 3.579645817102947917e-04 -5.925012879575867553e-04 -7.425310990437839940e-05 4.064373315366513479e-05 -1.596215893013651745e-04 1.699486818549532298e-04 -3.102237210253569748e-04 -1.504970376324536372e-04 -2.144683732611173750e-05 1.753747944997727530e-04 0.000000000000000000e+00
