0.000000000000000000e+00 -4.123240488775675120e-04 1.646969984957161485e-03 -6.703530181113820201e-04 1.690718159346627598e-03 2.483456482821533502e-04 1.843468063679897526e-03 2.166883968042989609e-03 1.048421435776228372e-03 6.534084042145762690e-04 -3.645512819655730825e-04 -4.200133564741689819e-04
-4.123240488775675120e-04 0.000000000000000000e+00 9.261187670411120216e-04 -1.083070728889160722e-04 1.769917208263082969e-04 3.989152831599484627e-04 1.473923920691302741e-03 9.466273774905883910e-04 -5.895588052248350612e-04 -5.225821207531091772e-04 -2.031677855580187619e-05 5.988079231321242644e-04
1.646969984957161485e-03 9.261187670411120216e-04 0.000000000000000000e+00 -8.179164716834584799e-04 1.364533179098810891e-03 -9.167009256569539754e-04 -1.000609923542131402e-03 -4.346461657681594654e-04 -3.676754132035264409e-04 -8.012819473289503527e-04 5.300522616986389282e-04 3.138062780748678980e-04
-6.703530181113820201e-04 -1.083070728889160722e-04 -8.179164716834584799e-04 0.000000000000000000e+00 5.469494276733155146e-04 3.488978924581459897e-04 -1.820495081290826112e-04 -1.080587527093083196e-03 -1.720711404434085165e-04 -2.923328173588752633e-04 -6.791835863394607680e-05 1.451643271573174226e-05
1.690718159346627598e-03 1.769917208263082969e-04 1.364533179098810891e-03 5.469494276733155146e-04 0.000000000000000000e+00 4.080945971213324817e-04 -9.389318820190878118e-04 -1.164546399428065954e-03 1.551897095373800978e-04 -1.791136571346726887e-06 6.343695731626805903e-04 7.494239682653575790e-04
2.483456482821533502e-04 3.989152831599484627e-04 -9.167009256569539754e-04 3.488978924581459897e-04 4.080945971213324817e-04 0.000000000000000000e+00 -1.342206209938526663e-04 -1.571304837440468463e-03 6.282106552552683704e-04 -6.131749937662410313e-04 -6.931774786223285183e-04 3.154165355759218315e-04
1.843468063679897526e-03 1.473923920691302741e-03 -1.000609923542131402e-03 -1.820495081290826112e-04 -9.389318820190878118e-04 -1.342206209938526663e-04 0.000000000000000000e+00 6.628195749848532796e-04 -1.032572549668609070e-03 7.917177937525732951e-05 -4.345807775801449700e-04 -6.661675701865739070e-04
2.166883968042989609e-03 9.466273774905883910e-04 -4.346461657681594654e-04 -1.080587527093083196e-03 -1.164546399428065954e-03 -1.571304837440468463e-03 6.628195749848532796e-04 0.000000000000000000e+00 1.142247360996834086e-03 -2.827197521689455784e-04 -1.336541675242383176e-03 2.916260653821416116e-04
1.048421435776228372e-03 -5.895588052248350612e-04 -3.676754132035264409e-04 -1.720711404434085165e-04 1.551897095373800978e-04 6.282106552552683704e-04 -1.032572549668609070e-03 1.142247360996834086e-03 0.000000000000000000e+00 5.457471682957644411e-04 -7.196621183751424067e-04 7.792020822487908381e-05
6.534084042145762690e-04 -5.225821207531091772e-04 -8.012819473289503527e-04 -2.923328173588752633e-04 -1.791136571346726887e-06 -6.131749937662410313e-04 7.917177937525732951e-05 -2.827197521689455784e-04 5.457471682957644411e-04 0.000000000000000000e+00 5.623174789294146849e-04 1.364491644191792206e-04
-3.645512819655730825e-04 -2.031677855580187619e-05 5.300522616986389282e-04 -6.791835863394607680e-05 6.343695731626805903e-04 -6.931774786223285183e-04 -4.345807775801449700e-04 -1.336541675242383176e-03 -7.196621183751424067e-04 5.623174789294146849e-04 0.000000000000000000e+00 -2.679344126639767202e-04
-4.200133564741689819e-04 5.988079231321242644e-04 3.138062780748678980e-04 1.451643271573174226e-05 7.494239682653575790e-04 3.154165355759218315e-04 -6.661675701865739070e-04 2.916260653821416116e-04 7.792020822487908381e-05 1.364491644191792206e-04 -2.679344126639767202e-04 0.000000000000000000e+00
