0.000000000000000000e+00 3.591333233915556459e-05 -2.193063038268657427e-04 2.630441698450033342e-04 6.244793768228984552e-04 4.117597485289989693e-04 -1.559839163099505782e-04 -1.932213003791564293e-04 -8.889884710959423736e-04 6.989270778434245350e-04 1.413646246234209255e-05 7.439215354622386034e-04
3.591333233915556459e-05 0.000000000000000000e+00 -8.728685104486876099e-04 -3.979863226307710244e-04 -5.861194594412509168e-05 2.090873449239197474e-04 -7.336256879367882748e-04 1.187575983192681552e-04 1.223187983060889132e-03 -4.979951473403539932e-04 4.461520970472086008e-04 3.297998218187740888e-04
-2.193063038268657427e-04 -8.728685104486876099e-04 0.000000000000000000e+00 -1.067589872210950979e-04 7.401743236349449251e-04 6.433856540613751632e-04 2.296238767201882352e-04 -6.552595461967443500e-04 1.635344993812282849e-03 4.436840507268249379e-04 -1.830950665394989133e-03 6.922728075355735278e-04
2.630441698450033342e-04 -3.979863226307710244e-04 -1.067589872210950979e-04 0.000000000000000000e+00 1.528984254894789245e-03 -1.529091230148231094e-04 3.584033626965385782e-04 -1.352901261974744410e-04 8.226709026181160556e-04 4.461921755674645241e-04 -2.401289435657819946e-05 -3.844432366245689433e-04
6.244793768228984552e-04 -5.861194594412509168e-05 7.401743236349449251e-04 1.528984254894789245e-03 0.000000000000000000e+00 -7.104489313127371327e-04 -4.568975037535714088e-04 -1.061822280029926574e-03 -1.472587614729546374e-03 -9.400257502078570313e-04 -2.473130215305351706e-03 1.170314131614448062e-03
4.117597485289989693e-04 2.090873449239197474e-04 6.433856540613751632e-04 -1.529091230148231094e-04 -7.104489313127371327e-04 0.000000000000000000e+00 1.980881094445020364e-04 -1.765766389684472022e-04 -6.070615227871190359e-04 5.366430529602018214e-04 -4.553429187833124575e-05 -6.700172566852769483e-04
-1.559839163099505782e-04 -7.336256879367882748e-04 2.296238767201882352e-04 3.584033626965385782e-04 -4.568975037535714088e-04 1.980881094445020364e-04 0.000000000000000000e+00 6.394274468792138927e-04 -4.726660871476131317e-04 3.241856750369987925e-04 -2.250450189820535352e-03 1.437923913656835974e-03
-1.932213003791564293e-04 1.187575983192681552e-04 -6.552595461967443500e-04 -1.352901261974744410e-04 -1.061822280029926574e-03 -1.765766389684472022e-04 6.394274468792138927e-04 0.000000000000000000e+00 -2.404597426739312198e-04 -2.929837294805830595e-04 -4.253012100203000870e-04 -1.519496778647868088e-04
-8.889884710959423736e-04 1.223187983060889132e-03 1.635344993812282849e-03 8.226709026181160556e-04 -1.472587614729546374e-03 -6.070615227871190359e-04 -4.726660871476131317e-04 -2.404597426739312198e-04 0.000000000000000000e+00 3.404429788881632268e-04 7.370043501088594179e-04 1.420642212845298416e-03
6.989270778434245350e-04 -4.979951473403539932e-04 4.436840507268249379e-04 4.461921755674645241e-04 -9.400257502078570313e-04 5.366430529602018214e-04 3.241856750369987925e-04 -2.929837294805830595e-04 3.404429788881632268e-04 0.000000000000000000e+00 1.986643254251074363e-03 1.214953989606513875e-03
1.413646246234209255e-05 4.461520970472086008e-04 -1.830950665394989133e-03 -2.401289435657819946e-05 -2.473130215305351706e-03 -4.553429187833124575e-05 -2.250450189820535352e-03 -4.253012100203000870e-04 7.370043501088594179e-04 1.986643254251074363e-03 0.000000000000000000e+00 -5.008611765582627077e-04
7.439215354622386034e-04 3.297998218187740888e-04 6.922728075355735278e-04 -3.844432366245689433e-04 1.170314131614448062e-03 -6.700172566852769483e-04 1.437923913656835974e-03 -1.519496778647868088e-04 1.420642212845298416e-03 1.214953989606513875e-03 -5.008611765582627077e-04 0.000000000000000000e+00
