0.000000000000000000e+00 -1.046555957823874479e-04 -5.018298636840011311e-04 3.778524006892417420e-04 1.341129869344838779e-04 4.873453332971148188e-04 5.366589027897952563e-04 1.942490049181839595e-04 3.052823701614660088e-05 2.345643221142181510e-04 -1.079703053980557437e-03 -3.221801813209458696e-04
-1.046555957823874479e-04 0.000000000000000000e+00 3.107517968635669465e-04 3.643338783471020245e-04 -6.377746930862711241e-06 1.608768766571195196e-04 4.291918346934375686e-04 -2.288381605757714094e-04 -1.033687393835050413e-04 -3.109177008947464890e-05 5.791835589064106690e-04 6.072365508732334612e-04
-5.018298636840011311e-04 3.107517968635669465e-04 0.000000000000000000e+00 -7.140037444961554267e-04 -7.523890276124078121e-04 -5.648927907387676483e-04 1.084029137254605276e-03 -3.604717790343482187e-04 1.738544190720891624e-03 1.485193878289935621e-04 -2.753478602985953878e-03 4.777978008858078333e-04
3.778524006892417420e-04 3.643338783471020245e-04 -7.140037444961554267e-04 0.000000000000000000e+00 -9.192514436930955546e-04 4.073556732872441865e-04 -6.551984158503248350e-04 2.355369164548968370e-04 1.419027049076338485e-04 3.428032068062524928e-04 -1.550746796765763592e-03 -4.164795822793999165e-05
1.341129869344838779e-04 -6.377746930862711241e-06 -7.523890276124078121e-04 -9.192514436930955546e-04 0.000000000000000000e+00 6.230935885222812750e-04 8.877502273872214409e-04 -3.672524217391301502e-04 1.023599613216636794e-03 8.657908216029365804e-04 6.128147041818252008e-04 -9.741578240401654399e-04
4.873453332971148188e-04 1.608768766571195196e-04 -5.648927907387676483e-04 4.073556732872441865e-04 6.230935885222812750e-04 0.000000000000000000e+00 6.138982628940849564e-05 -1.818847116165743375e-04 4.796634329133774737e-04 -1.366490800516369491e-04 5.732006298370410837e-04 6.146528530515963035e-04
5.366589027897952563e-04 4.291918346934375686e-04 1.084029137254605276e-03 -6.551984158503248350e-04 8.877502273872214409e-04 6.138982628940849564e-05 0.000000000000000000e+00 6.729492537128511540e-05 -1.037482112881170989e-04 3.344685933277881428e-04 3.203993764978829662e-04 1.827649006813466983e-04
1.942490049181839595e-04 -2.288381605757714094e-04 -3.604717790343482187e-04 2.355369164548968370e-04 -3.672524217391301502e-04 -1.818847116165743375e-04 6.729492537128511540e-05 0.000000000000000000e+00 1.531024932964884138e-04 5.572106141934749825e-04 1.009147789369229655e-03 1.600603424870514777e-04
3.052823701614660088e-05 -1.033687393835050413e-04 1.738544190720891624e-03 1.419027049076338485e-04 1.023599613216636794e-03 4.796634329133774737e-04 -1.037482112881170989e-04 1.531024932964884138e-04 0.000000000000000000e+00 1.143175236505037957e-03 -1.299343941494874146e-03 1.654031157894089330e-03
2.345643221142181510e-04 -3.109177008947464890e-05 1.485193878289935621e-04 3.428032068062524928e-04 8.657908216029365804e-04 -1.366490800516369491e-04 3.344685933277881428e-04 5.572106141934749825e-04 1.143175236505037957e-03 0.000000000000000000e+00 -1.269160212214438593e-03 -2.762071306449330704e-04
-1.079703053980557437e-03 5.791835589064106690e-04 -2.753478602985953878e-03 -1.550746796765763592e-03 6.128147041818252008e-04 5.732006298370410837e-04 3.203993764978829662e-04 1.009147789369229655e-03 -1.299343941494874146e-03 -1.269160212214438593e-03 0.000000000000000000e+00 2.165905565853358614e-03
-3.221801813209458696e-04 6.072365508732334612e-04 4.777978008858078333e-04 -4.164795822793999165e-05 -9.741578240401654399e-04 6.146528530515963035e-04 1.827649006813466983e-04 1.600603424870514777e-04 1.654031157894089330e-03 -2.762071306449330704e-04 2.165905565853358614e-03 0.000000000000000000e+00
