0.000000000000000000e+00 -2.515181608354747329e-05 -1.099593727545428986e-04 -2.560994105261533028e-04 -5.400739586800041604e-04 -2.610302627444065671e-04 -5.318090146615570739e-04 -2.703466213183227220e-04 1.724741438319927459e-04 9.532853204762255857e-05 -4.024747337527840598e-04 8.029142587559543300e-04
-2.515181608354747329e-05 0.000000000000000000e+00 -1.425065779892366389e-04 -8.736701012106637128e-05 5.820718534442440723e-04 -2.494573069716063581e-04 4.142799398897358465e-04 -3.691136170790563250e-04 -3.313522365661991740e-04 -4.070489554576392998e-04 -6.845402535351410985e-04 -6.303120404176243852e-04
-1.099593727545428986e-04 -1.425065779892366389e-04 0.000000000000000000e+00 -5.023846930061716875e-05 -1.541557163598181483e-03 -1.785419679199681310e-04 4.917169843168846255e-04 4.920316237271177848e-04 -6.440177848191092069e-04 1.720955943754498736e-03 -2.286287751801186971e-03 -9.734484485040024049e-04
-2.560994105261533028e-04 -8.736701012106637128e-05 -5.023846930061716875e-05 0.000000000000000000e+00 -4.513290947077014674e-04 -2.758191091941184381e-04 5.025439448125229667e-04 2.073824092328631602e-04 -1.035269423271962305e-03 -5.850299260879985360e-04 -1.030038354585717172e-03 -4.122749766863285643e-04
-5.400739586800041604e-04 5.820718534442440723e-04 -1.541557163598181483e-03 -4.513290947077014674e-04 0.000000000000000000e+00 -1.046494448683318824e-03 -2.637398033313082977e-04 1.358997530632569466e-05 -1.017648308263866593e-03 -7.575248568959858965e-04 2.272217778170641626e-03 -8.679112429477935748e-04
-2.610302627444065671e-04 -2.494573069716063581e-04 -1.785419679199681310e-04 -2.758191091941184381e-04 -1.046494448683318824e-03 0.000000000000000000e+00 -8.690374587848465060e-04 -8.508149224556364016e-06 -1.947987034645750308e-05 -4.330927146540144534e-04 -9.781463930721029116e-04 1.887378142135958569e-05
-5.318090146615570739e-04 4.142799398897358465e-04 4.917169843168846255e-04 5.025439448125229667e-04 -2.637398033313082977e-04 -8.690374587848465060e-04 0.000000000000000000e+00 -3.735389042715256337e-04 -1.609314618095637316e-03 -5.426685258549590260e-04 1.602184079357981761e-03 -3.297513370060117821e-04
-2.703466213183227220e-04 -3.691136170790563250e-04 4.920316237271177848e-04 2.073824092328631602e-04 1.358997530632569466e-05 -8.508149224556364016e-06 -3.735389042715256337e-04 0.000000000000000000e+00 1.580264294301383346e-04 -4.286961845720480783e-04 3.125073038466260906e-04 -1.059620632724557422e-04
1.724741438319927459e-04 -3.313522365661991740e-04 -6.440177848191092069e-04 -1.035269423271962305e-03 -1.017648308263866593e-03 -1.947987034645750308e-05 -1.609314618095637316e-03 1.580264294301383346e-04 0.000000000000000000e+00 -1.215766923503394051e-03 -3.880005905841889952e-03 -1.707562077343896837e-04
9.532853204762255857e-05 -4.070489554576392998e-04 1.720955943754498736e-03 -5.850299260879985360e-04 -7.575248568959858965e-04 -4.330927146540144534e-04 -5.426685258549590260e-04 -4.286961845720480783e-04 -1.215766923503394051e-03 0.000000000000000000e+00 -5.828823624918688315e-04 5.973172385459931668e-04
-4.024747337527840598e-04 -6.845402535351410985e-04 -2.286287751801186971e-03 -1.030038354585717172e-03 2.272217778170641626e-03 -9.781463930721029116e-04 1.602184079357981761e-03 3.125073038466260906e-04 -3.880005905841889952e-03 -5.828823624918688315e-04 0.000000000000000000e+00 -1.610690829355479383e-03
8.029142587559543300e-04 -6.303120404176243852e-04 -9.734484485040024049e-04 -4.122749766863285643e-04 -8.679112429477935748e-04 1.887378142135958569e-05 -3.297513370060117821e-04 -1.059620632724557422e-04 -1.707562077343896837e-04 5.973172385459931668e-04 -1.610690829355479383e-03 0.000000000000000000e+00
