0.000000000000000000e+00 -2.769206279310953566e-04 -3.430597082436522526e-04 3.480518317368341830e-04 4.551464586728395597e-05 3.877104744368094864e-04 6.557608342237062509e-05 3.827334794210548942e-04 -5.423905084098192518e-04 5.870047822534642809e-04 1.948369111097967286e-04 6.423732465012163681e-04
-2.769206279310953566e-04 0.000000000000000000e+00 -6.278258349529417881e-04 -5.622101692259278121e-04 -7.399027972690481826e-06 1.242024838988923792e-04 -4.511648314346657909e-04 1.717400564137560508e-04 1.128348114961756198e-03 -1.768092865446475143e-04 -7.121244686334154538e-04 3.109563436113693203e-04
-3.430597082436522526e-04 -6.278258349529417881e-04 0.000000000000000000e+00 3.129288464949685992e-04 -1.077228036657518337e-03 4.000104653644015961e-04 1.237133929285418868e-03 -6.029930647238063027e-04 9.397314397907382969e-04 -1.201096827949158907e-03 1.826405637747050882e-04 1.412246520215962352e-03
3.480518317368341830e-04 -5.622101692259278121e-04 3.129288464949685992e-04 0.000000000000000000e+00 5.929975957094412494e-04 9.900429128374795202e-05 -4.619257487036990475e-04 1.894549404961762241e-04 -4.017833747438655082e-04 4.703550362886480224e-04 -1.403869454826527649e-03 2.618569267999736072e-04
4.551464586728395597e-05 -7.399027972690481826e-06 -1.077228036657518337e-03 5.929975957094412494e-04 0.000000000000000000e+00 3.978681553503686432e-04 2.327218330524468727e-04 -3.569433862203832855e-04 -1.429221980107082566e-03 -8.790279924850723150e-04 2.439550262213394192e-03 -1.063408275149848957e-04
3.877104744368094864e-04 1.242024838988923792e-04 4.000104653644015961e-04 9.900429128374795202e-05 3.978681553503686432e-04 0.000000000000000000e+00 -4.748428033639901709e-06 1.714885981117729951e-04 6.304028737825299053e-04 -6.084452367557324163e-04 9.081049857139822986e-05 9.709393001909759000e-04
6.557608342237062509e-05 -4.511648314346657909e-04 1.237133929285418868e-03 -4.619257487036990475e-04 2.327218330524468727e-04 -4.748428033639901709e-06 0.000000000000000000e+00 -2.135706094906005979e-04 5.180068907359596008e-04 2.264413940286308727e-04 -1.745471206518990235e-03 -6.032090578007067707e-05
3.827334794210548942e-04 1.717400564137560508e-04 -6.029930647238063027e-04 1.894549404961762241e-04 -3.569433862203832855e-04 1.714885981117729951e-04 -2.135706094906005979e-04 0.000000000000000000e+00 -3.939320735975587609e-04 4.493637710732117777e-04 1.748618025900380542e-04 -9.494425936408552446e-05
-5.423905084098192518e-04 1.128348114961756198e-03 9.397314397907382969e-04 -4.017833747438655082e-04 -1.429221980107082566e-03 6.304028737825299053e-04 5.180068907359596008e-04 -3.939320735975587609e-04 0.000000000000000000e+00 7.264805948788167220e-04 -1.790017918197174410e-03 -1.702581013786053782e-03
5.870047822534642809e-04 -1.768092865446475143e-04 -1.201096827949158907e-03 4.703550362886480224e-04 -8.790279924850723150e-04 -6.084452367557324163e-04 2.264413940286308727e-04 4.493637710732117777e-04 7.264805948788167220e-04 0.000000000000000000e+00 -1.480597840166510961e-03 -1.296789808419574136e-03
1.948369111097967286e-04 -7.121244686334154538e-04 1.826405637747050882e-04 -1.403869454826527649e-03 2.439550262213394192e-03 9.081049857139822986e-05 -1.745471206518990235e-03 1.748618025900380542e-04 -1.790017918197174410e-03 -1.480597840166510961e-03 0.000000000000000000e+00 -3.575479545986213602e-03
6.423732465012163681e-04 3.109563436113693203e-04 1.412246520215962352e-03 2.618569267999736072e-04 -1.063408275149848957e-04 9.709393001909759000e-04 -6.032090578007067707e-05 -9.494425936408552446e-05 -1.702581013786053782e-03 -1.296789808419574136e-03 -3.575479545986213602e-03 0.000000000000000000e+00
