0.000000000000000000e+00 9.390256037966673028e-04 6.628728418606407748e-04 -1.531418841630062132e-04 4.938372292223519372e-04 1.877653500837883768e-04 -3.023345931480694209e-04 -3.870111305906246161e-04 -5.009692761122032178e-05 -2.601330719899583310e-04 5.945145626543927838e-04 4.630844357858762299e-05
9.390256037966673028e-04 0.000000000000000000e+00 -2.759264319543614646e-03 -1.769979158574099248e-03 -2.198526704407794373e-03 1.473485314131795735e-03 -7.507600208294679806e-04 5.168193745996409790e-04 8.672254694466301206e-04 -3.980637402682044696e-04 -1.298417038582154242e-03 1.179571737017025669e-04
6.628728418606407748e-04 -2.759264319543614646e-03 0.000000000000000000e+00 1.488937463765405925e-03 3.611005587554083976e-03 -7.931273343337491869e-04 -9.815277466204987665e-04 -1.199253098835107259e-04 -3.076384637292086223e-04 2.793499943045804276e-04 1.754299924740237581e-04 -5.373512248238493556e-04
-1.531418841630062132e-04 -1.769979158574099248e-03 1.488937463765405925e-03 0.000000000000000000e+00 -1.676474490562071930e-03 4.738413443979063171e-04 1.172692690440074823e-03 -5.938953895135636610e-05 -9.046197222072096243e-06 -6.375900121498483467e-04 -1.428520747913644608e-04 -6.683256474492230278e-04
4.938372292223519372e-04 -2.198526704407794373e-03 3.611005587554083976e-03 -1.676474490562071930e-03 0.000000000000000000e+00 -9.564979598977085742e-04 -8.368137231678495500e-04 -4.567482619006972945e-04 6.086686041663918632e-04 -1.211304171703430623e-03 4.094336791311661882e-04 8.015961945211853065e-04
1.877653500837883768e-04 1.473485314131795735e-03 -7.931273343337491869e-04 4.738413443979063171e-04 -9.564979598977085742e-04 0.000000000000000000e+00 5.206414059723841461e-04 -4.142501828887870815e-04 -3.011589660462684172e-04 4.457335266295163180e-05 -2.421812862188703320e-04 -9.736675379651052432e-05
-3.023345931480694209e-04 -7.507600208294679806e-04 -9.815277466204987665e-04 1.172692690440074823e-03 -8.368137231678495500e-04 5.206414059723841461e-04 0.000000000000000000e+00 2.078542223599877284e-04 9.053324258584263069e-05 3.580563834945548938e-04 -2.142838958571778097e-04 5.590895852178753801e-04
-3.870111305906246161e-04 5.168193745996409790e-04 -1.199253098835107259e-04 -5.938953895135636610e-05 -4.567482619006972945e-04 -4.142501828887870815e-04 2.078542223599877284e-04 0.000000000000000000e+00 -3.604149412340007692e-04 -2.786570830079639722e-04 2.171450751897208864e-05 -2.374894970157577761e-04
-5.009692761122032178e-05 8.672254694466301206e-04 -3.076384637292086223e-04 -9.046197222072096243e-06 6.086686041663918632e-04 -3.011589660462684172e-04 9.053324258584263069e-05 -3.604149412340007692e-04 0.000000000000000000e+00 2.889697351837654596e-04 -3.694600310647506557e-04 3.282003640012941216e-04
-2.601330719899583310e-04 -3.980637402682044696e-04 2.793499943045804276e-04 -6.375900121498483467e-04 -1.211304171703430623e-03 4.457335266295163180e-05 3.580563834945548938e-04 -2.786570830079639722e-04 2.889697351837654596e-04 0.000000000000000000e+00 -1.522204735547625619e-05 1.572057116145550936e-04
5.945145626543927838e-04 -1.298417038582154242e-03 1.754299924740237581e-04 -1.428520747913644608e-04 4.094336791311661882e-04 -2.421812862188703320e-04 -2.142838958571778097e-04 2.171450751897208864e-05 -3.694600310647506557e-04 -1.522204735547625619e-05 0.000000000000000000e+00 1.052300212283579188e-04
4.630844357858762299e-05 1.179571737017025669e-04 -5.373512248238493556e-04 -6.683256474492230278e-04 8.015961945211853065e-04 -9.736675379651052432e-05 5.590895852178753801e-04 -2.374894970157577761e-04 3.282003640012941216e-04 1.572057116145550936e-04 1.052300212283579188e-04 0.000000000000000000e+00
