0.000000000000000000e+00 -2.311115626411399131e-04 -4.311502836102665010e-04 9.433735751047703471e-05 5.974082187776828291e-04 -4.878156640490682194e-05 4.308538467716580304e-04 -4.246224497892920626e-04 -1.884931657638421864e-04 4.854878272247988014e-04 -1.314350671148403859e-05 -2.568281321646450201e-04
-2.311115626411399131e-04 0.000000000000000000e+00 3.584979050694379540e-04 -1.336400372318140685e-03 2.544019720270606841e-03 -4.393926965527609292e-04 3.761269518669345131e-04 -8.600358044040847796e-04 -1.581939148699451495e-03 -9.897638519349382006e-06 -1.201325553372577844e-03 4.738276978465747315e-05
-4.311502836102665010e-04 3.584979050694379540e-04 0.000000000000000000e+00 1.929426422075996260e-03 3.758925812229431916e-03 -1.130852087141878681e-03 2.570494838190520671e-04 -9.800008104483488077e-04 2.731008099829504193e-04 -4.200043020507884735e-05 6.936111255664634875e-04 1.328187384307359794e-03
9.433735751047703471e-05 -1.336400372318140685e-03 1.929426422075996260e-03 0.000000000000000000e+00 -1.139449587423268075e-03 -4.248063378074703219e-04 6.593528812018050866e-04 -2.668218268124943233e-04 1.913996579486339840e-06 2.578494152523396659e-04 -1.486178856777951428e-03 1.942240340806906105e-04
5.974082187776828291e-04 2.544019720270606841e-03 3.758925812229431916e-03 -1.139449587423268075e-03 0.000000000000000000e+00 1.577139035250194011e-03 -2.314204507936322604e-03 -9.147074479876930665e-05 -1.146701570627611539e-03 -4.151113857844083966e-04 1.952155761818947458e-03 9.553270018901910843e-04
-4.878156640490682194e-05 -4.393926965527609292e-04 -1.130852087141878681e-03 -4.248063378074703219e-04 1.577139035250194011e-03 0.000000000000000000e+00 -9.440072561933330036e-04 -4.936079494175049740e-04 -8.898386019049811524e-04 -4.687790739275385214e-04 7.930459395418741316e-04 8.216626696002087438e-04
4.308538467716580304e-04 3.761269518669345131e-04 2.570494838190520671e-04 6.593528812018050866e-04 -2.314204507936322604e-03 -9.440072561933330036e-04 0.000000000000000000e+00 -5.999667856809427855e-04 3.384265120229254303e-04 4.656746298658518725e-04 9.311643718844581823e-04 -5.570678889084173168e-04
-4.246224497892920626e-04 -8.600358044040847796e-04 -9.800008104483488077e-04 -2.668218268124943233e-04 -9.147074479876930665e-05 -4.936079494175049740e-04 -5.999667856809427855e-04 0.000000000000000000e+00 -2.835230942939169493e-05 -4.234070558306711886e-04 -1.291939371121486981e-04 -3.098329410432067491e-04
-1.884931657638421864e-04 -1.581939148699451495e-03 2.731008099829504193e-04 1.913996579486339840e-06 -1.146701570627611539e-03 -8.898386019049811524e-04 3.384265120229254303e-04 -2.835230942939169493e-05 0.000000000000000000e+00 4.209576048363648185e-05 -5.235616080549317878e-04 -5.274922496110990671e-05
4.854878272247988014e-04 -9.897638519349382006e-06 -4.200043020507884735e-05 2.578494152523396659e-04 -4.151113857844083966e-04 -4.687790739275385214e-04 4.656746298658518725e-04 -4.234070558306711886e-04 4.209576048363648185e-05 0.000000000000000000e+00 1.025965057996416257e-03 -4.509754933842357000e-04
-1.314350671148403859e-05 -1.201325553372577844e-03 6.936111255664634875e-04 -1.486178856777951428e-03 1.952155761818947458e-03 7.930459395418741316e-04 9.311643718844581823e-04 -1.291939371121486981e-04 -5.235616080549317878e-04 1.025965057996416257e-03 0.000000000000000000e+00 -7.495495651578574321e-04
-2.568281321646450201e-04 4.738276978465747315e-05 1.328187384307359794e-03 1.942240340806906105e-04 9.553270018901910843e-04 8.216626696002087438e-04 -5.570678889084173168e-04 -3.098329410432067491e-04 -5.274922496110990671e-05 -4.509754933842357000e-04 -7.495495651578574321e-04 0.000000000000000000e+00
