0.000000000000000000e+00 1.280841860235058870e-04 -2.153826072940764555e-04 -3.733673219285884334e-04 -3.824151713342567462e-06 -2.607316282367683744e-04 -1.298784356558859516e-04 8.567309720809436176e-05 1.366877116219095936e-04 1.506973254170491743e-06 2.961043112155667140e-04 -3.442771822736285879e-05
1.280841860235058870e-04 0.000000000000000000e+00 1.959669671279017002e-03 1.679508363724298639e-03 -7.784251699258080319e-04 1.301633467332784081e-04 -8.056380116085573367e-04 -1.392344432703769086e-04 -3.071352394962193849e-05 9.946107881663170894e-04 -1.092520859157498870e-03 7.862921853775056225e-04
-2.153826072940764555e-04 1.959669671279017002e-03 0.000000000000000000e+00 -1.637384974878643065e-03 -1.333203140519879839e-03 -5.684665456993255725e-04 -6.315117618900613133e-04 -7.476447442216315863e-04 5.632738766756295237e-05 2.282142022292744986e-04 -5.754596372785042262e-04 -5.388092607853682461e-04
-3.733673219285884334e-04 1.679508363724298639e-03 -1.637384974878643065e-03 0.000000000000000000e+00 -2.266860907670828137e-03 1.886018001673213590e-03 -3.929995258434352515e-04 -4.366971157664097472e-04 -6.789516665685234797e-04 5.592827774927672463e-04 8.430972683655023553e-04 2.983206931907247950e-04
-3.824151713342567462e-06 -7.784251699258080319e-04 -1.333203140519879839e-03 -2.266860907670828137e-03 0.000000000000000000e+00 -2.132368741676227315e-03 2.463648539081856172e-05 1.001456219337301104e-03 -3.392642964623116052e-04 9.210839292532737796e-04 -1.667051669482622457e-03 1.355510490801368497e-04
-2.607316282367683744e-04 1.301633467332784081e-04 -5.684665456993255725e-04 1.886018001673213590e-03 -2.132368741676227315e-03 0.000000000000000000e+00 -4.120635608208067339e-04 -4.186931808738206251e-04 -6.036462700296751612e-04 -8.830094131054105856e-04 -1.090093537611628121e-05 1.143406249401343784e-03
-1.298784356558859516e-04 -8.056380116085573367e-04 -6.315117618900613133e-04 -3.929995258434352515e-04 2.463648539081856172e-05 -4.120635608208067339e-04 0.000000000000000000e+00 -3.911745547814677194e-04 -4.528114638975031599e-04 3.410805988774866715e-04 7.134381536713828515e-04 -8.627000474071531988e-05
8.567309720809436176e-05 -1.392344432703769086e-04 -7.476447442216315863e-04 -4.366971157664097472e-04 1.001456219337301104e-03 -4.186931808738206251e-04 -3.911745547814677194e-04 0.000000000000000000e+00 -1.919486253253654083e-04 5.787465359946118585e-04 -2.462590458735963998e-04 6.571059196065080538e-05
1.366877116219095936e-04 -3.071352394962193849e-05 5.632738766756295237e-05 -6.789516665685234797e-04 -3.392642964623116052e-04 -6.036462700296751612e-04 -4.528114638975031599e-04 -1.919486253253654083e-04 0.000000000000000000e+00 -3.296551293134675003e-05 -1.852408465473168197e-04 3.194519817203066115e-04
1.506973254170491743e-06 9.946107881663170894e-04 2.282142022292744986e-04 5.592827774927672463e-04 9.210839292532737796e-04 -8.830094131054105856e-04 3.410805988774866715e-04 5.787465359946118585e-04 -3.296551293134675003e-05 0.000000000000000000e+00 -5.254615541873834455e-04 6.207845597961309837e-04
2.961043112155667140e-04 -1.092520859157498870e-03 -5.754596372785042262e-04 8.430972683655023553e-04 -1.667051669482622457e-03 -1.090093537611628121e-05 7.134381536713828515e-04 -2.462590458735963998e-04 -1.852408465473168197e-04 -5.254615541873834455e-04 0.000000000000000000e+00 -5.223576231941343415e-06
-3.442771822736285879e-05 7.862921853775056225e-04 -5.388092607853682461e-04 2.983206931907247950e-04 1.355510490801368497e-04 1.143406249401343784e-03 -8.627000474071531988e-05 6.571059196065080538e-05 3.194519817203066115e-04 6.207845597961309837e-04 -5.223576231941343415e-06 0.000000000000000000e+00
