0.000000000000000000e+00 -5.095946720098942106e-05 1.747609496326842972e-04 -2.668706146653467763e-04 1.937057006016652404e-04 1.116581064953061113e-04 -7.227783204906998264e-05 4.789877235539761606e-05 1.751274391989513424e-04 -1.299916421751863007e-04 -1.174606694295002128e-04 9.186026006900728221e-05
-5.095946720098942106e-05 0.000000000000000000e+00 -1.740210893763093547e-03 1.700246499069446452e-03 3.030594058303242178e-03 1.930705915281703084e-03 -3.345138880570697627e-04 5.758431129176245057e-04 -4.007015490930711395e-04 -7.465210271431562024e-04 -1.034097943398792994e-03 -6.783242613758334177e-04
1.747609496326842972e-04 -1.740210893763093547e-03 0.000000000000000000e+00 -1.020934107472613959e-03 -9.175488058304244335e-04 2.481418699162865290e-04 6.747081290395656999e-04 -4.225917260373455260e-04 1.765324338848475510e-03 2.172007087976064580e-04 -4.808759427365159878e-04 7.669147741143487367e-04
-2.668706146653467763e-04 1.700246499069446452e-03 -1.020934107472613959e-03 0.000000000000000000e+00 -1.786679402620582925e-03 -1.327828605091307436e-03 -5.529585862924329921e-04 4.484014596052060173e-04 6.043642486007488488e-04 -1.271606091245394048e-04 -1.292673242113053607e-03 4.654186052716939798e-04
1.937057006016652404e-04 3.030594058303242178e-03 -9.175488058304244335e-04 -1.786679402620582925e-03 0.000000000000000000e+00 -2.384194713741828731e-04 1.168689302428962398e-03 -1.390099949684179929e-03 -1.952532038022500012e-04 1.520552413340177183e-04 6.926013282236277930e-04 9.181960448553574679e-05
1.116581064953061113e-04 1.930705915281703084e-03 2.481418699162865290e-04 -1.327828605091307436e-03 -2.384194713741828731e-04 0.000000000000000000e+00 -1.536043724671327677e-04 1.014187553854668209e-04 -3.589944227446642246e-05 -2.878767944884618965e-04 -3.443312802301729631e-04 -8.179560481362400026e-04
-7.227783204906998264e-05 -3.345138880570697627e-04 6.747081290395656999e-04 -5.529585862924329921e-04 1.168689302428962398e-03 -1.536043724671327677e-04 0.000000000000000000e+00 4.747906318757255705e-04 -4.896215228260462167e-04 7.854811713324816053e-04 7.754546354928992628e-05 -1.315914026947929719e-05
4.789877235539761606e-05 5.758431129176245057e-04 -4.225917260373455260e-04 4.484014596052060173e-04 -1.390099949684179929e-03 1.014187553854668209e-04 4.747906318757255705e-04 0.000000000000000000e+00 -7.487081475849426951e-04 4.179912916906706848e-04 3.734705466418446781e-04 4.834222343641446894e-04
1.751274391989513424e-04 -4.007015490930711395e-04 1.765324338848475510e-03 6.043642486007488488e-04 -1.952532038022500012e-04 -3.589944227446642246e-05 -4.896215228260462167e-04 -7.487081475849426951e-04 0.000000000000000000e+00 1.639621465372384794e-04 -6.315726369162470146e-04 -2.075076624526827739e-04
-1.299916421751863007e-04 -7.465210271431562024e-04 2.172007087976064580e-04 -1.271606091245394048e-04 1.520552413340177183e-04 -2.878767944884618965e-04 7.854811713324816053e-04 4.179912916906706848e-04 1.639621465372384794e-04 0.000000000000000000e+00 1.741796315394024527e-04 1.024806835620099821e-04
-1.174606694295002128e-04 -1.034097943398792994e-03 -4.808759427365159878e-04 -1.292673242113053607e-03 6.926013282236277930e-04 -3.443312802301729631e-04 7.754546354928992628e-05 3.734705466418446781e-04 -6.315726369162470146e-04 1.741796315394024527e-04 0.000000000000000000e+00 1.357646286795781735e-04
9.186026006900728221e-05 -6.783242613758334177e-04 7.669147741143487367e-04 4.654186052716939798e-04 9.181960448553574679e-05 -8.179560481362400026e-04 -1.315914026947929719e-05 4.834222343641446894e-04 -2.075076624526827739e-04 1.024806835620099821e-04 1.357646286795781735e-04 0.000000000000000000e+00
