0.000000000000000000e+00 -2.066375092997613152e-03 -7.363963369628682542e-04 5.484964878758702249e-04 6.100091569090836064e-04 -1.161695971224475758e-03 5.214828746679327871e-04 -1.081457591028402729e-03 -2.440092109603671233e-04 -2.032782091356418429e-04 -5.575029330188354532e-04 6.627936383401311421e-04
-2.066375092997613152e-03 0.000000000000000000e+00 1.946447724596853839e-04 6.803476096414222884e-04 -2.424687400324237758e-03 -2.150208801985302193e-03 2.412776100156348216e-04 -7.115861150599441572e-04 -6.150680301730246423e-04 -3.640312785061146665e-04 2.942170863790863084e-03 9.876470627001132478e-04
-7.363963369628682542e-04 1.946447724596853839e-04 0.000000000000000000e+00 -2.876431120848952088e-04 -4.959164001270382734e-04 -1.242085989227811080e-04 -6.329237980862309704e-04 2.401310295599426914e-04 1.300959442447453482e-04 -4.536885075970340637e-04 -4.472906498504355434e-04 4.884655001005889716e-04
5.484964878758702249e-04 6.803476096414222884e-04 -2.876431120848952088e-04 0.000000000000000000e+00 -1.605279629168221141e-04 1.074641759088920288e-03 1.549007721304066474e-05 -2.941986429844867983e-04 1.865438115058089545e-04 -9.106799912922047477e-04 9.398372484736599490e-04 6.412164898496214315e-05
6.100091569090836064e-04 -2.424687400324237758e-03 -4.959164001270382734e-04 -1.605279629168221141e-04 0.000000000000000000e+00 1.022958644544794517e-03 3.309370244044032550e-04 -7.758788484448551990e-04 -3.438113487816994501e-04 -1.511681522896717641e-03 3.262945348199880555e-03 -1.176373160544044076e-03
-1.161695971224475758e-03 -2.150208801985302193e-03 -1.242085989227811080e-04 1.074641759088920288e-03 1.022958644544794517e-03 0.000000000000000000e+00 -8.993631555315022025e-04 8.209636677718715105e-04 -1.846776654698532481e-04 4.361143881009961975e-04 2.079089662702152379e-03 -7.606672304341179948e-04
5.214828746679327871e-04 2.412776100156348216e-04 -6.329237980862309704e-04 1.549007721304066474e-05 3.309370244044032550e-04 -8.993631555315022025e-04 0.000000000000000000e+00 1.597646355170402350e-04 -9.561338802546978156e-05 3.086354708310780934e-04 -7.406736418164199583e-04 -2.011684975902844422e-05
-1.081457591028402729e-03 -7.115861150599441572e-04 2.401310295599426914e-04 -2.941986429844867983e-04 -7.758788484448551990e-04 8.209636677718715105e-04 1.597646355170402350e-04 0.000000000000000000e+00 -4.420630651407731322e-05 -6.986980271706552496e-04 -1.870900778560313652e-03 -1.094545722945609021e-04
-2.440092109603671233e-04 -6.150680301730246423e-04 1.300959442447453482e-04 1.865438115058089545e-04 -3.438113487816994501e-04 -1.846776654698532481e-04 -9.561338802546978156e-05 -4.420630651407731322e-05 0.000000000000000000e+00 -1.194986999109215377e-04 -4.781261195531523130e-04 -5.989603987169359034e-05
-2.032782091356418429e-04 -3.640312785061146665e-04 -4.536885075970340637e-04 -9.106799912922047477e-04 -1.511681522896717641e-03 4.361143881009961975e-04 3.086354708310780934e-04 -6.986980271706552496e-04 -1.194986999109215377e-04 0.000000000000000000e+00 2.326744675494813244e-04 2.440709776909145686e-04
-5.575029330188354532e-04 2.942170863790863084e-03 -4.472906498504355434e-04 9.398372484736599490e-04 3.262945348199880555e-03 2.079089662702152379e-03 -7.406736418164199583e-04 -1.870900778560313652e-03 -4.781261195531523130e-04 2.326744675494813244e-04 0.000000000000000000e+00 7.016459152701508837e-04
6.627936383401311421e-04 9.876470627001132478e-04 4.884655001005889716e-04 6.412164898496214315e-05 -1.176373160544044076e-03 -7.606672304341179948e-04 -2.011684975902844422e-05 -1.094545722945609021e-04 -5.989603987169359034e-05 2.440709776909145686e-04 7.016459152701508837e-04 0.000000000000000000e+00
