0.000000000000000000e+00 -1.066971810647756062e-03 4.195009792896279644e-04 -1.852333015634285865e-04 -4.723211889491745505e-04 1.226692559031141261e-05 -4.005476545853037251e-04 -7.311448510308460325e-04 -2.116366438655355045e-04 -3.192154388162872611e-04 1.635507208971100860e-03 -1.257145641187547378e-03
-1.066971810647756062e-03 0.000000000000000000e+00 -8.796560795082674104e-04 -3.015397801966213662e-04 -8.166085974607159093e-04 8.929809966416420432e-06 -4.158118010209904030e-04 3.711973669746640664e-04 5.132787861171386572e-05 1.490076208870875357e-03 -2.389532936875920360e-03 -9.924660896476070540e-04
4.195009792896279644e-04 -8.796560795082674104e-04 0.000000000000000000e+00 1.286238927543240714e-04 -7.807033382507756920e-04 2.783321129498349277e-04 -1.488315047556065189e-04 -7.945463579872955474e-04 3.344861586325005500e-05 2.553399537272290709e-04 3.628184628484665253e-04 3.111013786412963650e-04
-1.852333015634285865e-04 -3.015397801966213662e-04 1.286238927543240714e-04 0.000000000000000000e+00 -7.044910987315069258e-04 8.854534268882440677e-04 -2.068795397897514262e-04 5.137779097291072421e-04 2.797847436602199687e-05 -2.624104163624134357e-04 4.296716063365468483e-04 -3.495858961081949393e-04
-4.723211889491745505e-04 -8.166085974607159093e-04 -7.807033382507756920e-04 -7.044910987315069258e-04 0.000000000000000000e+00 -3.823993659290073196e-04 -5.877085866894771020e-04 -1.561588612595650244e-03 3.976243406963665857e-04 -8.142496537275545820e-04 -2.566014083071819531e-03 1.430514453973188820e-03
1.226692559031141261e-05 8.929809966416420432e-06 2.783321129498349277e-04 8.854534268882440677e-04 -3.823993659290073196e-04 0.000000000000000000e+00 -4.550144314166672060e-04 -1.897453444346535486e-04 -7.548494615382387619e-04 -8.105092837086861571e-04 -8.804468055336506400e-04 -2.158166853980654195e-04
-4.005476545853037251e-04 -4.158118010209904030e-04 -1.488315047556065189e-04 -2.068795397897514262e-04 -5.877085866894771020e-04 -4.550144314166672060e-04 0.000000000000000000e+00 -4.109968000719509715e-04 -6.464972323396681216e-05 4.131029324001264983e-04 -1.604542880033386313e-04 5.968838314408752253e-04
-7.311448510308460325e-04 3.711973669746640664e-04 -7.945463579872955474e-04 5.137779097291072421e-04 -1.561588612595650244e-03 -1.897453444346535486e-04 -4.109968000719509715e-04 0.000000000000000000e+00 -2.637368188614176213e-04 2.166478085254391059e-04 -4.540677018420506239e-04 -1.551189233269235055e-04
-2.116366438655355045e-04 5.132787861171386572e-05 3.344861586325005500e-05 2.797847436602199687e-05 3.976243406963665857e-04 -7.548494615382387619e-04 -6.464972323396681216e-05 -2.637368188614176213e-04 0.000000000000000000e+00 1.932751979617841403e-04 5.666474433457340237e-04 3.415556877474640188e-04
-3.192154388162872611e-04 1.490076208870875357e-03 2.553399537272290709e-04 -2.624104163624134357e-04 -8.142496537275545820e-04 -8.105092837086861571e-04 4.131029324001264983e-04 2.166478085254391059e-04 1.932751979617841403e-04 0.000000000000000000e+00 1.291234360017471175e-03 5.137592960753328960e-04
1.635507208971100860e-03 -2.389532936875920360e-03 3.628184628484665253e-04 4.296716063365468483e-04 -2.566014083071819531e-03 -8.804468055336506400e-04 -1.604542880033386313e-04 -4.540677018420506239e-04 5.666474433457340237e-04 1.291234360017471175e-03 0.000000000000000000e+00 2.044669007648820802e-04
-1.257145641187547378e-03 -9.924660896476070540e-04 3.111013786412963650e-04 -3.495858961081949393e-04 1.430514453973188820e-03 -2.158166853980654195e-04 5.968838314408752253e-04 -1.551189233269235055e-04 3.415556877474640188e-04 5.137592960753328960e-04 2.044669007648820802e-04 0.000000000000000000e+00
