0.000000000000000000e+00 2.156780274416006914e-03 4.988380325333116263e-05 2.473377638308537989e-04 5.211432563300340699e-05 -6.305438989333704601e-04 -2.930934540636382724e-04 -1.636185909290425143e-03 5.059134831163419139e-05 3.933895963327997203e-04 -1.071544304443404960e-03 -4.599307944118834397e-04
2.156780274416006914e-03 0.000000000000000000e+00 8.181829158798545494e-05 1.545212672092345337e-03 -1.358322384671876298e-03 2.901106617381983728e-03 6.789517150444373010e-04 -3.397727064894337805e-05 1.023844172782015357e-04 5.613594548507300956e-04 -2.876020284338497591e-03 -8.267236767179866799e-04
4.988380325333116263e-05 8.181829158798545494e-05 0.000000000000000000e+00 2.783458688722681798e-04 1.670827291655383438e-05 -1.615175453085139392e-04 1.519992636334835802e-04 -3.449061467893506068e-04 -1.782941806775430876e-04 -3.168845134186675763e-04 -8.110921638322622293e-04 4.420777098323932521e-04
2.473377638308537989e-04 1.545212672092345337e-03 2.783458688722681798e-04 0.000000000000000000e+00 -6.603308182511372993e-04 -5.160370017899938185e-05 1.680769710880587490e-05 -6.512468610397981281e-04 -3.534350443756939628e-04 8.594023112325599836e-05 -7.174726937146774222e-04 -9.526626776144273044e-05
5.211432563300340699e-05 -1.358322384671876298e-03 1.670827291655383438e-05 -6.603308182511372993e-04 0.000000000000000000e+00 3.554711395292814869e-03 1.205269995025867117e-04 -1.300682159320939090e-03 -3.304774891848818660e-04 2.470305881737355443e-04 1.768289850579942779e-03 1.201168192006844956e-03
-6.305438989333704601e-04 2.901106617381983728e-03 -1.615175453085139392e-04 -5.160370017899938185e-05 3.554711395292814869e-03 0.000000000000000000e+00 8.381803183399705965e-04 -2.887739874176675769e-04 5.348122366537266326e-04 -1.983868712918770202e-04 1.121069475299105124e-03 -1.664495757748420482e-04
-2.930934540636382724e-04 6.789517150444373010e-04 1.519992636334835802e-04 1.680769710880587490e-05 1.205269995025867117e-04 8.381803183399705965e-04 0.000000000000000000e+00 -3.828447801887328687e-04 3.220108986389185021e-04 -4.808762581015615348e-04 -5.227905573553263616e-04 5.695142266573621591e-05
-1.636185909290425143e-03 -3.397727064894337805e-05 -3.449061467893506068e-04 -6.512468610397981281e-04 -1.300682159320939090e-03 -2.887739874176675769e-04 -3.828447801887328687e-04 0.000000000000000000e+00 2.916703616851034752e-04 4.363923730572609916e-04 7.746730861881513707e-04 -3.834261689124240035e-04
5.059134831163419139e-05 1.023844172782015357e-04 -1.782941806775430876e-04 -3.534350443756939628e-04 -3.304774891848818660e-04 5.348122366537266326e-04 3.220108986389185021e-04 2.916703616851034752e-04 0.000000000000000000e+00 -3.619156807720997509e-04 -5.516177657211592368e-04 -9.867456489515440046e-05
3.933895963327997203e-04 5.613594548507300956e-04 -3.168845134186675763e-04 8.594023112325599836e-05 2.470305881737355443e-04 -1.983868712918770202e-04 -4.808762581015615348e-04 4.363923730572609916e-04 -3.619156807720997509e-04 0.000000000000000000e+00 6.487654976004228208e-04 -3.914868516681694992e-04
-1.071544304443404960e-03 -2.876020284338497591e-03 -8.110921638322622293e-04 -7.174726937146774222e-04 1.768289850579942779e-03 1.121069475299105124e-03 -5.227905573553263616e-04 7.746730861881513707e-04 -5.516177657211592368e-04 6.487654976004228208e-04 0.000000000000000000e+00 -2.709080327444826240e-04
-4.599307944118834397e-04 -8.267236767179866799e-04 4.420777098323932521e-04 -9.526626776144273044e-05 1.201168192006844956e-03 -1.664495757748420482e-04 5.695142266573621591e-05 -3.834261689124240035e-04 -9.867456489515440046e-05 -3.914868516681694992e-04 -2.709080327444826240e-04 0.000000000000000000e+00
