0.000000000000000000e+00 -3.039413404435213650e-04 -3.010414127923058641e-04 4.599358919070988157e-04 1.614117446292995760e-04 -1.899859624670086706e-04 -1.302189144293607462e-05 1.519842127229558684e-04 -2.027852146838397471e-05 4.839610935792524032e-04 5.342772311054271072e-04 7.146080576153089939e-05
-3.039413404435213650e-04 0.000000000000000000e+00 -2.878635398689532174e-04 2.975357394200752749e-04 1.800686965542263674e-03 3.846861173624072181e-03 -1.252938161074616200e-04 2.844808341399742996e-03 -4.341023315557379549e-04 5.490460806236053545e-05 -3.960247312646175189e-04 -6.069577863512091737e-04
-3.010414127923058641e-04 -2.878635398689532174e-04 0.000000000000000000e+00 -2.850964408656862250e-04 -2.257681897466812823e-04 -8.160768544908528828e-05 5.912193607375699480e-04 -1.004838048589964386e-03 9.930665087572888156e-04 1.899438594432790843e-04 -5.942520080601748980e-04 -4.092585248578140206e-04
4.599358919070988157e-04 2.975357394200752749e-04 -2.850964408656862250e-04 0.000000000000000000e+00 6.671718170351300216e-04 1.942158311902314938e-05 -3.292352324097226938e-04 -1.973272362043811308e-04 -4.856486790536736252e-04 1.052183155088015745e-04 6.251410575122826529e-04 5.641127927417923177e-04
1.614117446292995760e-04 1.800686965542263674e-03 -2.257681897466812823e-04 6.671718170351300216e-04 0.000000000000000000e+00 -4.323225674392125462e-04 -4.518742480599225418e-04 -1.024152986163747196e-03 1.379112690167698862e-03 -1.757715290178900899e-04 -1.532058015555628821e-03 2.020195159783698716e-04
-1.899859624670086706e-04 3.846861173624072181e-03 -8.160768544908528828e-05 1.942158311902314938e-05 -4.323225674392125462e-04 0.000000000000000000e+00 -2.287689197894917661e-04 2.251259389986998236e-03 1.541630551602343226e-03 1.199927412096071859e-04 -3.729653267656182574e-04 -2.823505102503020311e-04
-1.302189144293607462e-05 -1.252938161074616200e-04 5.912193607375699480e-04 -3.292352324097226938e-04 -4.518742480599225418e-04 -2.287689197894917661e-04 0.000000000000000000e+00 7.044180531507006956e-04 2.602132861509906222e-04 3.003999641898355251e-04 1.236986803174144845e-04 4.129655576394208058e-04
1.519842127229558684e-04 2.844808341399742996e-03 -1.004838048589964386e-03 -1.973272362043811308e-04 -1.024152986163747196e-03 2.251259389986998236e-03 7.044180531507006956e-04 0.000000000000000000e+00 1.682223702872736410e-03 1.179826949970191191e-04 -8.181886268019138327e-04 5.803154461016555915e-04
-2.027852146838397471e-05 -4.341023315557379549e-04 9.930665087572888156e-04 -4.856486790536736252e-04 1.379112690167698862e-03 1.541630551602343226e-03 2.602132861509906222e-04 1.682223702872736410e-03 0.000000000000000000e+00 2.167068931138414224e-04 1.109076666849925395e-03 -6.729311917640482020e-04
4.839610935792524032e-04 5.490460806236053545e-05 1.899438594432790843e-04 1.052183155088015745e-04 -1.757715290178900899e-04 1.199927412096071859e-04 3.003999641898355251e-04 1.179826949970191191e-04 2.167068931138414224e-04 0.000000000000000000e+00 5.715950158430723425e-04 -2.996430933844287611e-04
5.342772311054271072e-04 -3.960247312646175189e-04 -5.942520080601748980e-04 6.251410575122826529e-04 -1.532058015555628821e-03 -3.729653267656182574e-04 1.236986803174144845e-04 -8.181886268019138327e-04 1.109076666849925395e-03 5.715950158430723425e-04 0.000000000000000000e+00 -1.749440576454534986e-04
7.146080576153089939e-05 -6.069577863512091737e-04 -4.092585248578140206e-04 5.641127927417923177e-04 2.020195159783698716e-04 -2.823505102503020311e-04 4.129655576394208058e-04 5.803154461016555915e-04 -6.729311917640482020e-04 -2.996430933844287611e-04 -1.749440576454534986e-04 0.000000000000000000e+00
