0.000000000000000000e+00 3.648901229891780710e-04 -2.390522964927931137e-04 -2.272328893940208356e-05 -5.963861232156999776e-04 -4.559466211757912395e-04 -2.080881503593930853e-04 6.308866304203684591e-04 1.772381584646544838e-04 1.081735576788573402e-04 -3.474942156705150879e-04 -3.793861095604932217e-04
3.648901229891780710e-04 0.000000000000000000e+00 9.792631292209863069e-04 -6.091002612113511662e-04 -1.770446798904808799e-03 2.135260412392510267e-03 4.178072938917775248e-04 9.858965510487099936e-05 -8.630667265379683576e-04 -2.884310036920113406e-04 1.524714971274703608e-03 8.237920637295899676e-06
-2.390522964927931137e-04 9.792631292209863069e-04 0.000000000000000000e+00 1.701130656433795963e-04 5.635855026361812309e-05 1.187201111224323946e-03 1.403870434452913431e-05 -1.240471925577363820e-03 -6.663861757470911822e-04 -1.157385301397790899e-04 -7.688165469350411677e-04 9.284219573071163028e-05
-2.272328893940208356e-05 -6.091002612113511662e-04 1.701130656433795963e-04 0.000000000000000000e+00 1.181035933051758236e-03 7.456627020786641032e-04 2.092191442400186552e-04 -8.684395731891187114e-04 2.036093877150482669e-04 6.701691054138747051e-05 -8.381879524100943970e-05 -1.998904359727585579e-04
-5.963861232156999776e-04 -1.770446798904808799e-03 5.635855026361812309e-05 1.181035933051758236e-03 0.000000000000000000e+00 3.113159642405193168e-03 -1.142993723647853796e-03 1.935853287864739607e-03 1.648161910971280598e-03 -6.719781624952594857e-04 1.208792848381717074e-03 6.709130668235708519e-04
-4.559466211757912395e-04 2.135260412392510267e-03 1.187201111224323946e-03 7.456627020786641032e-04 3.113159642405193168e-03 0.000000000000000000e+00 3.893688689488988006e-04 1.539702607829222065e-03 7.400568664315826254e-04 8.443237787522327436e-04 -3.124608392838618506e-05 -1.101091346615877282e-03
-2.080881503593930853e-04 4.178072938917775248e-04 1.403870434452913431e-05 2.092191442400186552e-04 -1.142993723647853796e-03 3.893688689488988006e-04 0.000000000000000000e+00 4.918626656231265236e-04 -5.660060135253002118e-04 8.774187745005513196e-05 -3.988077408966319063e-04 2.543488964675092736e-04
6.308866304203684591e-04 9.858965510487099936e-05 -1.240471925577363820e-03 -8.684395731891187114e-04 1.935853287864739607e-03 1.539702607829222065e-03 4.918626656231265236e-04 0.000000000000000000e+00 -1.116816104172945086e-03 -3.914435851448415968e-04 1.033238969046451714e-03 -5.093940354520613530e-04
1.772381584646544838e-04 -8.630667265379683576e-04 -6.663861757470911822e-04 2.036093877150482669e-04 1.648161910971280598e-03 7.400568664315826254e-04 -5.660060135253002118e-04 -1.116816104172945086e-03 0.000000000000000000e+00 5.684788329519734279e-04 1.370741228119433256e-03 5.941823489742579763e-04
1.081735576788573402e-04 -2.884310036920113406e-04 -1.157385301397790899e-04 6.701691054138747051e-05 -6.719781624952594857e-04 8.443237787522327436e-04 8.774187745005513196e-05 -3.914435851448415968e-04 5.684788329519734279e-04 0.000000000000000000e+00 8.008697968663608261e-04 -2.928301593678841238e-04
-3.474942156705150879e-04 1.524714971274703608e-03 -7.688165469350411677e-04 -8.381879524100943970e-05 1.208792848381717074e-03 -3.124608392838618506e-05 -3.988077408966319063e-04 1.033238969046451714e-03 1.370741228119433256e-03 8.008697968663608261e-04 0.000000000000000000e+00 9.576783724527296836e-04
-3.793861095604932217e-04 8.237920637295899676e-06 9.284219573071163028e-05 -1.998904359727585579e-04 6.709130668235708519e-04 -1.101091346615877282e-03 2.543488964675092736e-04 -5.093940354520613530e-04 5.941823489742579763e-04 -2.928301593678841238e-04 9.576783724527296836e-04 0.000000000000000000e+00
