0.000000000000000000e+00 -7.020850563846060474e-04 4.875256327849539846e-04 -4.996642572656387294e-04 4.163449463893918994e-04 -1.210359942735812961e-04 -3.593699094664526222e-04 -2.605238244432817705e-05 -8.622671701241201980e-04 3.798376545692196842e-04 -1.219985970427674669e-03 2.492297642496671406e-04
-7.020850563846060474e-04 0.000000000000000000e+00 -5.714969052800676023e-04 -4.374421420293307509e-04 -1.416036519454379541e-03 6.023671362088373147e-04 6.173397210969678965e-04 6.048985109255232244e-04 -1.133273165908380530e-03 7.192673071836275982e-04 -1.392996291186099453e-04 2.472585071074439645e-04
4.875256327849539846e-04 -5.714969052800676023e-04 0.000000000000000000e+00 4.439793196928252172e-04 8.323330374541277861e-04 -3.599911345676164794e-04 4.341912838885881513e-04 2.437473283628243672e-04 8.305119416439344076e-04 -4.314258739832593911e-04 -1.556106301865625295e-04 7.004308790307845096e-04
-4.996642572656387294e-04 -4.374421420293307509e-04 4.439793196928252172e-04 0.000000000000000000e+00 8.461527688473272741e-05 -1.363101407789993639e-03 2.790259676620154773e-04 -1.830299445635163774e-04 1.009516737683610176e-03 -2.647059662885150851e-04 -7.153173872618155335e-04 -3.633584772343426334e-04
4.163449463893918994e-04 -1.416036519454379541e-03 8.323330374541277861e-04 8.461527688473272741e-05 0.000000000000000000e+00 8.143088910184383090e-04 6.746090837360310807e-04 1.869199180813895531e-03 8.123475395679438660e-04 3.723518656872014344e-04 1.806925700691554715e-03 5.500768886822279954e-04
-1.210359942735812961e-04 6.023671362088373147e-04 -3.599911345676164794e-04 -1.363101407789993639e-03 8.143088910184383090e-04 0.000000000000000000e+00 -9.124625891822056882e-04 -2.708140931034643852e-03 -1.218518657387959638e-03 -7.245277593020670601e-04 1.919457448445102080e-03 7.878828259496550813e-04
-3.593699094664526222e-04 6.173397210969678965e-04 4.341912838885881513e-04 2.790259676620154773e-04 6.746090837360310807e-04 -9.124625891822056882e-04 0.000000000000000000e+00 -1.997208761883378995e-05 4.761007132135785538e-04 1.497953004046115983e-04 -3.135725512565457540e-04 4.605482478617585387e-04
-2.605238244432817705e-05 6.048985109255232244e-04 2.437473283628243672e-04 -1.830299445635163774e-04 1.869199180813895531e-03 -2.708140931034643852e-03 -1.997208761883378995e-05 0.000000000000000000e+00 -1.652174528617584345e-03 1.201611422797813848e-04 -1.790522693659453131e-03 -4.766016751162039343e-04
-8.622671701241201980e-04 -1.133273165908380530e-03 8.305119416439344076e-04 1.009516737683610176e-03 8.123475395679438660e-04 -1.218518657387959638e-03 4.761007132135785538e-04 -1.652174528617584345e-03 0.000000000000000000e+00 7.508796366954171783e-04 1.839064542285235009e-03 -4.619951922875368969e-04
3.798376545692196842e-04 7.192673071836275982e-04 -4.314258739832593911e-04 -2.647059662885150851e-04 3.723518656872014344e-04 -7.245277593020670601e-04 1.497953004046115983e-04 1.201611422797813848e-04 7.508796366954171783e-04 0.000000000000000000e+00 6.570182625228428641e-04 5.662149804377008985e-05
-1.219985970427674669e-03 -1.392996291186099453e-04 -1.556106301865625295e-04 -7.153173872618155335e-04 1.806925700691554715e-03 1.919457448445102080e-03 -3.135725512565457540e-04 -1.790522693659453131e-03 1.839064542285235009e-03 6.570182625228428641e-04 0.000000000000000000e+00 8.593246152102388866e-05
2.492297642496671406e-04 2.472585071074439645e-04 7.004308790307845096e-04 -3.633584772343426334e-04 5.500768886822279954e-04 7.878828259496550813e-04 4.605482478617585387e-04 -4.766016751162039343e-04 -4.619951922875368969e-04 5.662149804377008985e-05 8.593246152102388866e-05 0.000000000000000000e+00
