0.000000000000000000e+00 8.475800939497296280e-05 9.907326544309817099e-05 3.475748627285718127e-04 7.424301856969676549e-04 1.300517571219016915e-04 4.675856858416118045e-05 -9.647044536207434375e-04 1.403049058073351212e-04 -9.961159077179820506e-04 2.181487582342614079e-05 3.425971128700961766e-04
8.475800939497296280e-05 0.000000000000000000e+00 -2.726321923143978335e-04 3.004022738904086861e-04 -8.292525432504227771e-04 -2.720892819897495203e-04 -6.055543305329924792e-04 -7.289378873011790683e-04 -5.218764269605737777e-04 7.871974353335690303e-05 -4.955638795876459628e-04 2.293591373921695788e-04
9.907326544309817099e-05 -2.726321923143978335e-04 0.000000000000000000e+00 -3.820743465026961525e-04 -5.824495265079587250e-04 5.371424285907879697e-04 7.006692127858999938e-05 6.007394555825112600e-04 -6.094148632104596716e-04 4.421316150656822227e-05 -1.337267828832288665e-04 -2.007906112431640552e-04
3.475748627285718127e-04 3.004022738904086861e-04 -3.820743465026961525e-04 0.000000000000000000e+00 -1.065935881485835746e-04 -3.683090369125229923e-04 1.111050008383583469e-03 4.967500164182598850e-04 -2.270894725336607915e-03 3.269188153868182755e-04 1.070168239319974892e-03 -8.850169078086947243e-04
7.424301856969676549e-04 -8.292525432504227771e-04 -5.824495265079587250e-04 -1.065935881485835746e-04 0.000000000000000000e+00 2.365524970036185851e-03 1.173647344924403594e-03 5.531734412400489583e-04 1.506816708848701973e-03 1.359262870144107996e-03 4.680823786352367389e-05 5.700017863921383581e-04
1.300517571219016915e-04 -2.720892819897495203e-04 5.371424285907879697e-04 -3.683090369125229923e-04 2.365524970036185851e-03 0.000000000000000000e+00 1.082476708458352931e-03 2.082094815336915609e-05 -1.432267667862818523e-03 3.146821451055055127e-04 2.312932944803349020e-04 2.941672174242832396e-04
4.675856858416118045e-05 -6.055543305329924792e-04 7.006692127858999938e-05 1.111050008383583469e-03 1.173647344924403594e-03 1.082476708458352931e-03 0.000000000000000000e+00 4.281054263545827372e-06 -6.677768334993485313e-05 -2.882054238003040232e-04 -9.240676695865382212e-05 -3.529347968055673336e-04
-9.647044536207434375e-04 -7.289378873011790683e-04 6.007394555825112600e-04 4.967500164182598850e-04 5.531734412400489583e-04 2.082094815336915609e-05 4.281054263545827372e-06 0.000000000000000000e+00 -1.881488489174389534e-03 -3.771246108647871966e-04 5.274115476818971035e-04 7.914647654567988268e-04
1.403049058073351212e-04 -5.218764269605737777e-04 -6.094148632104596716e-04 -2.270894725336607915e-03 1.506816708848701973e-03 -1.432267667862818523e-03 -6.677768334993485313e-05 -1.881488489174389534e-03 0.000000000000000000e+00 -3.281390757427433730e-04 -4.489300487270826440e-04 -4.430330127108642740e-04
-9.961159077179820506e-04 7.871974353335690303e-05 4.421316150656822227e-05 3.269188153868182755e-04 1.359262870144107996e-03 3.146821451055055127e-04 -2.882054238003040232e-04 -3.771246108647871966e-04 -3.281390757427433730e-04 0.000000000000000000e+00 1.012047597646046390e-04 -4.429216242198171627e-05
2.181487582342614079e-05 -4.955638795876459628e-04 -1.337267828832288665e-04 1.070168239319974892e-03 4.680823786352367389e-05 2.312932944803349020e-04 -9.240676695865382212e-05 5.274115476818971035e-04 -4.489300487270826440e-04 1.012047597646046390e-04 0.000000000000000000e+00 -1.659110981067074005e-05
3.425971128700961766e-04 2.293591373921695788e-04 -2.007906112431640552e-04 -8.850169078086947243e-04 5.700017863921383581e-04 2.941672174242832396e-04 -3.529347968055673336e-04 7.914647654567988268e-04 -4.430330127108642740e-04 -4.429216242198171627e-05 -1.659110981067074005e-05 0.000000000000000000e+00
