0.000000000000000000e+00 4.059332248511420232e-04 -4.963838409903275966e-05 4.917205819813780894e-04 -1.392833371440062957e-03 -1.050543159804254167e-03 1.291068811171275095e-04 -1.902271898262454140e-04 9.386629977216533888e-04 -2.301685805337991698e-04 -6.659663923284768212e-04 6.003634244879924161e-04
4.059332248511420232e-04 0.000000000000000000e+00 7.468844576627954243e-04 -5.979273210824924585e-04 9.601996794345460731e-04 -6.282077680573957710e-04 7.127912563537914116e-06 3.099779947291504125e-04 -3.491465424820166044e-04 -3.294173915258180401e-04 7.070387290467179361e-05 9.417717534209878085e-05
-4.963838409903275966e-05 7.468844576627954243e-04 0.000000000000000000e+00 -7.846007985342342769e-04 -1.992539618133631505e-04 3.491637931623914966e-04 9.791731153889504476e-06 3.742007127252216028e-04 1.467236634153773185e-04 5.301051773518674660e-04 -2.592271701034342714e-04 6.850116591018057309e-05
4.917205819813780894e-04 -5.979273210824924585e-04 -7.846007985342342769e-04 0.000000000000000000e+00 5.132230929565309054e-03 -2.214130168105058437e-03 1.314413643017511098e-04 1.904990222601049424e-03 2.367646312801403429e-03 -1.210741700625374843e-04 9.290546210376459096e-04 -2.203456703710007542e-04
-1.392833371440062957e-03 9.601996794345460731e-04 -1.992539618133631505e-04 5.132230929565309054e-03 0.000000000000000000e+00 -3.132959084791184755e-03 -6.905121497489021942e-04 -3.417264075152643592e-04 -1.131933259843941400e-03 -8.511718927861903128e-04 5.677849295962440540e-04 -4.624215376080380801e-04
-1.050543159804254167e-03 -6.282077680573957710e-04 3.491637931623914966e-04 -2.214130168105058437e-03 -3.132959084791184755e-03 0.000000000000000000e+00 -6.833748976660604553e-04 1.298383915226160442e-03 1.928429484417658877e-04 -9.497577314175599484e-04 7.380980078571743768e-05 -6.201480465331780803e-04
1.291068811171275095e-04 7.127912563537914116e-06 9.791731153889504476e-06 1.314413643017511098e-04 -6.905121497489021942e-04 -6.833748976660604553e-04 0.000000000000000000e+00 -1.727676402271954446e-04 3.415996584339688535e-04 -4.910098717699454176e-05 4.843967350748936427e-05 -4.272736362906247223e-04
-1.902271898262454140e-04 3.099779947291504125e-04 3.742007127252216028e-04 1.904990222601049424e-03 -3.417264075152643592e-04 1.298383915226160442e-03 -1.727676402271954446e-04 0.000000000000000000e+00 2.147718243816013327e-06 4.023384919346495599e-04 1.121144249326561782e-04 -4.030771565464555438e-04
9.386629977216533888e-04 -3.491465424820166044e-04 1.467236634153773185e-04 2.367646312801403429e-03 -1.131933259843941400e-03 1.928429484417658877e-04 3.415996584339688535e-04 2.147718243816013327e-06 0.000000000000000000e+00 6.882245759014199524e-04 -3.725376710704501730e-04 -4.688232747713563776e-04
-2.301685805337991698e-04 -3.294173915258180401e-04 5.301051773518674660e-04 -1.210741700625374843e-04 -8.511718927861903128e-04 -9.497577314175599484e-04 -4.910098717699454176e-05 4.023384919346495599e-04 6.882245759014199524e-04 0.000000000000000000e+00 2.165999804955509795e-04 3.814184481775170299e-04
-6.659663923284768212e-04 7.070387290467179361e-05 -2.592271701034342714e-04 9.290546210376459096e-04 5.677849295962440540e-04 7.380980078571743768e-05 4.843967350748936427e-05 1.121144249326561782e-04 -3.725376710704501730e-04 2.165999804955509795e-04 0.000000000000000000e+00 2.614329489748964670e-04
6.003634244879924161e-04 9.417717534209878085e-05 6.850116591018057309e-05 -2.203456703710007542e-04 -4.624215376080380801e-04 -6.201480465331780803e-04 -4.272736362906247223e-04 -4.030771565464555438e-04 -4.688232747713563776e-04 3.814184481775170299e-04 2.614329489748964670e-04 0.000000000000000000e+00
