0.000000000000000000e+00 3.130587273345593444e-04 -6.921538519457581199e-04 -2.410540815434468291e-03 -1.505872634503530180e-04 -9.350830103304175840e-04 2.290440944859399846e-04 7.415720541160438070e-04 -7.756051007388985175e-04 7.917900940035737037e-04 -5.762514385693483275e-04 -4.813522595973598796e-04
3.130587273345593444e-04 0.000000000000000000e+00 2.429699275618799764e-04 -2.617980884088646370e-04 7.786967131247541805e-04 1.099490045929624448e-04 6.519156284643828653e-05 -6.605046887831729843e-04 -1.653163558439388022e-04 2.194614549245597792e-04 3.096198522876210304e-05 2.020587612878252284e-04
-6.921538519457581199e-04 2.429699275618799764e-04 0.000000000000000000e+00 -4.585690591646876687e-04 -1.407333586142981135e-03 9.316009134119030647e-04 7.959910597968670456e-05 -6.110829494899866227e-04 3.299632824159519102e-04 -5.194719041576310089e-04 8.036439416192880925e-05 -1.410378874833231302e-04
-2.410540815434468291e-03 -2.617980884088646370e-04 -4.585690591646876687e-04 0.000000000000000000e+00 -1.591995015669525485e-03 7.464468217387378209e-04 -1.217757662867326434e-03 -1.351715348747274626e-03 -5.394629427304152092e-04 7.251879074865610160e-04 -6.623506425573104459e-04 -1.904791448194520205e-04
-1.505872634503530180e-04 7.786967131247541805e-04 -1.407333586142981135e-03 -1.591995015669525485e-03 0.000000000000000000e+00 1.254602632476041219e-03 8.128955411615826701e-04 1.044821032336536474e-03 -2.459489972265378049e-03 -1.313259199257695627e-03 -9.007907818096078838e-04 8.245290651276165764e-04
-9.350830103304175840e-04 1.099490045929624448e-04 9.316009134119030647e-04 7.464468217387378209e-04 1.254602632476041219e-03 0.000000000000000000e+00 5.416163966040971924e-04 1.055418285633011842e-03 3.137453852712131924e-04 1.443750427960265484e-05 -8.915756374947155730e-04 4.844348366355307286e-05
2.290440944859399846e-04 6.519156284643828653e-05 7.959910597968670456e-05 -1.217757662867326434e-03 8.128955411615826701e-04 5.416163966040971924e-04 0.000000000000000000e+00 4.619638535743461551e-04 2.182766005956749138e-04 -1.713217453277014073e-04 4.811730383715714866e-04 -1.063907534139363169e-04
7.415720541160438070e-04 -6.605046887831729843e-04 -6.110829494899866227e-04 -1.351715348747274626e-03 1.044821032336536474e-03 1.055418285633011842e-03 4.619638535743461551e-04 0.000000000000000000e+00 1.591934506342833257e-03 1.835346398393536004e-04 -6.531448455374270004e-04 3.682554596249097505e-04
-7.756051007388985175e-04 -1.653163558439388022e-04 3.299632824159519102e-04 -5.394629427304152092e-04 -2.459489972265378049e-03 3.137453852712131924e-04 2.182766005956749138e-04 1.591934506342833257e-03 0.000000000000000000e+00 4.283274067675520353e-04 9.922076913658306289e-04 6.016819017404910486e-04
7.917900940035737037e-04 2.194614549245597792e-04 -5.194719041576310089e-04 7.251879074865610160e-04 -1.313259199257695627e-03 1.443750427960265484e-05 -1.713217453277014073e-04 1.835346398393536004e-04 4.283274067675520353e-04 0.000000000000000000e+00 -3.426518293861000779e-04 -2.206357704351854406e-05
-5.762514385693483275e-04 3.096198522876210304e-05 8.036439416192880925e-05 -6.623506425573104459e-04 -9.007907818096078838e-04 -8.915756374947155730e-04 4.811730383715714866e-04 -6.531448455374270004e-04 9.922076913658306289e-04 -3.426518293861000779e-04 0.000000000000000000e+00 -9.676703030908173197e-05
-4.813522595973598796e-04 2.020587612878252284e-04 -1.410378874833231302e-04 -1.904791448194520205e-04 8.245290651276165764e-04 4.844348366355307286e-05 -1.063907534139363169e-04 3.682554596249097505e-04 6.016819017404910486e-04 -2.206357704351854406e-05 -9.676703030908173197e-05 0.000000000000000000e+00
