0.000000000000000000e+00 4.152617630956887372e-04 1.216839153928972158e-03 9.102002370918890967e-04 -1.832770068877706332e-03 -6.317264980375128037e-04 -2.657373748233238481e-04 -1.262414191025974233e-03 -2.726340992587152935e-04 -2.937628761532423889e-04 6.119773329902363900e-05 -8.696096588978170869e-04
4.152617630956887372e-04 0.000000000000000000e+00 -3.926471555318807060e-04 -5.833105310202995339e-04 -1.250409551878983554e-03 5.676832453968284333e-04 2.009750578069127865e-04 3.053534439320658737e-04 4.052678618747423050e-05 -4.410584740538200883e-05 -2.405865413035140465e-04 -4.162240896873514902e-04
1.216839153928972158e-03 -3.926471555318807060e-04 0.000000000000000000e+00 2.800447634513031706e-04 7.940726664883139161e-04 -1.872541383996420138e-04 2.763196238451737837e-04 2.357873409063578551e-04 3.458564119588982181e-05 -3.438064544995526254e-05 -6.564823087000963087e-04 -7.452213843394378111e-05
9.102002370918890967e-04 -5.833105310202995339e-04 2.800447634513031706e-04 0.000000000000000000e+00 -4.453634200106971862e-05 2.043451979769532814e-03 -7.706481809512469045e-04 -3.138173725353436997e-04 -8.301788510054413468e-04 -3.919009950975083393e-04 1.342914778972450303e-04 3.971856353702434917e-04
-1.832770068877706332e-03 -1.250409551878983554e-03 7.940726664883139161e-04 -4.453634200106971862e-05 0.000000000000000000e+00 1.445730184868175561e-03 -1.892025938748425869e-03 1.982234631179062827e-03 -2.385131261302366867e-03 -8.043463735008788253e-04 7.928475310129943793e-04 9.296359156273710685e-05
-6.317264980375128037e-04 5.676832453968284333e-04 -1.872541383996420138e-04 2.043451979769532814e-03 1.445730184868175561e-03 0.000000000000000000e+00 -5.395728460667036254e-05 4.553761816330984934e-04 1.510599454695551449e-03 -4.149368607693630401e-04 4.313438269341553677e-04 -5.746375985699434148e-04
-2.657373748233238481e-04 2.009750578069127865e-04 2.763196238451737837e-04 -7.706481809512469045e-04 -1.892025938748425869e-03 -5.395728460667036254e-05 0.000000000000000000e+00 3.606879473635325631e-04 8.724740556868113180e-04 -5.888235797210934330e-04 6.015172107279155800e-05 3.902685216619074487e-04
-1.262414191025974233e-03 3.053534439320658737e-04 2.357873409063578551e-04 -3.138173725353436997e-04 1.982234631179062827e-03 4.553761816330984934e-04 3.606879473635325631e-04 0.000000000000000000e+00 -7.007868430056043508e-04 -8.330227602894535672e-04 -6.307851836969665185e-04 -4.180535597513933385e-04
-2.726340992587152935e-04 4.052678618747423050e-05 3.458564119588982181e-05 -8.301788510054413468e-04 -2.385131261302366867e-03 1.510599454695551449e-03 8.724740556868113180e-04 -7.007868430056043508e-04 0.000000000000000000e+00 -1.286243648367876326e-05 -4.403010236173145230e-04 4.760883965015647078e-04
-2.937628761532423889e-04 -4.410584740538200883e-05 -3.438064544995526254e-05 -3.919009950975083393e-04 -8.043463735008788253e-04 -4.149368607693630401e-04 -5.888235797210934330e-04 -8.330227602894535672e-04 -1.286243648367876326e-05 0.000000000000000000e+00 5.026813714742636155e-04 -5.072356409913630470e-04
6.119773329902363900e-05 -2.405865413035140465e-04 -6.564823087000963087e-04 1.342914778972450303e-04 7.928475310129943793e-04 4.313438269341553677e-04 6.015172107279155800e-05 -6.307851836969665185e-04 -4.403010236173145230e-04 5.026813714742636155e-04 0.000000000000000000e+00 -8.097296009703038817e-06
-8.696096588978170869e-04 -4.162240896873514902e-04 -7.452213843394378111e-05 3.971856353702434917e-04 9.296359156273710685e-05 -5.746375985699434148e-04 3.902685216619074487e-04 -4.180535597513933385e-04 4.760883965015647078e-04 -5.072356409913630470e-04 -8.097296009703038817e-06 0.000000000000000000e+00
