0.000000000000000000e+00 -6.295620462012172912e-04 -5.331762968733682337e-04 7.186960571316776489e-04 -3.134906306976658306e-03 -8.486235993955262239e-04 9.276424043045506740e-05 7.200947100954583529e-04 -1.492757662332420835e-03 3.612089259158916084e-04 5.281355358920935021e-04 6.599170217333411373e-04
-6.295620462012172912e-04 0.000000000000000000e+00 1.552762330862943879e-04 8.688122014083737594e-04 3.923701309997262160e-05 2.183190840719500527e-04 2.882440534444181621e-04 -1.743242378820093177e-04 -4.954926059679708346e-04 -2.948784835399422357e-04 -7.624347108036510037e-05 4.067317119727132269e-04
-5.331762968733682337e-04 1.552762330862943879e-04 0.000000000000000000e+00 8.661424713905910332e-04 7.030520231202548598e-04 -9.132858695173873536e-05 -5.734811376792910706e-04 -1.065678760649691289e-04 -5.377455681656169396e-05 -5.158584838822378874e-04 1.899117046120440838e-05 1.591480838122888029e-04
7.186960571316776489e-04 8.688122014083737594e-04 8.661424713905910332e-04 0.000000000000000000e+00 1.941215053995417499e-04 -1.793082561290417886e-03 9.735072475883136496e-04 3.211182585909929006e-03 -7.652764935534541379e-04 2.641442744328365466e-04 -1.006293931902290913e-03 -1.178725570143850576e-03
-3.134906306976658306e-03 3.923701309997262160e-05 7.030520231202548598e-04 1.941215053995417499e-04 0.000000000000000000e+00 -7.146314080825443959e-04 -2.500322850377590961e-04 -2.801954326261563936e-03 4.595400405045640393e-04 -5.352391123086309987e-04 1.051226345785828079e-03 2.333722218212697411e-04
-8.486235993955262239e-04 2.183190840719500527e-04 -9.132858695173873536e-05 -1.793082561290417886e-03 -7.146314080825443959e-04 0.000000000000000000e+00 2.519861759042933518e-04 -1.717131313750405806e-04 -1.902998667043215948e-03 5.207047116304576668e-04 3.394482997094049243e-04 7.319578078218675439e-05
9.276424043045506740e-05 2.882440534444181621e-04 -5.734811376792910706e-04 9.735072475883136496e-04 -2.500322850377590961e-04 2.519861759042933518e-04 0.000000000000000000e+00 9.706142725668157577e-04 3.089280772145804673e-04 -1.962480298519007590e-04 -8.903419309076164329e-05 3.785190785919008763e-05
7.200947100954583529e-04 -1.743242378820093177e-04 -1.065678760649691289e-04 3.211182585909929006e-03 -2.801954326261563936e-03 -1.717131313750405806e-04 9.706142725668157577e-04 0.000000000000000000e+00 8.356069569093114687e-04 5.260045316292818844e-04 -1.815908275688354282e-04 3.052930428226209299e-04
-1.492757662332420835e-03 -4.954926059679708346e-04 -5.377455681656169396e-05 -7.652764935534541379e-04 4.595400405045640393e-04 -1.902998667043215948e-03 3.089280772145804673e-04 8.356069569093114687e-04 0.000000000000000000e+00 6.075415227233002622e-04 -7.361006528807462678e-04 4.521450893689350921e-04
3.612089259158916084e-04 -2.948784835399422357e-04 -5.158584838822378874e-04 2.641442744328365466e-04 -5.352391123086309987e-04 5.207047116304576668e-04 -1.962480298519007590e-04 5.260045316292818844e-04 6.075415227233002622e-04 0.000000000000000000e+00 -4.711252576041136315e-04 -6.547414214102219559e-05
5.281355358920935021e-04 -7.624347108036510037e-05 1.899117046120440838e-05 -1.006293931902290913e-03 1.051226345785828079e-03 3.394482997094049243e-04 -8.903419309076164329e-05 -1.815908275688354282e-04 -7.361006528807462678e-04 -4.711252576041136315e-04 0.000000000000000000e+00 1.744984489221928310e-04
6.599170217333411373e-04 4.067317119727132269e-04 1.591480838122888029e-04 -1.178725570143850576e-03 2.333722218212697411e-04 7.319578078218675439e-05 3.785190785919008763e-05 3.052930428226209299e-04 4.521450893689350921e-04 -6.547414214102219559e-05 1.744984489221928310e-04 0.000000000000000000e+00
