0.000000000000000000e+00 -1.051166059482398036e-03 -5.912975724313630126e-04 8.112008488624640294e-04 -1.362165513933220667e-03 -5.133719007216373462e-04 -8.603359696623700875e-04 2.680882240155297008e-03 2.916588695314700796e-04 -1.818205732460140105e-03 -3.211990435992406311e-03 3.652671611646616514e-04
-1.051166059482398036e-03 0.000000000000000000e+00 6.616381463469511964e-05 3.046556313016548622e-04 -3.395949935420465690e-04 -7.105598023018008802e-04 4.320225144934901882e-04 6.530630749705256151e-04 -1.884521263917294165e-04 1.027984689381907912e-03 -1.556750679266336512e-03 1.756758851521598487e-04
-5.912975724313630126e-04 6.616381463469511964e-05 0.000000000000000000e+00 -5.470414921455197946e-05 -1.291700230676469472e-03 3.048537023488960052e-04 -4.230861517737002507e-04 -1.030833880939150933e-03 7.619298533026660233e-05 -1.095000189843704910e-04 -1.032130324230169432e-03 1.697841589577714513e-04
8.112008488624640294e-04 3.046556313016548622e-04 -5.470414921455197946e-05 0.000000000000000000e+00 -5.243669697901257682e-04 5.261691869316458860e-04 2.185494006576220536e-04 1.239186586250309092e-05 -6.726929296691462612e-04 -4.548827897868620352e-05 -3.819110423540706865e-04 6.332237406349805692e-04
-1.362165513933220667e-03 -3.395949935420465690e-04 -1.291700230676469472e-03 -5.243669697901257682e-04 0.000000000000000000e+00 -6.672469405839479960e-04 6.181873628813753076e-04 -8.752131937492946137e-04 6.314817411614496306e-04 3.195349301771937406e-04 2.682053330269648650e-03 2.933397973086569136e-04
-5.133719007216373462e-04 -7.105598023018008802e-04 3.048537023488960052e-04 5.261691869316458860e-04 -6.672469405839479960e-04 0.000000000000000000e+00 4.451207652798060176e-04 1.018006308028567399e-03 -1.936130101269666255e-04 -3.069493440327816379e-04 3.994494986171923654e-04 6.107473005871774552e-06
-8.603359696623700875e-04 4.320225144934901882e-04 -4.230861517737002507e-04 2.185494006576220536e-04 6.181873628813753076e-04 4.451207652798060176e-04 0.000000000000000000e+00 2.400391875463559377e-04 4.459802124937919943e-04 1.057277259540918292e-04 -3.202909824951150346e-04 -3.084454813569031137e-05
2.680882240155297008e-03 6.530630749705256151e-04 -1.030833880939150933e-03 1.239186586250309092e-05 -8.752131937492946137e-04 1.018006308028567399e-03 2.400391875463559377e-04 0.000000000000000000e+00 -1.314228981013343444e-03 -8.492907238761856050e-04 2.464391434939654409e-03 -3.351239393251194328e-05
2.916588695314700796e-04 -1.884521263917294165e-04 7.619298533026660233e-05 -6.726929296691462612e-04 6.314817411614496306e-04 -1.936130101269666255e-04 4.459802124937919943e-04 -1.314228981013343444e-03 0.000000000000000000e+00 -3.300081517756661458e-06 -2.690867052238278805e-04 7.381596143986478482e-05
-1.818205732460140105e-03 1.027984689381907912e-03 -1.095000189843704910e-04 -4.548827897868620352e-05 3.195349301771937406e-04 -3.069493440327816379e-04 1.057277259540918292e-04 -8.492907238761856050e-04 -3.300081517756661458e-06 0.000000000000000000e+00 -1.192994559505733691e-04 -4.895399379429697011e-04
-3.211990435992406311e-03 -1.556750679266336512e-03 -1.032130324230169432e-03 -3.819110423540706865e-04 2.682053330269648650e-03 3.994494986171923654e-04 -3.202909824951150346e-04 2.464391434939654409e-03 -2.690867052238278805e-04 -1.192994559505733691e-04 0.000000000000000000e+00 1.000161067542331816e-03
3.652671611646616514e-04 1.756758851521598487e-04 1.697841589577714513e-04 6.332237406349805692e-04 2.933397973086569136e-04 6.107473005871774552e-06 -3.084454813569031137e-05 -3.351239393251194328e-05 7.381596143986478482e-05 -4.895399379429697011e-04 1.000161067542331816e-03 0.000000000000000000e+00
