0.000000000000000000e+00 3.156175387056370349e-04 -9.128898131682944804e-04 -2.719333034330783327e-04 -1.754273922403071445e-03 1.824025601724382946e-03 4.392044523156544999e-04 2.093445578291129594e-03 -1.442749038801785467e-03 3.622987287128296005e-04 1.321146763529208647e-03 -9.464905983429171233e-04
3.156175387056370349e-04 0.000000000000000000e+00 9.910413786973193938e-05 2.843771252591221848e-04 7.158132866306580501e-04 4.604298803402910546e-04 -2.498857393509979429e-04 -6.289326010722045299e-05 -2.481255683025670880e-04 -1.168741713820453752e-04 -5.476064332357746898e-04 2.670287417746349803e-04
-9.128898131682944804e-04 9.910413786973193938e-05 0.000000000000000000e+00 3.967569377426362624e-04 -1.103724750961782795e-04 -3.053817841172632754e-04 2.186103635253670038e-04 6.724453118680319723e-04 1.386170849848079325e-04 1.571800891633785672e-04 -1.296553165525219167e-03 7.345457144959880043e-05
-2.719333034330783327e-04 2.843771252591221848e-04 3.967569377426362624e-04 0.000000000000000000e+00 -1.591907552814550474e-03 1.217863233570714546e-04 5.367860536038015395e-05 -1.251004992878538506e-03 -5.089264593404585046e-04 2.229862509014385102e-04 7.440217100385662294e-04 1.466831162830945813e-04
-1.754273922403071445e-03 7.158132866306580501e-04 -1.103724750961782795e-04 -1.591907552814550474e-03 0.000000000000000000e+00 -3.063846793209409024e-04 -4.431711204854118114e-04 1.803256220949049464e-03 -3.141749545558508846e-04 8.189584409761526762e-04 4.803947937329666501e-04 1.209509419697139560e-03
1.824025601724382946e-03 4.604298803402910546e-04 -3.053817841172632754e-04 1.217863233570714546e-04 -3.063846793209409024e-04 0.000000000000000000e+00 1.036375330742033069e-04 -4.038824042619886239e-04 5.913588443790823322e-04 6.170391768108197820e-04 4.053078829294044349e-04 -3.444392624008851323e-04
4.392044523156544999e-04 -2.498857393509979429e-04 2.186103635253670038e-04 5.367860536038015395e-05 -4.431711204854118114e-04 1.036375330742033069e-04 0.000000000000000000e+00 -2.947310586727924149e-05 1.763553568178805281e-04 2.169946393572262362e-04 1.245480800012433017e-04 4.008215381209108310e-04
2.093445578291129594e-03 -6.289326010722045299e-05 6.724453118680319723e-04 -1.251004992878538506e-03 1.803256220949049464e-03 -4.038824042619886239e-04 -2.947310586727924149e-05 0.000000000000000000e+00 -8.505280409636538277e-04 1.055908832396513413e-03 -1.282882460999482457e-03 -5.966808847786774471e-04
-1.442749038801785467e-03 -2.481255683025670880e-04 1.386170849848079325e-04 -5.089264593404585046e-04 -3.141749545558508846e-04 5.913588443790823322e-04 1.763553568178805281e-04 -8.505280409636538277e-04 0.000000000000000000e+00 3.495935723019853551e-04 -1.123854841034619420e-03 -3.877755831747985789e-04
3.622987287128296005e-04 -1.168741713820453752e-04 1.571800891633785672e-04 2.229862509014385102e-04 8.189584409761526762e-04 6.170391768108197820e-04 2.169946393572262362e-04 1.055908832396513413e-03 3.495935723019853551e-04 0.000000000000000000e+00 8.759787236493671216e-04 2.002171554454623399e-04
1.321146763529208647e-03 -5.476064332357746898e-04 -1.296553165525219167e-03 7.440217100385662294e-04 4.803947937329666501e-04 4.053078829294044349e-04 1.245480800012433017e-04 -1.282882460999482457e-03 -1.123854841034619420e-03 8.759787236493671216e-04 0.000000000000000000e+00 8.759935030608948479e-04
-9.464905983429171233e-04 2.670287417746349803e-04 7.345457144959880043e-05 1.466831162830945813e-04 1.209509419697139560e-03 -3.444392624008851323e-04 4.008215381209108310e-04 -5.966808847786774471e-04 -3.877755831747985789e-04 2.002171554454623399e-04 8.759935030608948479e-04 0.000000000000000000e+00
