0.000000000000000000e+00 5.595696373077545249e-04 -9.208230804168125077e-04 -3.835199878070237036e-04 -2.799435642791751541e-03 -7.433126276636457634e-04 5.553444663590778076e-04 3.126844228953968782e-03 8.105364931202870557e-04 2.830291645415039742e-04 2.364252135082595997e-03 -4.273937048280485517e-04
5.595696373077545249e-04 0.000000000000000000e+00 -4.042040506605936888e-04 3.915831591167621734e-04 -1.023637353871238286e-03 -5.866941191341616462e-04 -1.308048897453540705e-04 -5.408242968480540293e-04 -2.497239031490872357e-04 -8.501568969898013611e-05 7.917371002019539788e-04 3.297357882046542685e-04
-9.208230804168125077e-04 -4.042040506605936888e-04 0.000000000000000000e+00 -1.098876534938616245e-05 -7.719546649133060979e-04 -3.493978677012622843e-04 3.371592665422096517e-04 1.538192271719787099e-04 -7.541442320463119021e-05 2.143058604041867834e-04 -5.039522829941634786e-04 -6.835169677754023032e-05
-3.835199878070237036e-04 3.915831591167621734e-04 -1.098876534938616245e-05 0.000000000000000000e+00 8.816892011599122489e-04 -2.697763436924733530e-04 4.789583260696255416e-04 8.968711791340128929e-04 2.873394304501113270e-04 9.955824169563221807e-04 1.702730742818039890e-04 3.396347843544003935e-04
-2.799435642791751541e-03 -1.023637353871238286e-03 -7.719546649133060979e-04 8.816892011599122489e-04 0.000000000000000000e+00 -1.055730823460459492e-03 -5.685017140454362876e-04 -2.224717816940389222e-03 5.472455021939663395e-04 -7.381666357441882568e-04 9.946531388165893734e-04 -5.335071039496525015e-04
-7.433126276636457634e-04 -5.866941191341616462e-04 -3.493978677012622843e-04 -2.697763436924733530e-04 -1.055730823460459492e-03 0.000000000000000000e+00 1.958542465317579518e-04 -1.208150753542931027e-03 5.368862554418813880e-04 1.647972504061835453e-06 -6.467800693951686591e-04 5.115781877418671374e-04
5.553444663590778076e-04 -1.308048897453540705e-04 3.371592665422096517e-04 4.789583260696255416e-04 -5.685017140454362876e-04 1.958542465317579518e-04 0.000000000000000000e+00 8.319861064377393183e-04 -2.848276888910068771e-04 9.718739322892757239e-05 -3.525780251600126210e-04 2.403782480489284243e-04
3.126844228953968782e-03 -5.408242968480540293e-04 1.538192271719787099e-04 8.968711791340128929e-04 -2.224717816940389222e-03 -1.208150753542931027e-03 8.319861064377393183e-04 0.000000000000000000e+00 3.716777403862246590e-04 -1.219199758931608767e-03 -2.395986237075158672e-03 -3.510003977841927043e-04
8.105364931202870557e-04 -2.497239031490872357e-04 -7.541442320463119021e-05 2.873394304501113270e-04 5.472455021939663395e-04 5.368862554418813880e-04 -2.848276888910068771e-04 3.716777403862246590e-04 0.000000000000000000e+00 1.604285466258134911e-04 1.280340358586783351e-03 -2.851410456621658205e-04
2.830291645415039742e-04 -8.501568969898013611e-05 2.143058604041867834e-04 9.955824169563221807e-04 -7.381666357441882568e-04 1.647972504061835453e-06 9.718739322892757239e-05 -1.219199758931608767e-03 1.604285466258134911e-04 0.000000000000000000e+00 -1.145832005346616219e-03 3.895839146454281761e-04
2.364252135082595997e-03 7.917371002019539788e-04 -5.039522829941634786e-04 1.702730742818039890e-04 9.946531388165893734e-04 -6.467800693951686591e-04 -3.525780251600126210e-04 -2.395986237075158672e-03 1.280340358586783351e-03 -1.145832005346616219e-03 0.000000000000000000e+00 -2.284092019024252067e-05
-4.273937048280485517e-04 3.297357882046542685e-04 -6.835169677754023032e-05 3.396347843544003935e-04 -5.335071039496525015e-04 5.115781877418671374e-04 2.403782480489284243e-04 -3.510003977841927043e-04 -2.851410456621658205e-04 3.895839146454281761e-04 -2.284092019024252067e-05 0.000000000000000000e+00
