0.000000000000000000e+00 4.747545610407469838e-04 -9.668448963544453269e-04 1.438958406627966272e-03 3.181956188693720478e-03 -6.429104364270960773e-04 -5.217341744076548112e-04 -3.532287912524689549e-04 -1.546257185116757310e-03 -1.596290458906502471e-04 -2.822201397508166884e-03 -4.744831561948200348e-05
4.747545610407469838e-04 0.000000000000000000e+00 3.454623736457082257e-04 2.938072481812008382e-04 4.616670483712388413e-04 1.107180691679177781e-04 -4.449731891877766881e-05 9.740696611908027797e-04 2.169707886794116595e-04 1.906352125283816191e-04 1.075689499946105247e-03 8.351351185325135359e-04
-9.668448963544453269e-04 3.454623736457082257e-04 0.000000000000000000e+00 6.851738757289216374e-05 -1.011989561347313498e-03 -2.313217475031435744e-04 1.704437947271417555e-04 3.417041953262524664e-05 3.559701949755371213e-04 2.129079094961338953e-05 -6.084898346754633296e-04 -2.887617285642333663e-04
1.438958406627966272e-03 2.938072481812008382e-04 6.851738757289216374e-05 0.000000000000000000e+00 -1.259773653100019000e-03 1.893145745766736446e-04 -5.116796584551125014e-04 1.147734229692585779e-03 -4.186808222102265486e-04 4.075321179787924804e-04 5.524509014245455873e-04 -3.219033489142277487e-05
3.181956188693720478e-03 4.616670483712388413e-04 -1.011989561347313498e-03 -1.259773653100019000e-03 0.000000000000000000e+00 9.626062988737449453e-04 6.424350902336687470e-04 7.431959330066303850e-04 1.100316217265895867e-03 9.435505158995289654e-04 -1.797075609384000267e-03 -8.856382758863161862e-04
-6.429104364270960773e-04 1.107180691679177781e-04 -2.313217475031435744e-04 1.893145745766736446e-04 9.626062988737449453e-04 0.000000000000000000e+00 2.669539769039014181e-04 1.573091997668442217e-05 -6.459439055762172636e-04 4.029750350691996296e-04 -4.322263334203529776e-04 2.831053084098221159e-04
-5.217341744076548112e-04 -4.449731891877766881e-05 1.704437947271417555e-04 -5.116796584551125014e-04 6.424350902336687470e-04 2.669539769039014181e-04 0.000000000000000000e+00 -1.097838885777876734e-04 -2.733443236246226146e-04 -2.811525734766701510e-05 -6.102017451201758409e-04 -2.393216923219496008e-04
-3.532287912524689549e-04 9.740696611908027797e-04 3.417041953262524664e-05 1.147734229692585779e-03 7.431959330066303850e-04 1.573091997668442217e-05 -1.097838885777876734e-04 0.000000000000000000e+00 1.394419020092241713e-03 1.173917948722814301e-03 1.265475543824189520e-03 -9.711103858517117649e-05
-1.546257185116757310e-03 2.169707886794116595e-04 3.559701949755371213e-04 -4.186808222102265486e-04 1.100316217265895867e-03 -6.459439055762172636e-04 -2.733443236246226146e-04 1.394419020092241713e-03 0.000000000000000000e+00 -4.379499747819640544e-04 8.972022065499911337e-04 -2.733508381528006398e-04
-1.596290458906502471e-04 1.906352125283816191e-04 2.129079094961338953e-05 4.075321179787924804e-04 9.435505158995289654e-04 4.029750350691996296e-04 -2.811525734766701510e-05 1.173917948722814301e-03 -4.379499747819640544e-04 0.000000000000000000e+00 6.199498938804076913e-04 1.104094411525923815e-04
-2.822201397508166884e-03 1.075689499946105247e-03 -6.084898346754633296e-04 5.524509014245455873e-04 -1.797075609384000267e-03 -4.322263334203529776e-04 -6.102017451201758409e-04 1.265475543824189520e-03 8.972022065499911337e-04 6.199498938804076913e-04 0.000000000000000000e+00 6.022169623945794296e-04
-4.744831561948200348e-05 8.351351185325135359e-04 -2.887617285642333663e-04 -3.219033489142277487e-05 -8.856382758863161862e-04 2.831053084098221159e-04 -2.393216923219496008e-04 -9.711103858517117649e-05 -2.733508381528006398e-04 1.104094411525923815e-04 6.022169623945794296e-04 0.000000000000000000e+00
