0.000000000000000000e+00 1.345797065363456974e-03 4.136091900806261558e-04 2.924540280082035264e-05 -6.889386831110613655e-04 -5.106683179216239604e-04 -7.754019517084977066e-04 -2.932354048663919979e-03 -2.665543899256465226e-04 -1.551342831518654321e-03 8.564655019666235882e-04 -5.460364843773176215e-04
1.345797065363456974e-03 0.000000000000000000e+00 9.062962692341622111e-04 4.452142710598592200e-04 2.177942408225936872e-04 -1.484202210219661561e-04 2.395011313208225053e-05 -4.191962364374619918e-05 6.643889893270741708e-04 8.743052765919744475e-05 6.420910964133538790e-04 -2.041627478736239250e-04
4.136091900806261558e-04 9.062962692341622111e-04 0.000000000000000000e+00 1.710064055843729398e-04 6.296443689586060221e-04 5.391406559430542318e-04 -4.109823856163180144e-04 1.284609670662707585e-03 4.320203142277586955e-04 -1.085420167230805510e-03 -1.127021146499759341e-03 -3.466537583043058390e-04
2.924540280082035264e-05 4.452142710598592200e-04 1.710064055843729398e-04 0.000000000000000000e+00 -4.553216948556303503e-04 1.056611192204950419e-05 -1.715041301940467360e-04 6.351321546303690052e-04 -1.770286470802422531e-04 3.092273204954338207e-04 -8.997999271149223315e-04 7.225036699224772580e-06
-6.889386831110613655e-04 2.177942408225936872e-04 6.296443689586060221e-04 -4.553216948556303503e-04 0.000000000000000000e+00 -5.733869895412025070e-04 -1.816260281520127294e-04 1.134963524718493599e-03 5.926419795270811705e-04 1.443163785723592003e-03 2.780124918542279267e-03 2.875890607054565448e-04
-5.106683179216239604e-04 -1.484202210219661561e-04 5.391406559430542318e-04 1.056611192204950419e-05 -5.733869895412025070e-04 0.000000000000000000e+00 2.972588975056349755e-04 -4.006620810546513063e-05 -1.713080943473358050e-04 -1.799916830097386699e-05 -1.738703491881884425e-04 -2.088323413963717799e-04
-7.754019517084977066e-04 2.395011313208225053e-05 -4.109823856163180144e-04 -1.715041301940467360e-04 -1.816260281520127294e-04 2.972588975056349755e-04 0.000000000000000000e+00 -4.276906730772091409e-04 7.211448907709338001e-05 -1.418123482845727284e-05 6.283130681318752769e-04 3.225373723010923721e-04
-2.932354048663919979e-03 -4.191962364374619918e-05 1.284609670662707585e-03 6.351321546303690052e-04 1.134963524718493599e-03 -4.006620810546513063e-05 -4.276906730772091409e-04 0.000000000000000000e+00 1.595374615410750669e-03 1.907303994604198647e-03 8.944694633626326099e-04 -3.489153839530055953e-05
-2.665543899256465226e-04 6.643889893270741708e-04 4.320203142277586955e-04 -1.770286470802422531e-04 5.926419795270811705e-04 -1.713080943473358050e-04 7.211448907709338001e-05 1.595374615410750669e-03 0.000000000000000000e+00 -1.160544095702426134e-03 6.260079610246211410e-04 2.376792212468994080e-04
-1.551342831518654321e-03 8.743052765919744475e-05 -1.085420167230805510e-03 3.092273204954338207e-04 1.443163785723592003e-03 -1.799916830097386699e-05 -1.418123482845727284e-05 1.907303994604198647e-03 -1.160544095702426134e-03 0.000000000000000000e+00 4.539697867136071045e-04 3.607100543047172788e-04
8.564655019666235882e-04 6.420910964133538790e-04 -1.127021146499759341e-03 -8.997999271149223315e-04 2.780124918542279267e-03 -1.738703491881884425e-04 6.283130681318752769e-04 8.944694633626326099e-04 6.260079610246211410e-04 4.539697867136071045e-04 0.000000000000000000e+00 -6.031198492311330575e-04
-5.460364843773176215e-04 -2.041627478736239250e-04 -3.466537583043058390e-04 7.225036699224772580e-06 2.875890607054565448e-04 -2.088323413963717799e-04 3.225373723010923721e-04 -3.489153839530055953e-05 2.376792212468994080e-04 3.607100543047172788e-04 -6.031198492311330575e-04 0.000000000000000000e+00
