0.000000000000000000e+00 4.270510790985819743e-04 -4.991339735556133165e-04 3.611594833934189371e-04 1.754139867248440804e-04 1.073523232571808005e-03 1.423845281442450046e-03 6.834122059699996232e-04 -9.516425593966015709e-04 -8.808441856800222321e-04 1.466662776938332333e-03 1.623916199579883044e-04
4.270510790985819743e-04 0.000000000000000000e+00 -4.093008845928091332e-04 -5.770998763975516152e-04 -8.467030316302903746e-05 -5.437067041524513283e-04 2.714775547756727780e-04 -1.280884826968844026e-03 -5.358105153704974255e-04 4.582900200662253518e-04 5.307532827469052267e-04 1.663961939383114795e-04
-4.991339735556133165e-04 -4.093008845928091332e-04 0.000000000000000000e+00 -7.846382236460127248e-05 4.504664479322760214e-04 6.450157725119695174e-04 7.709989852483038742e-05 -3.230598346399218986e-04 -3.853671718173689383e-04 -4.211869016578216910e-04 -1.360323669446836378e-03 -2.567567106515069534e-04
3.611594833934189371e-04 -5.770998763975516152e-04 -7.846382236460127248e-05 0.000000000000000000e+00 1.805568446179329502e-04 -6.617977243472447754e-05 -3.042882458662300423e-04 -2.449717906398217568e-04 -2.554252068996256211e-04 7.878398085066450464e-05 3.339040137530342408e-04 9.990531813845901726e-05
1.754139867248440804e-04 -8.467030316302903746e-05 4.504664479322760214e-04 1.805568446179329502e-04 0.000000000000000000e+00 -5.259293774187103919e-04 3.621978884135420890e-04 1.519949754287271571e-03 -4.745978393864917874e-04 1.369699178280807698e-03 1.192629420195679877e-06 -3.972825027051614562e-04
1.073523232571808005e-03 -5.437067041524513283e-04 6.450157725119695174e-04 -6.617977243472447754e-05 -5.259293774187103919e-04 0.000000000000000000e+00 -1.566799971228478134e-04 -5.869822875254012730e-04 2.154889376589968141e-04 -2.770416447566586052e-04 1.498340695640111618e-03 -3.325250702657593757e-04
1.423845281442450046e-03 2.714775547756727780e-04 7.709989852483038742e-05 -3.042882458662300423e-04 3.621978884135420890e-04 -1.566799971228478134e-04 0.000000000000000000e+00 6.764104447341893729e-04 -2.838433696783593621e-04 -6.376991945247614596e-04 -8.378110448992976507e-04 2.007588208926433754e-04
6.834122059699996232e-04 -1.280884826968844026e-03 -3.230598346399218986e-04 -2.449717906398217568e-04 1.519949754287271571e-03 -5.869822875254012730e-04 6.764104447341893729e-04 0.000000000000000000e+00 7.350623517052564749e-04 1.457777105375423826e-03 -3.520190336728768431e-04 3.221449387258718808e-05
-9.516425593966015709e-04 -5.358105153704974255e-04 -3.853671718173689383e-04 -2.554252068996256211e-04 -4.745978393864917874e-04 2.154889376589968141e-04 -2.838433696783593621e-04 7.350623517052564749e-04 0.000000000000000000e+00 3.487141158823020407e-04 1.299875902971476432e-04 4.842468738316835919e-05
-8.808441856800222321e-04 4.582900200662253518e-04 -4.211869016578216910e-04 7.878398085066450464e-05 1.369699178280807698e-03 -2.770416447566586052e-04 -6.376991945247614596e-04 1.457777105375423826e-03 3.487141158823020407e-04 0.000000000000000000e+00 2.141070998070706503e-03 -9.943745200637315717e-05
1.466662776938332333e-03 5.307532827469052267e-04 -1.360323669446836378e-03 3.339040137530342408e-04 1.192629420195679877e-06 1.498340695640111618e-03 -8.378110448992976507e-04 -3.520190336728768431e-04 1.299875902971476432e-04 2.141070998070706503e-03 0.000000000000000000e+00 4.333802597317527995e-06
1.623916199579883044e-04 1.663961939383114795e-04 -2.567567106515069534e-04 9.990531813845901726e-05 -3.972825027051614562e-04 -3.325250702657593757e-04 2.007588208926433754e-04 3.221449387258718808e-05 4.842468738316835919e-05 -9.943745200637315717e-05 4.333802597317527995e-06 0.000000000000000000e+00
