0.000000000000000000e+00 -7.653658857985537033e-04 -2.509782033198780862e-04 2.172357486729212142e-04 -2.398162520650219405e-04 -7.501791325499735080e-04 -5.853687915489207117e-05 1.465005117104175658e-03 -2.290926456614117543e-04 -1.466934408386349510e-03 -2.677843042201433384e-03 4.832700364246759919e-04
-7.653658857985537033e-04 0.000000000000000000e+00 4.484461478464334149e-04 -2.346646600721486202e-04 -2.824326526844080890e-04 -1.020810969808924173e-03 -2.602099728101297214e-04 -5.808287267854032659e-04 -2.605319339984682372e-04 -3.606781708060693937e-04 -7.792113850674691530e-04 -1.658988786184583330e-04
-2.509782033198780862e-04 4.484461478464334149e-04 0.000000000000000000e+00 4.290598401415555269e-04 1.744175841572936708e-04 1.406370494518604080e-05 -1.182063142285820782e-04 1.096176502688289949e-06 -3.637254815560997563e-04 -3.716308675919292523e-04 -1.684772143421167483e-04 -3.028339371485723323e-05
2.172357486729212142e-04 -2.346646600721486202e-04 4.290598401415555269e-04 0.000000000000000000e+00 1.244789234284277360e-03 -1.503383112921180011e-04 1.044554563511359321e-04 6.558562227330935962e-04 -4.586524278995300304e-04 -1.077627944874007433e-05 1.475401442609625916e-03 -2.578394348081944364e-04
-2.398162520650219405e-04 -2.824326526844080890e-04 1.744175841572936708e-04 1.244789234284277360e-03 0.000000000000000000e+00 -1.070478638438897810e-03 -2.561293822357691460e-04 7.224051109798663214e-05 4.698174447924473177e-04 1.444299891163689084e-03 -5.452056081805700281e-04 3.783669121726792846e-04
-7.501791325499735080e-04 -1.020810969808924173e-03 1.406370494518604080e-05 -1.503383112921180011e-04 -1.070478638438897810e-03 0.000000000000000000e+00 -1.916954026615902147e-04 -1.319838205634908234e-03 -4.090658376715555614e-04 -4.421761773816886725e-04 2.160622563491555129e-03 -4.305595902090432144e-04
-5.853687915489207117e-05 -2.602099728101297214e-04 -1.182063142285820782e-04 1.044554563511359321e-04 -2.561293822357691460e-04 -1.916954026615902147e-04 0.000000000000000000e+00 3.971543418525778067e-04 -1.883678732149458748e-04 -2.172013812597780441e-04 9.568874443183384034e-05 -1.367006707054309344e-04
1.465005117104175658e-03 -5.808287267854032659e-04 1.096176502688289949e-06 6.558562227330935962e-04 7.224051109798663214e-05 -1.319838205634908234e-03 3.971543418525778067e-04 0.000000000000000000e+00 -2.236170449063758562e-04 2.775728217947756940e-04 8.743000958296196857e-04 4.906132244444137484e-06
-2.290926456614117543e-04 -2.605319339984682372e-04 -3.637254815560997563e-04 -4.586524278995300304e-04 4.698174447924473177e-04 -4.090658376715555614e-04 -1.883678732149458748e-04 -2.236170449063758562e-04 0.000000000000000000e+00 -1.640006582381642536e-04 1.144376140998262662e-03 2.435309802727220392e-04
-1.466934408386349510e-03 -3.606781708060693937e-04 -3.716308675919292523e-04 -1.077627944874007433e-05 1.444299891163689084e-03 -4.421761773816886725e-04 -2.172013812597780441e-04 2.775728217947756940e-04 -1.640006582381642536e-04 0.000000000000000000e+00 -1.540978424198044018e-03 -5.066497580297683705e-04
-2.677843042201433384e-03 -7.792113850674691530e-04 -1.684772143421167483e-04 1.475401442609625916e-03 -5.452056081805700281e-04 2.160622563491555129e-03 9.568874443183384034e-05 8.743000958296196857e-04 1.144376140998262662e-03 -1.540978424198044018e-03 0.000000000000000000e+00 -6.166854348788682223e-05
4.832700364246759919e-04 -1.658988786184583330e-04 -3.028339371485723323e-05 -2.578394348081944364e-04 3.783669121726792846e-04 -4.305595902090432144e-04 -1.367006707054309344e-04 4.906132244444137484e-06 2.435309802727220392e-04 -5.066497580297683705e-04 -6.166854348788682223e-05 0.000000000000000000e+00
