0.000000000000000000e+00 4.561818318372416682e-04 -1.153533612171787643e-03 5.724105768964894312e-04 1.517546760634790005e-04 -3.452889715255711106e-04 -7.386020583738603113e-04 3.559316662920678019e-05 8.718364056684171177e-05 8.342638955289720685e-04 2.082095363918167309e-04 -2.768762822210059068e-04
4.561818318372416682e-04 0.000000000000000000e+00 -1.566230633566711950e-04 5.391312808822784674e-04 -6.595541296578720254e-04 -6.866400791205776828e-04 1.334515846606123841e-03 -7.814641961297184207e-04 3.382973295407644448e-05 3.909748152146420353e-04 1.213771677833510665e-03 -2.559154039804057193e-04
-1.153533612171787643e-03 -1.566230633566711950e-04 0.000000000000000000e+00 -1.494014744599934767e-03 1.329022218785376875e-04 -3.145810378952167792e-04 1.067195151000143762e-03 -1.915479114345031370e-03 3.096424945970981959e-04 7.595426445561566983e-04 -4.411748458589754879e-04 4.350937771426577382e-04
5.724105768964894312e-04 5.391312808822784674e-04 -1.494014744599934767e-03 0.000000000000000000e+00 -1.325836860168029411e-03 -9.685324866680461702e-04 -1.656901725026994942e-03 1.568093516148434544e-03 3.101651119451934131e-05 7.893028229843984840e-04 6.400181413741378843e-04 2.308046341986091639e-04
1.517546760634790005e-04 -6.595541296578720254e-04 1.329022218785376875e-04 -1.325836860168029411e-03 0.000000000000000000e+00 3.260721309347311067e-04 -7.191690989273017873e-05 6.641489916642005558e-04 4.680945169262708933e-04 -1.225537381409607524e-04 6.124312078972045294e-04 2.648346164815409791e-04
-3.452889715255711106e-04 -6.866400791205776828e-04 -3.145810378952167792e-04 -9.685324866680461702e-04 3.260721309347311067e-04 0.000000000000000000e+00 5.575738922593264377e-04 -3.749991063678231786e-04 -7.428426954668241450e-05 5.974650067193489674e-04 -3.419588230695528425e-04 -7.867434719331030694e-04
-7.386020583738603113e-04 1.334515846606123841e-03 1.067195151000143762e-03 -1.656901725026994942e-03 -7.191690989273017873e-05 5.575738922593264377e-04 0.000000000000000000e+00 2.094207682273977605e-03 -1.367878228676878104e-03 -5.233453956601804387e-04 -3.391050389986611634e-03 -7.357279418090134659e-05
3.559316662920678019e-05 -7.814641961297184207e-04 -1.915479114345031370e-03 1.568093516148434544e-03 6.641489916642005558e-04 -3.749991063678231786e-04 2.094207682273977605e-03 0.000000000000000000e+00 2.602283974655987802e-04 1.725319173178094321e-04 -1.619583411377956183e-03 2.201653968882437635e-04
8.718364056684171177e-05 3.382973295407644448e-05 3.096424945970981959e-04 3.101651119451934131e-05 4.680945169262708933e-04 -7.428426954668241450e-05 -1.367878228676878104e-03 2.602283974655987802e-04 0.000000000000000000e+00 -8.828068584287389851e-04 -7.407358434357044861e-04 6.969295372402633116e-05
8.342638955289720685e-04 3.909748152146420353e-04 7.595426445561566983e-04 7.893028229843984840e-04 -1.225537381409607524e-04 5.974650067193489674e-04 -5.233453956601804387e-04 1.725319173178094321e-04 -8.828068584287389851e-04 0.000000000000000000e+00 -8.431220245513947401e-04 -2.672144519360703202e-04
2.082095363918167309e-04 1.213771677833510665e-03 -4.411748458589754879e-04 6.400181413741378843e-04 6.124312078972045294e-04 -3.419588230695528425e-04 -3.391050389986611634e-03 -1.619583411377956183e-03 -7.407358434357044861e-04 -8.431220245513947401e-04 0.000000000000000000e+00 1.562268779595096498e-04
-2.768762822210059068e-04 -2.559154039804057193e-04 4.350937771426577382e-04 2.308046341986091639e-04 2.648346164815409791e-04 -7.867434719331030694e-04 -7.357279418090134659e-05 2.201653968882437635e-04 6.969295372402633116e-05 -2.672144519360703202e-04 1.562268779595096498e-04 0.000000000000000000e+00
