0.000000000000000000e+00 6.818980722679088974e-04 3.058386688151294806e-04 -8.522663265251723401e-05 3.937130018730136016e-05 -3.343281534385617168e-04 3.431988581742473387e-04 4.872894640414047107e-04 2.199349070164635352e-05 5.907405711542815024e-04 -6.289194106996006577e-04 -3.734162914775363928e-04
6.818980722679088974e-04 0.000000000000000000e+00 5.092055396610556308e-04 -1.156942720988974899e-03 2.895913798459315769e-04 -1.223913245015601859e-04 1.647381691317374068e-03 -3.857751504453488722e-04 -3.947050532267205804e-04 -1.833596528865809707e-04 2.253055290793324001e-04 -2.208160937099173840e-04
3.058386688151294806e-04 5.092055396610556308e-04 0.000000000000000000e+00 1.716188674151761272e-04 -4.123553481070463267e-04 -7.960179623871548775e-04 -2.090012369676417115e-03 -9.909243201124599647e-05 5.101490097085385495e-04 1.670170295181240896e-03 4.780465074287527536e-04 5.034906346215242690e-04
-8.522663265251723401e-05 -1.156942720988974899e-03 1.716188674151761272e-04 0.000000000000000000e+00 -8.171677947866947279e-04 -7.187751197859734973e-06 -2.749599044395338674e-03 9.182881969308611184e-04 -6.856126199457595986e-04 1.346972780251832428e-03 -4.482009503872243748e-04 -2.242065368131166238e-04
3.937130018730136016e-05 2.895913798459315769e-04 -4.123553481070463267e-04 -8.171677947866947279e-04 0.000000000000000000e+00 -1.123856441822917636e-05 7.462537291507461822e-05 6.640723597919888799e-04 2.034900979913514070e-04 8.074000655707194284e-04 5.795921261121922798e-04 -3.301878158437170346e-04
-3.343281534385617168e-04 -1.223913245015601859e-04 -7.960179623871548775e-04 -7.187751197859734973e-06 -1.123856441822917636e-05 0.000000000000000000e+00 -1.040593363016725868e-03 6.924689024109815638e-04 -1.212993735508110843e-04 -1.140262669071822645e-04 -5.453631104418049961e-04 -2.586336836624508447e-04
3.431988581742473387e-04 1.647381691317374068e-03 -2.090012369676417115e-03 -2.749599044395338674e-03 7.462537291507461822e-05 -1.040593363016725868e-03 0.000000000000000000e+00 6.417881774993565913e-04 -8.310747993492618091e-04 1.100164210979584327e-03 2.656317825029639711e-03 5.059611220398103080e-04
4.872894640414047107e-04 -3.857751504453488722e-04 -9.909243201124599647e-05 9.182881969308611184e-04 6.640723597919888799e-04 6.924689024109815638e-04 6.417881774993565913e-04 0.000000000000000000e+00 1.257646761551490394e-04 1.483280681210012459e-03 -8.676947600220749417e-05 5.304597840049214740e-04
2.199349070164635352e-05 -3.947050532267205804e-04 5.101490097085385495e-04 -6.856126199457595986e-04 2.034900979913514070e-04 -1.212993735508110843e-04 -8.310747993492618091e-04 1.257646761551490394e-04 0.000000000000000000e+00 2.809258735302956351e-04 -8.027169832501742904e-04 -1.509282968530876188e-04
5.907405711542815024e-04 -1.833596528865809707e-04 1.670170295181240896e-03 1.346972780251832428e-03 8.074000655707194284e-04 -1.140262669071822645e-04 1.100164210979584327e-03 1.483280681210012459e-03 2.809258735302956351e-04 0.000000000000000000e+00 4.741972220049317315e-04 -3.989055134995416786e-04
-6.289194106996006577e-04 2.253055290793324001e-04 4.780465074287527536e-04 -4.482009503872243748e-04 5.795921261121922798e-04 -5.453631104418049961e-04 2.656317825029639711e-03 -8.676947600220749417e-05 -8.027169832501742904e-04 4.741972220049317315e-04 0.000000000000000000e+00 5.825828314340060618e-04
-3.734162914775363928e-04 -2.208160937099173840e-04 5.034906346215242690e-04 -2.242065368131166238e-04 -3.301878158437170346e-04 -2.586336836624508447e-04 5.059611220398103080e-04 5.304597840049214740e-04 -1.509282968530876188e-04 -3.989055134995416786e-04 5.825828314340060618e-04 0.000000000000000000e+00
