0.000000000000000000e+00 3.805659671942624779e-04 -5.238762824896722216e-04 2.527010113162650689e-04 1.725433347905404760e-05 1.077927808907254149e-04 1.898349438740342364e-03 8.185633846406115870e-04 -2.409653758289057241e-04 1.090067790073066253e-04 -7.141401510699497794e-04 6.792974051499590037e-05
3.805659671942624779e-04 0.000000000000000000e+00 -6.681099230646321725e-04 -5.856986264364744729e-04 -2.675223458051643067e-04 3.919868095532015855e-04 -8.421759499141176540e-04 1.057409162164596488e-04 3.947021463795324947e-04 -8.492909799316501968e-04 -8.520958585796375951e-04 1.048559687295338441e-05
-5.238762824896722216e-04 -6.681099230646321725e-04 0.000000000000000000e+00 -1.980068674801801001e-03 4.505898302964317522e-05 2.944391576403115754e-05 -5.620468345073739757e-04 1.004054335642240448e-03 -8.186166835043129800e-06 -3.328628035488338755e-04 3.681303609377382349e-04 -1.275342117247225547e-04
2.527010113162650689e-04 -5.856986264364744729e-04 -1.980068674801801001e-03 0.000000000000000000e+00 -6.978739660796526951e-04 2.058495962933653525e-04 2.620577103251494830e-03 -1.026039296972695207e-03 1.100088450990251574e-05 1.524965669683963536e-03 5.226087928276087211e-04 -2.618654898704345416e-04
1.725433347905404760e-05 -2.675223458051643067e-04 4.505898302964317522e-05 -6.978739660796526951e-04 0.000000000000000000e+00 4.772583349215960891e-04 -8.066860246398684141e-04 -4.535546358180096802e-04 -1.232567540350242258e-04 2.685055843494082626e-04 8.289688511964356243e-04 1.062252500750707250e-04
1.077927808907254149e-04 3.919868095532015855e-04 2.944391576403115754e-05 2.058495962933653525e-04 4.772583349215960891e-04 0.000000000000000000e+00 1.342769803840383963e-04 -5.128291621638020456e-04 1.177559304175568690e-04 -4.587546582630663622e-04 7.131360372392293433e-04 -1.142470871549092889e-05
1.898349438740342364e-03 -8.421759499141176540e-04 -5.620468345073739757e-04 2.620577103251494830e-03 -8.066860246398684141e-04 1.342769803840383963e-04 0.000000000000000000e+00 3.458384838636201393e-03 1.730440586357542571e-04 3.703483412119920365e-04 1.754787817939717966e-03 4.385906205798927992e-04
8.185633846406115870e-04 1.057409162164596488e-04 1.004054335642240448e-03 -1.026039296972695207e-03 -4.535546358180096802e-04 -5.128291621638020456e-04 3.458384838636201393e-03 0.000000000000000000e+00 -2.139411526562139945e-04 -1.405595690955946039e-03 5.237567745154064584e-04 1.181142980034499614e-04
-2.409653758289057241e-04 3.947021463795324947e-04 -8.186166835043129800e-06 1.100088450990251574e-05 -1.232567540350242258e-04 1.177559304175568690e-04 1.730440586357542571e-04 -2.139411526562139945e-04 0.000000000000000000e+00 1.308376924195580454e-04 5.453447907450734936e-05 3.251115542926901955e-04
1.090067790073066253e-04 -8.492909799316501968e-04 -3.328628035488338755e-04 1.524965669683963536e-03 2.685055843494082626e-04 -4.587546582630663622e-04 3.703483412119920365e-04 -1.405595690955946039e-03 1.308376924195580454e-04 0.000000000000000000e+00 9.162233415602440904e-05 -6.232461167091721277e-05
-7.141401510699497794e-04 -8.520958585796375951e-04 3.681303609377382349e-04 5.226087928276087211e-04 8.289688511964356243e-04 7.131360372392293433e-04 1.754787817939717966e-03 5.237567745154064584e-04 5.453447907450734936e-05 9.162233415602440904e-05 0.000000000000000000e+00 8.414958289267245354e-06
6.792974051499590037e-05 1.048559687295338441e-05 -1.275342117247225547e-04 -2.618654898704345416e-04 1.062252500750707250e-04 -1.142470871549092889e-05 4.385906205798927992e-04 1.181142980034499614e-04 3.251115542926901955e-04 -6.232461167091721277e-05 8.414958289267245354e-06 0.000000000000000000e+00
