0.000000000000000000e+00 2.406247738698545559e-04 1.538590518401616717e-04 -5.294237416689546750e-05 -1.071285888478605629e-04 2.384508873158088231e-04 8.009859269236329444e-04 -2.016366815332908135e-04 -3.086091618814218950e-04 9.477027367392376242e-05 -9.925776816594310704e-04 -1.306801577659465359e-04
2.406247738698545559e-04 0.000000000000000000e+00 -3.282753952734305202e-04 -3.240673946377880372e-04 -4.199323426866553963e-04 -1.004193260203060093e-04 1.481170399163222410e-03 4.081954527731556422e-04 -5.084125610277496175e-04 -2.272444778417342882e-04 -1.377891985871090017e-04 2.960820888700508671e-05
1.538590518401616717e-04 -3.282753952734305202e-04 0.000000000000000000e+00 1.208117292069147601e-03 -7.779961292706967773e-04 -2.299552327232970168e-04 1.983105346501069788e-03 -1.007702110365672190e-03 2.661893663880867083e-04 1.781638141167842058e-03 1.471415922814984156e-03 -3.575975600848703808e-04
-5.294237416689546750e-05 -3.240673946377880372e-04 1.208117292069147601e-03 0.000000000000000000e+00 -2.205039552462586530e-04 -6.667015797284021232e-04 1.459898272951427791e-03 -6.475653495208785054e-04 1.104572916532256836e-03 -1.364408507515028381e-03 -4.284515672474878677e-05 -2.261144566003920144e-04
-1.071285888478605629e-04 -4.199323426866553963e-04 -7.779961292706967773e-04 -2.205039552462586530e-04 0.000000000000000000e+00 -8.452583399248827741e-05 1.076984129285617165e-03 2.704198760234120011e-04 4.219255710079881493e-04 7.206723247420127954e-04 7.721980446173786955e-06 -9.510385470321903491e-05
2.384508873158088231e-04 -1.004193260203060093e-04 -2.299552327232970168e-04 -6.667015797284021232e-04 -8.452583399248827741e-05 0.000000000000000000e+00 -9.203959011710634037e-04 -3.931581725028006780e-04 -2.211039694143124556e-05 -4.220300914503882062e-05 5.503458690107117419e-04 -1.477839671433550574e-04
8.009859269236329444e-04 1.481170399163222410e-03 1.983105346501069788e-03 1.459898272951427791e-03 1.076984129285617165e-03 -9.203959011710634037e-04 0.000000000000000000e+00 -4.026297049438981606e-05 3.886208939246284418e-04 3.022827822795942556e-03 -9.988990727825808845e-04 -4.699676866966663352e-04
-2.016366815332908135e-04 4.081954527731556422e-04 -1.007702110365672190e-03 -6.475653495208785054e-04 2.704198760234120011e-04 -3.931581725028006780e-04 -4.026297049438981606e-05 0.000000000000000000e+00 -5.302120083154978790e-04 1.600588837316091039e-03 1.754959713895247388e-04 -8.947640432494937085e-05
-3.086091618814218950e-04 -5.084125610277496175e-04 2.661893663880867083e-04 1.104572916532256836e-03 4.219255710079881493e-04 -2.211039694143124556e-05 3.886208939246284418e-04 -5.302120083154978790e-04 0.000000000000000000e+00 3.306485719241139803e-04 2.696638255891758095e-04 8.332162446886798399e-05
9.477027367392376242e-05 -2.272444778417342882e-04 1.781638141167842058e-03 -1.364408507515028381e-03 7.206723247420127954e-04 -4.220300914503882062e-05 3.022827822795942556e-03 1.600588837316091039e-03 3.306485719241139803e-04 0.000000000000000000e+00 1.630923457634853241e-03 -6.311417495262382693e-04
-9.925776816594310704e-04 -1.377891985871090017e-04 1.471415922814984156e-03 -4.284515672474878677e-05 7.721980446173786955e-06 5.503458690107117419e-04 -9.988990727825808845e-04 1.754959713895247388e-04 2.696638255891758095e-04 1.630923457634853241e-03 0.000000000000000000e+00 -3.729825069067267186e-04
-1.306801577659465359e-04 2.960820888700508671e-05 -3.575975600848703808e-04 -2.261144566003920144e-04 -9.510385470321903491e-05 -1.477839671433550574e-04 -4.699676866966663352e-04 -8.947640432494937085e-05 8.332162446886798399e-05 -6.311417495262382693e-04 -3.729825069067267186e-04 0.000000000000000000e+00
