0.000000000000000000e+00 -2.532798596307299062e-04 5.500417324433772449e-04 -7.590279132546518155e-04 3.042977046900312396e-04 -4.109211066841797380e-04 -1.066799006944620662e-03 -9.536237920644470036e-05 3.978785131059680208e-05 -5.212366593153985091e-04 -5.376828819290514283e-04 1.616420330308387607e-04
-2.532798596307299062e-04 0.000000000000000000e+00 1.995973711252705502e-04 3.006368517677698274e-04 -6.432861921856529918e-04 -4.339509846148919560e-04 1.966955294624444031e-03 -9.112704713233704635e-04 -3.594269056273369949e-04 -9.781774820214616953e-05 3.845346440921450855e-04 4.715822955055985191e-04
5.500417324433772449e-04 1.995973711252705502e-04 0.000000000000000000e+00 4.130712739433591973e-04 -6.973914660028707364e-04 3.155976482101255300e-04 2.172451695400362450e-03 -4.045132676724683997e-04 4.538894400582866489e-04 -5.054992749194470907e-04 -1.766395971218220461e-03 -2.399404200671940112e-04
-7.590279132546518155e-04 3.006368517677698274e-04 4.130712739433591973e-04 0.000000000000000000e+00 -5.280337514314136383e-04 -2.097650501621123331e-04 -1.690318818021966903e-03 -4.515080952525727981e-04 7.931922950848231853e-04 -5.042033507550198069e-04 -1.872304948480178494e-03 -4.291717419545980220e-04
3.042977046900312396e-04 -6.432861921856529918e-04 -6.973914660028707364e-04 -5.280337514314136383e-04 0.000000000000000000e+00 -1.275964469068462020e-05 -3.411566329464783896e-04 7.475504059528245617e-04 2.997831797188437288e-04 -6.873823075501449102e-04 -3.016257933342281986e-04 1.626802256650576931e-04
-4.109211066841797380e-04 -4.339509846148919560e-04 3.155976482101255300e-04 -2.097650501621123331e-04 -1.275964469068462020e-05 0.000000000000000000e+00 1.255666164313155213e-03 -5.682651218978325208e-04 9.240841457011398307e-05 7.066097945794854026e-04 -6.649789128051421163e-04 -2.791934044298448195e-04
-1.066799006944620662e-03 1.966955294624444031e-03 2.172451695400362450e-03 -1.690318818021966903e-03 -3.411566329464783896e-04 1.255666164313155213e-03 0.000000000000000000e+00 -1.127329654941504290e-03 -4.242422044367149744e-04 -2.582724002089420434e-03 2.641442452921188757e-03 -8.929202216704483367e-04
-9.536237920644470036e-05 -9.112704713233704635e-04 -4.045132676724683997e-04 -4.515080952525727981e-04 7.475504059528245617e-04 -5.682651218978325208e-04 -1.127329654941504290e-03 0.000000000000000000e+00 -5.174159274777560737e-04 -1.301895942229658841e-03 1.829659502631748478e-03 -4.162759566649157101e-04
3.978785131059680208e-05 -3.594269056273369949e-04 4.538894400582866489e-04 7.931922950848231853e-04 2.997831797188437288e-04 9.240841457011398307e-05 -4.242422044367149744e-04 -5.174159274777560737e-04 0.000000000000000000e+00 -7.243373929903999071e-04 -6.056599441695261822e-05 -2.677011882802137572e-04
-5.212366593153985091e-04 -9.781774820214616953e-05 -5.054992749194470907e-04 -5.042033507550198069e-04 -6.873823075501449102e-04 7.066097945794854026e-04 -2.582724002089420434e-03 -1.301895942229658841e-03 -7.243373929903999071e-04 0.000000000000000000e+00 -2.423953825412044228e-03 -3.209026000921796407e-04
-5.376828819290514283e-04 3.845346440921450855e-04 -1.766395971218220461e-03 -1.872304948480178494e-03 -3.016257933342281986e-04 -6.649789128051421163e-04 2.641442452921188757e-03 1.829659502631748478e-03 -6.056599441695261822e-05 -2.423953825412044228e-03 0.000000000000000000e+00 2.823851577142877365e-05
1.616420330308387607e-04 4.715822955055985191e-04 -2.399404200671940112e-04 -4.291717419545980220e-04 1.626802256650576931e-04 -2.791934044298448195e-04 -8.929202216704483367e-04 -4.162759566649157101e-04 -2.677011882802137572e-04 -3.209026000921796407e-04 2.823851577142877365e-05 0.000000000000000000e+00
