0.000000000000000000e+00 -1.569476728997237346e-03 1.131717763369986763e-03 -2.190214775843843278e-04 1.941947988551366491e-03 -1.229569624772127714e-03 7.780335899953688813e-04 2.153373260438992784e-04 5.649715975247346020e-04 1.198348513521272014e-04 -1.254660049338896140e-03 1.133740134336665107e-03
-1.569476728997237346e-03 0.000000000000000000e+00 -7.544403206923094255e-05 -9.219178629436995329e-04 -1.023498522070380272e-03 -7.529279464832817469e-04 1.256444400020726620e-03 4.934259192882355137e-04 1.865848794907608299e-03 -1.104816537261720140e-03 1.185995496928128438e-03 -1.231715384083684325e-03
1.131717763369986763e-03 -7.544403206923094255e-05 0.000000000000000000e+00 5.580153884348675259e-04 1.020348522959456036e-03 -4.432541151692431016e-05 -1.450187712799168457e-04 3.133248271622934909e-04 -1.180426324208205683e-03 -2.465570362407711307e-04 1.949027811357987292e-05 -7.069071400224355949e-04
-2.190214775843843278e-04 -9.219178629436995329e-04 5.580153884348675259e-04 0.000000000000000000e+00 -4.138189572092284261e-04 4.524787669206298941e-04 -2.390378787604452112e-04 -7.933690297231793076e-05 7.440240960302854254e-04 -2.046421021560252535e-04 -3.635072337832183169e-04 -2.126540349357736485e-04
1.941947988551366491e-03 -1.023498522070380272e-03 1.020348522959456036e-03 -4.138189572092284261e-04 0.000000000000000000e+00 -7.728361453881643422e-04 -1.642639771897762768e-04 -1.583472730122555778e-04 3.813777322529749618e-04 4.958938396487824318e-04 -6.072008143196859828e-05 1.070328106285667064e-03
-1.229569624772127714e-03 -7.529279464832817469e-04 -4.432541151692431016e-05 4.524787669206298941e-04 -7.728361453881643422e-04 0.000000000000000000e+00 2.329229641958117513e-04 2.785379572282916196e-04 6.006769337037734437e-04 -2.318044295268638160e-04 1.417207846115099506e-04 -4.897572570317570506e-04
7.780335899953688813e-04 1.256444400020726620e-03 -1.450187712799168457e-04 -2.390378787604452112e-04 -1.642639771897762768e-04 2.329229641958117513e-04 0.000000000000000000e+00 -4.019357642414221198e-04 5.316501823953686048e-04 3.605120861686285545e-04 1.247218611183001477e-04 1.993962958959030621e-04
2.153373260438992784e-04 4.934259192882355137e-04 3.133248271622934909e-04 -7.933690297231793076e-05 -1.583472730122555778e-04 2.785379572282916196e-04 -4.019357642414221198e-04 0.000000000000000000e+00 2.060221443729012077e-04 -1.264593486187724574e-04 5.515002054466072246e-04 6.375917232082918247e-04
5.649715975247346020e-04 1.865848794907608299e-03 -1.180426324208205683e-03 7.440240960302854254e-04 3.813777322529749618e-04 6.006769337037734437e-04 5.316501823953686048e-04 2.060221443729012077e-04 0.000000000000000000e+00 4.061294753772003055e-04 3.136753524846334624e-04 1.707450629947712814e-03
1.198348513521272014e-04 -1.104816537261720140e-03 -2.465570362407711307e-04 -2.046421021560252535e-04 4.958938396487824318e-04 -2.318044295268638160e-04 3.605120861686285545e-04 -1.264593486187724574e-04 4.061294753772003055e-04 0.000000000000000000e+00 4.170439698147017154e-04 1.123605508015707233e-04
-1.254660049338896140e-03 1.185995496928128438e-03 1.949027811357987292e-05 -3.635072337832183169e-04 -6.072008143196859828e-05 1.417207846115099506e-04 1.247218611183001477e-04 5.515002054466072246e-04 3.136753524846334624e-04 4.170439698147017154e-04 0.000000000000000000e+00 4.493354297997020474e-04
1.133740134336665107e-03 -1.231715384083684325e-03 -7.069071400224355949e-04 -2.126540349357736485e-04 1.070328106285667064e-03 -4.897572570317570506e-04 1.993962958959030621e-04 6.375917232082918247e-04 1.707450629947712814e-03 1.123605508015707233e-04 4.493354297997020474e-04 0.000000000000000000e+00
