0.000000000000000000e+00 -2.030762513047848321e-03 4.028092851397254825e-04 1.082671202074011281e-03 3.679535180635781669e-04 7.966101493036869315e-04 -5.907350605408962993e-04 1.890961884250999276e-03 -1.409608534678407363e-03 1.759542359257990768e-03 1.778681076864747695e-03 7.552237908793012471e-04
-2.030762513047848321e-03 0.000000000000000000e+00 3.155341158645418292e-05 -7.609276054677432174e-04 -1.519417900401614932e-03 -2.731175715067197369e-04 6.057465591653054859e-05 -9.228952416931026173e-05 -3.211295295966921405e-03 1.683461336908483779e-03 -2.254520631544265543e-03 3.622083575498582500e-04
4.028092851397254825e-04 3.155341158645418292e-05 0.000000000000000000e+00 1.753303077776395189e-04 -5.248104603758942110e-04 -2.330785619969770385e-04 -1.086990102701353931e-04 -6.020482473778521366e-04 5.370063208333135038e-04 8.379083774802530572e-04 2.272559005956496694e-04 7.593304166784393744e-04
1.082671202074011281e-03 -7.609276054677432174e-04 1.753303077776395189e-04 0.000000000000000000e+00 -1.313126238478516791e-04 -4.699750193845073174e-04 -9.846152121605884322e-05 1.838341964396740860e-04 1.180479636618967434e-04 -3.566620232972793564e-04 1.763540698062424235e-04 1.165749961760617512e-04
3.679535180635781669e-04 -1.519417900401614932e-03 -5.248104603758942110e-04 -1.313126238478516791e-04 0.000000000000000000e+00 9.243712839834882043e-04 -4.546855903255080686e-04 -8.629761419226323910e-04 2.587196385649020904e-03 4.670159885062061841e-04 -1.288933431631080623e-03 -4.343673409653524796e-04
7.966101493036869315e-04 -2.731175715067197369e-04 -2.330785619969770385e-04 -4.699750193845073174e-04 9.243712839834882043e-04 0.000000000000000000e+00 -1.839904885653850125e-04 1.570199356791676179e-06 7.152531682284912545e-04 2.713637594488303717e-04 3.431033713953802002e-04 -3.820380835946659290e-04
-5.907350605408962993e-04 6.057465591653054859e-05 -1.086990102701353931e-04 -9.846152121605884322e-05 -4.546855903255080686e-04 -1.839904885653850125e-04 0.000000000000000000e+00 5.190943603863734136e-04 2.970662392423522387e-04 5.239397734890572679e-04 -3.011405246306888064e-04 7.243210823922832014e-04
1.890961884250999276e-03 -9.228952416931026173e-05 -6.020482473778521366e-04 1.838341964396740860e-04 -8.629761419226323910e-04 1.570199356791676179e-06 5.190943603863734136e-04 0.000000000000000000e+00 -4.639646720757348861e-04 3.225762057138915418e-04 3.818321502198465168e-04 -6.103207299478284706e-05
-1.409608534678407363e-03 -3.211295295966921405e-03 5.370063208333135038e-04 1.180479636618967434e-04 2.587196385649020904e-03 7.152531682284912545e-04 2.970662392423522387e-04 -4.639646720757348861e-04 0.000000000000000000e+00 -1.371199590767622567e-03 6.540296858034831034e-04 8.656540408011193085e-04
1.759542359257990768e-03 1.683461336908483779e-03 8.379083774802530572e-04 -3.566620232972793564e-04 4.670159885062061841e-04 2.713637594488303717e-04 5.239397734890572679e-04 3.225762057138915418e-04 -1.371199590767622567e-03 0.000000000000000000e+00 5.140870797751384124e-04 6.675771419972247782e-04
1.778681076864747695e-03 -2.254520631544265543e-03 2.272559005956496694e-04 1.763540698062424235e-04 -1.288933431631080623e-03 3.431033713953802002e-04 -3.011405246306888064e-04 3.818321502198465168e-04 6.540296858034831034e-04 5.140870797751384124e-04 0.000000000000000000e+00 -1.771597083688955532e-04
7.552237908793012471e-04 3.622083575498582500e-04 7.593304166784393744e-04 1.165749961760617512e-04 -4.343673409653524796e-04 -3.820380835946659290e-04 7.243210823922832014e-04 -6.103207299478284706e-05 8.656540408011193085e-04 6.675771419972247782e-04 -1.771597083688955532e-04 0.000000000000000000e+00
