0.000000000000000000e+00 -1.180947262771376172e-03 -9.488456689610155152e-04 1.075919269001360734e-03 1.283158474025513241e-03 4.233024711743413717e-04 4.619393590713545420e-04 -3.284623452057495248e-04 5.675719683613287365e-04 1.330914497880298286e-03 8.057285853453013036e-05 -1.925358999424828330e-03
-1.180947262771376172e-03 0.000000000000000000e+00 1.109032290567066965e-03 1.836112313599109558e-03 -1.841487886310276632e-03 1.676832568878576252e-04 -5.739951526986414873e-04 1.900329218675817552e-03 -9.580239206745725083e-04 -9.314770895358988768e-04 1.917963375184187226e-04 -1.002163832241367326e-03
-9.488456689610155152e-04 1.109032290567066965e-03 0.000000000000000000e+00 -9.394204035114255545e-05 1.434980598100726802e-04 -2.377871212699084137e-04 -1.170623680732561577e-04 4.128770950386649510e-04 5.138457738805968770e-05 1.232082849878297151e-05 2.352246446906309542e-04 4.532409446260152034e-05
1.075919269001360734e-03 1.836112313599109558e-03 -9.394204035114255545e-05 0.000000000000000000e+00 -6.898667727712549979e-04 -2.396343155056866433e-04 -2.316387573859796914e-04 -3.257723939054999580e-04 -1.023628967274887091e-03 -8.749928016401115516e-05 -3.505348778855732115e-04 -7.518173402872658151e-04
1.283158474025513241e-03 -1.841487886310276632e-03 1.434980598100726802e-04 -6.898667727712549979e-04 0.000000000000000000e+00 -3.514159049795700647e-04 7.499906115737148141e-04 5.155246247565449524e-04 -3.534419900442495105e-04 -8.346096056388874207e-05 4.522185177388012662e-04 -3.765987797043371344e-04
4.233024711743413717e-04 1.676832568878576252e-04 -2.377871212699084137e-04 -2.396343155056866433e-04 -3.514159049795700647e-04 0.000000000000000000e+00 1.132725133374110504e-05 1.903055411037616121e-04 -2.996959205521479468e-05 -2.548510599307850558e-04 6.394545707211949064e-05 -2.477307183334820405e-04
4.619393590713545420e-04 -5.739951526986414873e-04 -1.170623680732561577e-04 -2.316387573859796914e-04 7.499906115737148141e-04 1.132725133374110504e-05 0.000000000000000000e+00 2.506713433479943427e-05 -8.124223737467904964e-04 -5.392468435661511295e-04 1.589437474276736125e-04 4.224509106102585258e-05
-3.284623452057495248e-04 1.900329218675817552e-03 4.128770950386649510e-04 -3.257723939054999580e-04 5.155246247565449524e-04 1.903055411037616121e-04 2.506713433479943427e-05 0.000000000000000000e+00 7.938556789660665240e-04 4.309601042007096729e-04 1.311352891177214601e-04 -5.609136447963973884e-04
5.675719683613287365e-04 -9.580239206745725083e-04 5.138457738805968770e-05 -1.023628967274887091e-03 -3.534419900442495105e-04 -2.996959205521479468e-05 -8.124223737467904964e-04 7.938556789660665240e-04 0.000000000000000000e+00 1.479962024385949237e-03 -3.874728918584052491e-04 7.219333081462993990e-04
1.330914497880298286e-03 -9.314770895358988768e-04 1.232082849878297151e-05 -8.749928016401115516e-05 -8.346096056388874207e-05 -2.548510599307850558e-04 -5.392468435661511295e-04 4.309601042007096729e-04 1.479962024385949237e-03 0.000000000000000000e+00 -4.774679352888294313e-04 -6.302672953359321440e-04
8.057285853453013036e-05 1.917963375184187226e-04 2.352246446906309542e-04 -3.505348778855732115e-04 4.522185177388012662e-04 6.394545707211949064e-05 1.589437474276736125e-04 1.311352891177214601e-04 -3.874728918584052491e-04 -4.774679352888294313e-04 0.000000000000000000e+00 -3.854455621563176375e-04
-1.925358999424828330e-03 -1.002163832241367326e-03 4.532409446260152034e-05 -7.518173402872658151e-04 -3.765987797043371344e-04 -2.477307183334820405e-04 4.224509106102585258e-05 -5.609136447963973884e-04 7.219333081462993990e-04 -6.302672953359321440e-04 -3.854455621563176375e-04 0.000000000000000000e+00
