0.000000000000000000e+00 -3.435318764528141455e-03 -6.418860788457488725e-04 2.458596676477265114e-04 -2.445657662414128710e-03 4.531444005197783506e-05 6.562620343010201941e-06 2.351533718831346821e-04 -4.140024988055142872e-03 7.393363068145319484e-04 3.860896021446486460e-04 1.245374136046288648e-03
-3.435318764528141455e-03 0.000000000000000000e+00 9.527288034353189423e-04 8.587922539761512399e-04 5.913496937185153774e-04 6.595319130558506375e-04 9.823321652845430369e-04 1.014994809467499397e-04 -1.295187162577861708e-03 -1.424070105204883153e-03 -2.718566002766483740e-06 2.797441965824505345e-03
-6.418860788457488725e-04 9.527288034353189423e-04 0.000000000000000000e+00 3.415486140616893584e-04 -1.829669921573228071e-04 -1.936881742751807864e-04 -1.643137538309928506e-04 -5.762366441035935848e-05 -4.510039006489685771e-05 6.012461140050362560e-05 1.305066026653855463e-04 -3.029602763171357978e-04
2.458596676477265114e-04 8.587922539761512399e-04 3.415486140616893584e-04 0.000000000000000000e+00 1.268483889165537089e-04 3.814539095395589252e-04 9.521216371016592980e-05 1.007729565525065322e-04 4.795647715973333134e-04 -6.801497242752052499e-04 1.625587255362317182e-04 -3.452008075335349295e-04
-2.445657662414128710e-03 5.913496937185153774e-04 -1.829669921573228071e-04 1.268483889165537089e-04 0.000000000000000000e+00 6.512747851378143269e-04 7.354402704304997904e-04 -5.955750941978016745e-04 1.440599254759314428e-04 -9.141267495043507501e-04 -5.017262636601878397e-04 1.069248615676357192e-03
4.531444005197783506e-05 6.595319130558506375e-04 -1.936881742751807864e-04 3.814539095395589252e-04 6.512747851378143269e-04 0.000000000000000000e+00 -3.623753623333479082e-04 1.583149392290180487e-04 -2.317993309485944647e-04 4.000851026948331761e-05 -3.517718151480589330e-04 3.968495873255399359e-04
6.562620343010201941e-06 9.823321652845430369e-04 -1.643137538309928506e-04 9.521216371016592980e-05 7.354402704304997904e-04 -3.623753623333479082e-04 0.000000000000000000e+00 6.604512764892160668e-05 -8.264170970196082480e-04 1.423688510587179951e-04 9.757318186647249319e-05 -6.247623469542366685e-04
2.351533718831346821e-04 1.014994809467499397e-04 -5.762366441035935848e-05 1.007729565525065322e-04 -5.955750941978016745e-04 1.583149392290180487e-04 6.604512764892160668e-05 0.000000000000000000e+00 2.648098851695877658e-04 -5.832765798350305524e-04 -1.455956741422298234e-04 -2.222267319706023854e-04
-4.140024988055142872e-03 -1.295187162577861708e-03 -4.510039006489685771e-05 4.795647715973333134e-04 1.440599254759314428e-04 -2.317993309485944647e-04 -8.264170970196082480e-04 2.648098851695877658e-04 0.000000000000000000e+00 1.353618627052663708e-03 8.697326382065040428e-04 -1.027624534208920574e-03
7.393363068145319484e-04 -1.424070105204883153e-03 6.012461140050362560e-05 -6.801497242752052499e-04 -9.141267495043507501e-04 4.000851026948331761e-05 1.423688510587179951e-04 -5.832765798350305524e-04 1.353618627052663708e-03 0.000000000000000000e+00 3.126891192440905140e-04 -4.316369963123897931e-04
3.860896021446486460e-04 -2.718566002766483740e-06 1.305066026653855463e-04 1.625587255362317182e-04 -5.017262636601878397e-04 -3.517718151480589330e-04 9.757318186647249319e-05 -1.455956741422298234e-04 8.697326382065040428e-04 3.126891192440905140e-04 0.000000000000000000e+00 6.097472620444147062e-04
1.245374136046288648e-03 2.797441965824505345e-03 -3.029602763171357978e-04 -3.452008075335349295e-04 1.069248615676357192e-03 3.968495873255399359e-04 -6.247623469542366685e-04 -2.222267319706023854e-04 -1.027624534208920574e-03 -4.316369963123897931e-04 6.097472620444147062e-04 0.000000000000000000e+00
