0.000000000000000000e+00 3.525325731603732617e-03 1.743355812020558468e-04 -9.046066818539693017e-04 -6.626076826574311875e-04 -5.641169084090445377e-05 -2.562518435374319453e-04 1.989585175255256366e-03 2.794569971774767429e-04 2.836189565017321152e-04 -7.788942688378264851e-04 1.380676098386561782e-05
3.525325731603732617e-03 0.000000000000000000e+00 2.083672443902286750e-05 -1.981578801155136650e-04 1.779248921715986288e-03 -1.108127045346593001e-04 -7.281378870921705656e-04 -1.642575151081184523e-03 -3.216422654898874202e-04 -2.743354583801221164e-04 -1.824794168802011023e-03 1.944647827924014154e-03
1.743355812020558468e-04 2.083672443902286750e-05 0.000000000000000000e+00 5.356681602620725962e-04 2.154402230281544136e-04 3.165920610387762272e-04 1.351574987351210528e-04 -1.242657662077934779e-04 -3.965296703802918712e-04 -1.004836517816624485e-04 -3.799123361340166617e-04 3.771697425003616572e-04
-9.046066818539693017e-04 -1.981578801155136650e-04 5.356681602620725962e-04 0.000000000000000000e+00 7.187049853003265936e-04 -3.264760086166026667e-05 1.230675995086380513e-04 4.530135810996918514e-04 1.040516480839187704e-03 -2.346243823182137173e-04 -1.705650052685430795e-04 2.914904784321501689e-04
-6.626076826574311875e-04 1.779248921715986288e-03 2.154402230281544136e-04 7.187049853003265936e-04 0.000000000000000000e+00 -4.940287096862501764e-04 2.940968123806257531e-04 -9.463619447062759362e-04 -2.887050383313919289e-04 1.401469365790985848e-03 6.234435475256149082e-04 -3.978110913396154264e-04
-5.641169084090445377e-05 -1.108127045346593001e-04 3.165920610387762272e-04 -3.264760086166026667e-05 -4.940287096862501764e-04 0.000000000000000000e+00 9.335116254189172443e-05 -8.924317813204986772e-05 -8.950361888538266612e-04 -5.390002243135891703e-04 -3.329806026053813120e-04 2.092303291009337072e-04
-2.562518435374319453e-04 -7.281378870921705656e-04 1.351574987351210528e-04 1.230675995086380513e-04 2.940968123806257531e-04 9.335116254189172443e-05 0.000000000000000000e+00 -6.716899695172838915e-04 -2.246587157904436302e-04 -3.263559232632913418e-05 3.394064575108100487e-04 -1.088225189236784239e-04
1.989585175255256366e-03 -1.642575151081184523e-03 -1.242657662077934779e-04 4.530135810996918514e-04 -9.463619447062759362e-04 -8.924317813204986772e-05 -6.716899695172838915e-04 0.000000000000000000e+00 2.784597158643668064e-04 2.821227901560959287e-04 -6.275958116872883434e-04 -3.794679333922279605e-04
2.794569971774767429e-04 -3.216422654898874202e-04 -3.965296703802918712e-04 1.040516480839187704e-03 -2.887050383313919289e-04 -8.950361888538266612e-04 -2.246587157904436302e-04 2.784597158643668064e-04 0.000000000000000000e+00 -7.905674820623385555e-04 -1.346735805874352872e-03 -9.048704197809063262e-04
2.836189565017321152e-04 -2.743354583801221164e-04 -1.004836517816624485e-04 -2.346243823182137173e-04 1.401469365790985848e-03 -5.390002243135891703e-04 -3.263559232632913418e-05 2.821227901560959287e-04 -7.905674820623385555e-04 0.000000000000000000e+00 -1.790479878212632864e-04 -1.192918560112409638e-03
-7.788942688378264851e-04 -1.824794168802011023e-03 -3.799123361340166617e-04 -1.705650052685430795e-04 6.234435475256149082e-04 -3.329806026053813120e-04 3.394064575108100487e-04 -6.275958116872883434e-04 -1.346735805874352872e-03 -1.790479878212632864e-04 0.000000000000000000e+00 2.673000606258320376e-04
1.380676098386561782e-05 1.944647827924014154e-03 3.771697425003616572e-04 2.914904784321501689e-04 -3.978110913396154264e-04 2.092303291009337072e-04 -1.088225189236784239e-04 -3.794679333922279605e-04 -9.048704197809063262e-04 -1.192918560112409638e-03 2.673000606258320376e-04 0.000000000000000000e+00
