0.000000000000000000e+00 4.712771768818344096e-04 1.022374834647278097e-03 1.731943046343841744e-04 3.490278100265139811e-04 1.063142608388205693e-03 -3.951162588895794142e-04 8.455324422202839052e-04 2.551423264969752123e-04 -1.713472705657139014e-03 -7.518947837697615702e-04 -2.448675888215050755e-04
4.712771768818344096e-04 0.000000000000000000e+00 2.053194553921447603e-04 9.083403472941075827e-05 4.100563636306053415e-04 -7.094812363408239519e-04 1.777108832419247797e-04 -8.001849412938219215e-05 -7.692602875862140834e-04 -3.728741228147221319e-04 -1.112282774802755185e-03 -3.612606456760355535e-04
1.022374834647278097e-03 2.053194553921447603e-04 0.000000000000000000e+00 -7.869023737083225565e-04 5.420848955074298973e-04 -1.020117861477421589e-03 -1.102919454778965736e-03 -1.299598798850497587e-03 -2.862687060930855891e-04 3.185430257254478299e-04 -2.208298874481891500e-04 2.237973224661367994e-04
1.731943046343841744e-04 9.083403472941075827e-05 -7.869023737083225565e-04 0.000000000000000000e+00 6.009954241119859833e-04 -1.437120296801386795e-05 2.753402355397703083e-04 -2.496397165353832323e-04 -7.554465560213366156e-04 5.031814669714646492e-04 3.874695445419606629e-04 3.210763245449823060e-04
3.490278100265139811e-04 4.100563636306053415e-04 5.420848955074298973e-04 6.009954241119859833e-04 0.000000000000000000e+00 -5.565410117520036906e-04 -1.051480693863379875e-04 2.975111116683284789e-04 8.136351927911510433e-04 7.293635793553845384e-04 -5.728662245538295242e-04 2.989584483215154838e-04
1.063142608388205693e-03 -7.094812363408239519e-04 -1.020117861477421589e-03 -1.437120296801386795e-05 -5.565410117520036906e-04 0.000000000000000000e+00 -3.832922039289571786e-05 1.887893437935428669e-03 -3.247913306692216603e-03 -5.123603130915433670e-04 -2.403543861693749947e-03 -5.809389073329115222e-04
-3.951162588895794142e-04 1.777108832419247797e-04 -1.102919454778965736e-03 2.753402355397703083e-04 -1.051480693863379875e-04 -3.832922039289571786e-05 0.000000000000000000e+00 6.829050901573605623e-04 7.356035607026980682e-04 4.150554964295495434e-04 -6.162483363703128011e-04 -2.579145933489563236e-04
8.455324422202839052e-04 -8.001849412938219215e-05 -1.299598798850497587e-03 -2.496397165353832323e-04 2.975111116683284789e-04 1.887893437935428669e-03 6.829050901573605623e-04 0.000000000000000000e+00 9.011403613902403600e-04 -5.908831842031906246e-04 -6.361971934680702529e-04 2.596691882237605492e-04
2.551423264969752123e-04 -7.692602875862140834e-04 -2.862687060930855891e-04 -7.554465560213366156e-04 8.136351927911510433e-04 -3.247913306692216603e-03 7.356035607026980682e-04 9.011403613902403600e-04 0.000000000000000000e+00 -2.213250509385078762e-03 2.425659696201015823e-03 3.925512511879599071e-04
-1.713472705657139014e-03 -3.728741228147221319e-04 3.185430257254478299e-04 5.031814669714646492e-04 7.293635793553845384e-04 -5.123603130915433670e-04 4.150554964295495434e-04 -5.908831842031906246e-04 -2.213250509385078762e-03 0.000000000000000000e+00 -1.245602225776894743e-03 3.745555559115249238e-04
-7.518947837697615702e-04 -1.112282774802755185e-03 -2.208298874481891500e-04 3.874695445419606629e-04 -5.728662245538295242e-04 -2.403543861693749947e-03 -6.162483363703128011e-04 -6.361971934680702529e-04 2.425659696201015823e-03 -1.245602225776894743e-03 0.000000000000000000e+00 5.443097267659609793e-04
-2.448675888215050755e-04 -3.612606456760355535e-04 2.237973224661367994e-04 3.210763245449823060e-04 2.989584483215154838e-04 -5.809389073329115222e-04 -2.579145933489563236e-04 2.596691882237605492e-04 3.925512511879599071e-04 3.745555559115249238e-04 5.443097267659609793e-04 0.000000000000000000e+00
