0.000000000000000000e+00 -9.188160621672670277e-04 7.385180034068523480e-04 -4.893422605298925051e-04 6.433037349948641419e-04 -1.177429895214572629e-03 -1.221177262872566102e-04 -7.740844305656221884e-04 1.065414606834733059e-03 2.453794498292693701e-04 -9.398515060719392486e-04 -6.593278702407691198e-04
-9.188160621672670277e-04 0.000000000000000000e+00 -5.912340661397699282e-04 3.389593984347097230e-05 2.987769368583847074e-04 1.204227613622700031e-04 2.738646329767639590e-04 -3.202192438002629147e-04 4.660786361097697087e-04 2.595843301902622715e-04 8.634343550756514449e-04 1.594519256840094809e-06
7.385180034068523480e-04 -5.912340661397699282e-04 0.000000000000000000e+00 -4.361255136252090853e-04 4.213035546590201985e-04 1.410464781699700791e-03 2.350577632092154946e-04 9.850544220425742469e-04 -7.940236942887481672e-04 1.913917835147588352e-04 4.643866032129970851e-04 -7.659779945380086304e-04
-4.893422605298925051e-04 3.389593984347097230e-05 -4.361255136252090853e-04 0.000000000000000000e+00 2.690804528906452255e-04 -1.618191412898063340e-03 1.236646792688866903e-04 -3.153208667927085286e-04 2.354437506270226719e-04 7.676042871781453504e-05 -1.150449263857399474e-03 1.208318911091645759e-04
6.433037349948641419e-04 2.987769368583847074e-04 4.213035546590201985e-04 2.690804528906452255e-04 0.000000000000000000e+00 8.031964814687365690e-04 1.798840844823160819e-04 2.544965262498266042e-05 -5.235164750311673085e-05 -3.485388568034649445e-04 1.552987319134928150e-04 2.241378718135891607e-04
-1.177429895214572629e-03 1.204227613622700031e-04 1.410464781699700791e-03 -1.618191412898063340e-03 8.031964814687365690e-04 0.000000000000000000e+00 -3.413462785832157621e-04 -1.381521276883010147e-03 -4.053576776008207053e-03 2.731464591084546939e-04 -1.422452921336234783e-03 -2.983176320573961509e-04
-1.221177262872566102e-04 2.738646329767639590e-04 2.350577632092154946e-04 1.236646792688866903e-04 1.798840844823160819e-04 -3.413462785832157621e-04 0.000000000000000000e+00 -1.396253524613515467e-04 1.279553069324407657e-03 9.743482113783991485e-04 -6.718004582253766545e-04 -5.778798727509698292e-05
-7.740844305656221884e-04 -3.202192438002629147e-04 9.850544220425742469e-04 -3.153208667927085286e-04 2.544965262498266042e-05 -1.381521276883010147e-03 -1.396253524613515467e-04 0.000000000000000000e+00 1.185051354487187117e-03 -8.056020027635222560e-04 6.533557793270624052e-04 1.238188416720681275e-04
1.065414606834733059e-03 4.660786361097697087e-04 -7.940236942887481672e-04 2.354437506270226719e-04 -5.235164750311673085e-05 -4.053576776008207053e-03 1.279553069324407657e-03 1.185051354487187117e-03 0.000000000000000000e+00 6.931825555124068044e-05 7.373149438035795419e-04 1.967781063978490464e-04
2.453794498292693701e-04 2.595843301902622715e-04 1.913917835147588352e-04 7.676042871781453504e-05 -3.485388568034649445e-04 2.731464591084546939e-04 9.743482113783991485e-04 -8.056020027635222560e-04 6.931825555124068044e-05 0.000000000000000000e+00 -7.222800191283479431e-04 -4.520826216494195217e-04
-9.398515060719392486e-04 8.634343550756514449e-04 4.643866032129970851e-04 -1.150449263857399474e-03 1.552987319134928150e-04 -1.422452921336234783e-03 -6.718004582253766545e-04 6.533557793270624052e-04 7.373149438035795419e-04 -7.222800191283479431e-04 0.000000000000000000e+00 -3.400962543148345089e-04
-6.593278702407691198e-04 1.594519256840094809e-06 -7.659779945380086304e-04 1.208318911091645759e-04 2.241378718135891607e-04 -2.983176320573961509e-04 -5.778798727509698292e-05 1.238188416720681275e-04 1.967781063978490464e-04 -4.520826216494195217e-04 -3.400962543148345089e-04 0.000000000000000000e+00
