0.000000000000000000e+00 2.162356397386484819e-04 -1.037830840389658256e-03 4.923692816560246632e-04 -5.300863222506747461e-04 -1.273501056927828353e-03 4.264318879250732133e-05 -3.273492308284460376e-04 -1.062503296611331865e-03 4.456355030996001588e-05 -7.288995642772483829e-04 -1.539800170402959181e-04
2.162356397386484819e-04 0.000000000000000000e+00 -6.970135463732931962e-04 -8.367732554891038513e-05 -2.434135097808524142e-05 -1.124060031586137862e-03 1.490827891931799701e-04 4.773578880199477541e-04 -6.611443888631739858e-04 -3.131383243648824702e-04 4.389044088012746762e-04 -3.171541355251475207e-04
-1.037830840389658256e-03 -6.970135463732931962e-04 0.000000000000000000e+00 3.815302936791156274e-04 8.486629264720457560e-05 -5.643828887355181127e-04 1.134277787697568897e-04 1.114423409638753710e-03 -2.235664527135995932e-03 -6.937730997351543392e-04 1.003572538873473722e-03 5.914702532880181367e-04
4.923692816560246632e-04 -8.367732554891038513e-05 3.815302936791156274e-04 0.000000000000000000e+00 2.872018292381269328e-05 -2.939397650420767869e-04 5.886673619497767573e-05 -3.758376005873816528e-04 -4.631473778911874878e-04 -3.261755203596078336e-04 -9.346237012857368514e-05 -3.458351006732301129e-05
-5.300863222506747461e-04 -2.434135097808524142e-05 8.486629264720457560e-05 2.872018292381269328e-05 0.000000000000000000e+00 -6.943965560191539066e-04 1.973683997089300271e-06 -4.304233324095508454e-06 4.150919315605494848e-04 -3.142531214607302147e-04 -5.340568550581062531e-05 -4.586434344665800693e-04
-1.273501056927828353e-03 -1.124060031586137862e-03 -5.643828887355181127e-04 -2.939397650420767869e-04 -6.943965560191539066e-04 0.000000000000000000e+00 4.488084034716968923e-04 1.538884000613808178e-03 1.161425380371728256e-03 -1.230462194482073984e-03 -3.304050510233412161e-03 -3.937894530595166813e-04
4.264318879250732133e-05 1.490827891931799701e-04 1.134277787697568897e-04 5.886673619497767573e-05 1.973683997089300271e-06 4.488084034716968923e-04 0.000000000000000000e+00 -2.391729815867570867e-04 7.727226600404362258e-05 -2.949625817411189398e-04 1.938080667098600058e-04 3.138878083281550468e-05
-3.273492308284460376e-04 4.773578880199477541e-04 1.114423409638753710e-03 -3.758376005873816528e-04 -4.304233324095508454e-06 1.538884000613808178e-03 -2.391729815867570867e-04 0.000000000000000000e+00 -1.548047908099410650e-03 -9.545390031689578430e-04 -1.124928713365956151e-04 -5.406621708820040983e-04
-1.062503296611331865e-03 -6.611443888631739858e-04 -2.235664527135995932e-03 -4.631473778911874878e-04 4.150919315605494848e-04 1.161425380371728256e-03 7.727226600404362258e-05 -1.548047908099410650e-03 0.000000000000000000e+00 -2.099543308663468638e-03 7.925893951131729844e-04 1.996023094160308600e-04
4.456355030996001588e-05 -3.131383243648824702e-04 -6.937730997351543392e-04 -3.261755203596078336e-04 -3.142531214607302147e-04 -1.230462194482073984e-03 -2.949625817411189398e-04 -9.545390031689578430e-04 -2.099543308663468638e-03 0.000000000000000000e+00 -1.548209210783709107e-03 -1.460981742409491763e-05
-7.288995642772483829e-04 4.389044088012746762e-04 1.003572538873473722e-03 -9.346237012857368514e-05 -5.340568550581062531e-05 -3.304050510233412161e-03 1.938080667098600058e-04 -1.124928713365956151e-04 7.925893951131729844e-04 -1.548209210783709107e-03 0.000000000000000000e+00 1.249891473134493759e-03
-1.539800170402959181e-04 -3.171541355251475207e-04 5.914702532880181367e-04 -3.458351006732301129e-05 -4.586434344665800693e-04 -3.937894530595166813e-04 3.138878083281550468e-05 -5.406621708820040983e-04 1.996023094160308600e-04 -1.460981742409491763e-05 1.249891473134493759e-03 0.000000000000000000e+00
