0.000000000000000000e+00 2.543694068866837461e-04 -1.181379868109642961e-03 1.734037878409079971e-04 2.068265836320718514e-05 9.691941906033216909e-04 4.104352432778079563e-04 -1.044745553301720765e-03 1.480540561018881983e-03 -8.581482828303514622e-04 3.741448847328454445e-04 -2.674148490787991300e-04
2.543694068866837461e-04 0.000000000000000000e+00 -3.344103505707487459e-04 1.640685227467038765e-04 6.694333898474240764e-04 2.639479568587916897e-04 3.363771990996595107e-04 -6.149552479452620153e-04 -8.666913439704454969e-04 -3.031275801301549960e-06 -2.114955065169081083e-04 9.943091074707054817e-05
-1.181379868109642961e-03 -3.344103505707487459e-04 0.000000000000000000e+00 4.184591119123970328e-04 -1.909408265941309906e-04 1.789989951407668924e-04 7.870829386495634139e-05 -9.360452343746946064e-04 2.889226117102997602e-04 -1.555648943305676596e-03 -2.137904845331596321e-03 -7.601499644365955835e-04
1.734037878409079971e-04 1.640685227467038765e-04 4.184591119123970328e-04 0.000000000000000000e+00 -3.863239828358218907e-04 -7.074304563851171925e-04 3.645420145697668142e-04 -3.362875834240130948e-04 6.515130495095166523e-04 -4.215455563826834185e-04 3.952947000342644699e-04 -1.151152506746969134e-04
2.068265836320718514e-05 6.694333898474240764e-04 -1.909408265941309906e-04 -3.863239828358218907e-04 0.000000000000000000e+00 4.749997782066934051e-04 -2.989608922194332674e-05 2.337889335226596920e-04 1.044347795234896537e-03 1.454490902392580650e-04 -6.142260994104162567e-04 1.944512284226845747e-04
9.691941906033216909e-04 2.639479568587916897e-04 1.789989951407668924e-04 -7.074304563851171925e-04 4.749997782066934051e-04 0.000000000000000000e+00 -5.527167634373829439e-04 -2.490489233407635261e-04 1.425706642836534329e-03 3.344017402265014719e-04 -2.293173342580554386e-04 2.297397161933125451e-04
4.104352432778079563e-04 3.363771990996595107e-04 7.870829386495634139e-05 3.645420145697668142e-04 -2.989608922194332674e-05 -5.527167634373829439e-04 0.000000000000000000e+00 -2.294310003134152748e-04 2.902628458089670884e-04 2.593336175787408515e-04 1.909448882232134791e-04 1.104242529576762308e-05
-1.044745553301720765e-03 -6.149552479452620153e-04 -9.360452343746946064e-04 -3.362875834240130948e-04 2.337889335226596920e-04 -2.490489233407635261e-04 -2.294310003134152748e-04 0.000000000000000000e+00 -1.039436461318640975e-03 9.131018954193836435e-04 1.345883223128158720e-03 2.736110080480036628e-04
1.480540561018881983e-03 -8.666913439704454969e-04 2.889226117102997602e-04 6.515130495095166523e-04 1.044347795234896537e-03 1.425706642836534329e-03 2.902628458089670884e-04 -1.039436461318640975e-03 0.000000000000000000e+00 -7.031245801178200592e-04 1.582579241823066319e-03 -4.097103255447078689e-04
-8.581482828303514622e-04 -3.031275801301549960e-06 -1.555648943305676596e-03 -4.215455563826834185e-04 1.454490902392580650e-04 3.344017402265014719e-04 2.593336175787408515e-04 9.131018954193836435e-04 -7.031245801178200592e-04 0.000000000000000000e+00 -8.989087858060462299e-04 -5.517957591246122357e-04
3.741448847328454445e-04 -2.114955065169081083e-04 -2.137904845331596321e-03 3.952947000342644699e-04 -6.142260994104162567e-04 -2.293173342580554386e-04 1.909448882232134791e-04 1.345883223128158720e-03 1.582579241823066319e-03 -8.989087858060462299e-04 0.000000000000000000e+00 1.235980920926739728e-04
-2.674148490787991300e-04 9.943091074707054817e-05 -7.601499644365955835e-04 -1.151152506746969134e-04 1.944512284226845747e-04 2.297397161933125451e-04 1.104242529576762308e-05 2.736110080480036628e-04 -4.097103255447078689e-04 -5.517957591246122357e-04 1.235980920926739728e-04 0.000000000000000000e+00
