0.000000000000000000e+00 -5.300376681986702443e-04 4.545130767543576204e-04 -6.534190100877195590e-05 3.351065725302036931e-04 2.140589163388681524e-03 -6.751977894969461106e-04 4.958478631277741123e-04 -3.917056860904464502e-04 8.930708560162114052e-04 2.027541907425056862e-03 -5.187871907044419012e-06
-5.300376681986702443e-04 0.000000000000000000e+00 -3.669099253233585245e-04 -3.403486004577456199e-04 -4.730151141196320625e-05 6.080621827431127767e-04 2.546217607729532747e-04 -4.224833441302241273e-04 5.900483711139506860e-04 -6.569863563915350185e-04 -2.869800924982843075e-04 3.277325525846651040e-04
4.545130767543576204e-04 -3.669099253233585245e-04 0.000000000000000000e+00 -6.780350713935583379e-05 -1.846539996209484982e-04 -2.506537147466567691e-03 3.367360943797099624e-05 -3.576819109591977165e-04 1.493474541668753748e-03 1.268533971175289784e-03 -2.851777511236075393e-03 1.702254872849943686e-04
-6.534190100877195590e-05 -3.403486004577456199e-04 -6.780350713935583379e-05 0.000000000000000000e+00 -3.795899563852065447e-04 -5.995515032825878389e-04 -3.263082141067270144e-06 -3.615888860013793406e-04 -8.735905093480213776e-04 4.374517985995757339e-04 5.148688037319526598e-04 -2.735542848149691525e-04
3.351065725302036931e-04 -4.730151141196320625e-05 -1.846539996209484982e-04 -3.795899563852065447e-04 0.000000000000000000e+00 -1.085472845202186103e-03 7.382198839827667342e-05 -4.489136247480237708e-04 -6.037233922990215213e-04 -3.369446410580213824e-04 -1.007587350122790028e-03 8.846605056190686442e-05
2.140589163388681524e-03 6.080621827431127767e-04 -2.506537147466567691e-03 -5.995515032825878389e-04 -1.085472845202186103e-03 0.000000000000000000e+00 1.426897610584865975e-03 5.744797763124047949e-04 1.969116880649861550e-03 1.361864603072772883e-03 -1.319359872125603706e-03 -7.269434528738219622e-04
-6.751977894969461106e-04 2.546217607729532747e-04 3.367360943797099624e-05 -3.263082141067270144e-06 7.382198839827667342e-05 1.426897610584865975e-03 0.000000000000000000e+00 -1.392965398328676328e-04 -2.290783878592062776e-04 3.146463373983989019e-04 2.358252427959256980e-04 -1.307050117186395980e-04
4.958478631277741123e-04 -4.224833441302241273e-04 -3.576819109591977165e-04 -3.615888860013793406e-04 -4.489136247480237708e-04 5.744797763124047949e-04 -1.392965398328676328e-04 0.000000000000000000e+00 -1.135574652851467419e-03 7.220318398223149210e-04 5.259617420898563900e-04 1.867120308015713737e-04
-3.917056860904464502e-04 5.900483711139506860e-04 1.493474541668753748e-03 -8.735905093480213776e-04 -6.037233922990215213e-04 1.969116880649861550e-03 -2.290783878592062776e-04 -1.135574652851467419e-03 0.000000000000000000e+00 -4.953698364528675885e-05 3.287276539291443100e-03 -2.566229153168056638e-04
8.930708560162114052e-04 -6.569863563915350185e-04 1.268533971175289784e-03 4.374517985995757339e-04 -3.369446410580213824e-04 1.361864603072772883e-03 3.146463373983989019e-04 7.220318398223149210e-04 -4.953698364528675885e-05 0.000000000000000000e+00 1.950213207564883153e-03 -4.863067882646605108e-04
2.027541907425056862e-03 -2.869800924982843075e-04 -2.851777511236075393e-03 5.148688037319526598e-04 -1.007587350122790028e-03 -1.319359872125603706e-03 2.358252427959256980e-04 5.259617420898563900e-04 3.287276539291443100e-03 1.950213207564883153e-03 0.000000000000000000e+00 -1.303923605063008991e-04
-5.187871907044419012e-06 3.277325525846651040e-04 1.702254872849943686e-04 -2.735542848149691525e-04 8.846605056190686442e-05 -7.269434528738219622e-04 -1.307050117186395980e-04 1.867120308015713737e-04 -2.566229153168056638e-04 -4.863067882646605108e-04 -1.303923605063008991e-04 0.000000000000000000e+00
