0.000000000000000000e+00 -6.459667957466291681e-04 3.197199242705653713e-03 5.729658476294874738e-04 2.230015881422628583e-03 8.289538120821368910e-04 7.876393750909790274e-04 -8.227619593537135274e-04 8.852533414096874298e-04 -1.094910880075510885e-03 -7.666171350645283099e-05 -7.291610013311869854e-04
-6.459667957466291681e-04 0.000000000000000000e+00 -6.392934147139210611e-04 3.109301195330905717e-04 6.278140528876981034e-04 8.776885440766556395e-04 -7.974573555804232924e-04 4.416830076331962731e-04 -1.745152374230753731e-04 -8.883294304437448958e-05 3.984837494868801507e-04 1.988088514940485371e-06
3.197199242705653713e-03 -6.392934147139210611e-04 0.000000000000000000e+00 -9.438720878723922292e-06 -1.269547308989436678e-03 1.320820809788798248e-04 -1.153231059370849387e-03 -9.888975021645537294e-04 9.601165928168437988e-04 1.309028291858119761e-03 -1.404045300138914622e-03 3.343525543976134424e-05
5.729658476294874738e-04 3.109301195330905717e-04 -9.438720878723922292e-06 0.000000000000000000e+00 -3.665999739018281113e-04 4.898123961514970828e-04 -1.441617286550889480e-04 -2.835250428187036272e-04 -1.147045623882566017e-04 -1.089745196389172105e-03 -1.617057529786246806e-04 -2.348857853987124274e-04
2.230015881422628583e-03 6.278140528876981034e-04 -1.269547308989436678e-03 -3.665999739018281113e-04 0.000000000000000000e+00 6.405464834306263434e-04 6.667504195237467131e-04 1.458520918468664827e-04 -5.057871130526418475e-04 -2.658477571420122718e-04 -1.357440386267536308e-04 -5.349782146797346823e-04
8.289538120821368910e-04 8.776885440766556395e-04 1.320820809788798248e-04 4.898123961514970828e-04 6.405464834306263434e-04 0.000000000000000000e+00 -3.899616031867910717e-04 1.478748994623094171e-04 -3.129566848266941356e-04 2.055193772590237743e-03 -5.191622959038659588e-04 -6.597162708246348236e-04
7.876393750909790274e-04 -7.974573555804232924e-04 -1.153231059370849387e-03 -1.441617286550889480e-04 6.667504195237467131e-04 -3.899616031867910717e-04 0.000000000000000000e+00 -9.717949485496282748e-04 6.053214318947950203e-05 1.242337499701312489e-03 -1.213511734128806509e-04 -1.902901748890436115e-05
-8.227619593537135274e-04 4.416830076331962731e-04 -9.888975021645537294e-04 -2.835250428187036272e-04 1.458520918468664827e-04 1.478748994623094171e-04 -9.717949485496282748e-04 0.000000000000000000e+00 -6.257578554128208782e-04 1.354721106632382748e-03 -5.584187018900953941e-04 -2.010236613907282800e-04
8.852533414096874298e-04 -1.745152374230753731e-04 9.601165928168437988e-04 -1.147045623882566017e-04 -5.057871130526418475e-04 -3.129566848266941356e-04 6.053214318947950203e-05 -6.257578554128208782e-04 0.000000000000000000e+00 7.069549130602996575e-04 -1.899787382496378703e-04 -2.951409812998209660e-04
-1.094910880075510885e-03 -8.883294304437448958e-05 1.309028291858119761e-03 -1.089745196389172105e-03 -2.658477571420122718e-04 2.055193772590237743e-03 1.242337499701312489e-03 1.354721106632382748e-03 7.069549130602996575e-04 0.000000000000000000e+00 1.155625809662022075e-03 8.920524952277246629e-04
-7.666171350645283099e-05 3.984837494868801507e-04 -1.404045300138914622e-03 -1.617057529786246806e-04 -1.357440386267536308e-04 -5.191622959038659588e-04 -1.213511734128806509e-04 -5.584187018900953941e-04 -1.899787382496378703e-04 1.155625809662022075e-03 0.000000000000000000e+00 4.005759790480729388e-04
-7.291610013311869854e-04 1.988088514940485371e-06 3.343525543976134424e-05 -2.348857853987124274e-04 -5.349782146797346823e-04 -6.597162708246348236e-04 -1.902901748890436115e-05 -2.010236613907282800e-04 -2.951409812998209660e-04 8.920524952277246629e-04 4.005759790480729388e-04 0.000000000000000000e+00
