0.000000000000000000e+00 1.035624979614728058e-03 1.185773314355883764e-03 -6.520365476230763780e-04 -2.203254717808675756e-03 2.310009505681872698e-03 1.880636082683967837e-04 -1.742970884755545456e-03 2.086005800065147693e-04 2.214011143061345426e-03 6.274440808956702946e-05 -7.711328354232997414e-05
1.035624979614728058e-03 0.000000000000000000e+00 -7.807810525569435292e-04 -7.305208685776885249e-04 1.855398777936602959e-04 4.697061929269163777e-04 3.128027832209050066e-04 -1.469532685927785664e-04 -5.936263229130036125e-04 -1.299615904742712665e-03 -5.388552076618959426e-05 6.661861209055808025e-05
1.185773314355883764e-03 -7.807810525569435292e-04 0.000000000000000000e+00 -4.124762872313298659e-04 -1.108543337989369810e-03 -3.031175420767111061e-05 -5.595116798342952532e-04 1.161013816695462145e-03 -7.185613898184907943e-04 1.366194099563629251e-04 -7.322260764738977362e-04 7.885480691224035742e-04
-6.520365476230763780e-04 -7.305208685776885249e-04 -4.124762872313298659e-04 0.000000000000000000e+00 -6.269168225934211537e-04 2.939696540998715333e-04 -3.333607167864740812e-04 -1.545739515661242894e-04 2.422104580203618992e-04 -1.732466786197670169e-04 -7.869054323253940326e-05 -1.082570690926248544e-04
-2.203254717808675756e-03 1.855398777936602959e-04 -1.108543337989369810e-03 -6.269168225934211537e-04 0.000000000000000000e+00 1.054721572557269907e-04 4.247950782599471350e-04 -6.283106966047897275e-05 4.458080229080505765e-04 -1.139732675960452519e-05 -9.812326269719418795e-04 -3.755438570080077242e-05
2.310009505681872698e-03 4.697061929269163777e-04 -3.031175420767111061e-05 2.939696540998715333e-04 1.054721572557269907e-04 0.000000000000000000e+00 -8.736101978707063983e-04 -2.086851909936663697e-04 8.557333937733191962e-04 1.792918652767802384e-03 -2.405429898797927738e-04 -1.531479843870601901e-04
1.880636082683967837e-04 3.128027832209050066e-04 -5.595116798342952532e-04 -3.333607167864740812e-04 4.247950782599471350e-04 -8.736101978707063983e-04 0.000000000000000000e+00 -4.114470099286799548e-04 6.329937403048679608e-04 -1.073155654245878075e-03 -1.634634727609248395e-04 -3.067220493585014391e-04
-1.742970884755545456e-03 -1.469532685927785664e-04 1.161013816695462145e-03 -1.545739515661242894e-04 -6.283106966047897275e-05 -2.086851909936663697e-04 -4.114470099286799548e-04 0.000000000000000000e+00 -1.810260740186086636e-04 -5.761378522435404992e-04 -3.282315928513172549e-04 2.872881662074396481e-04
2.086005800065147693e-04 -5.936263229130036125e-04 -7.185613898184907943e-04 2.422104580203618992e-04 4.458080229080505765e-04 8.557333937733191962e-04 6.329937403048679608e-04 -1.810260740186086636e-04 0.000000000000000000e+00 8.063890603336289556e-04 -2.150913049076449404e-04 -1.583197391354669429e-04
2.214011143061345426e-03 -1.299615904742712665e-03 1.366194099563629251e-04 -1.732466786197670169e-04 -1.139732675960452519e-05 1.792918652767802384e-03 -1.073155654245878075e-03 -5.761378522435404992e-04 8.063890603336289556e-04 0.000000000000000000e+00 1.059718509954917561e-03 -9.545186546997195252e-05
6.274440808956702946e-05 -5.388552076618959426e-05 -7.322260764738977362e-04 -7.869054323253940326e-05 -9.812326269719418795e-04 -2.405429898797927738e-04 -1.634634727609248395e-04 -3.282315928513172549e-04 -2.150913049076449404e-04 1.059718509954917561e-03 0.000000000000000000e+00 -4.498801469657000762e-04
-7.711328354232997414e-05 6.661861209055808025e-05 7.885480691224035742e-04 -1.082570690926248544e-04 -3.755438570080077242e-05 -1.531479843870601901e-04 -3.067220493585014391e-04 2.872881662074396481e-04 -1.583197391354669429e-04 -9.545186546997195252e-05 -4.498801469657000762e-04 0.000000000000000000e+00
