0.000000000000000000e+00 -5.655060100024410577e-04 -3.106168497564149467e-03 -5.008485474795763490e-04 8.396361245160829326e-04 4.651099820501671201e-05 -1.176187308829556091e-03 1.537577463398113109e-03 -5.755366784496071227e-04 -4.177043757932165022e-03 1.134563271678117394e-03 -5.944700171822658559e-04
-5.655060100024410577e-04 0.000000000000000000e+00 -7.113898413381802106e-04 2.348304300385599917e-04 9.489231320977339641e-04 -2.373942469760893304e-04 2.912717281317893904e-05 -4.807620031521397117e-04 2.895752351950632727e-04 1.131471019387643396e-03 6.782532782540188652e-04 1.658934472251060073e-04
-3.106168497564149467e-03 -7.113898413381802106e-04 0.000000000000000000e+00 -9.941532508660150345e-04 -5.532811419761932571e-04 -4.634928165562150868e-04 8.430408595225481663e-04 -1.129045449857179464e-03 1.643324814406716154e-04 -1.283782471340371703e-03 3.643059522402091995e-04 -8.246915881476656702e-04
-5.008485474795763490e-04 2.348304300385599917e-04 -9.941532508660150345e-04 0.000000000000000000e+00 -5.825126913868748169e-04 -6.335851128210278965e-04 -2.303530783938682826e-04 1.380398861814851924e-04 -2.500133732583329873e-05 6.331216755898489822e-04 -7.805930363802769092e-05 4.369281317136650957e-04
8.396361245160829326e-04 9.489231320977339641e-04 -5.532811419761932571e-04 -5.825126913868748169e-04 0.000000000000000000e+00 1.167191530755495909e-03 -3.102757729399662021e-04 -1.783758253667275790e-05 6.570621034158568565e-05 1.440176659119654081e-03 4.871406439183550529e-04 -2.996870636267165585e-04
4.651099820501671201e-05 -2.373942469760893304e-04 -4.634928165562150868e-04 -6.335851128210278965e-04 1.167191530755495909e-03 0.000000000000000000e+00 6.816681885079806753e-04 3.136904959276234982e-04 -2.880343062117978891e-04 8.764681106907766788e-04 3.219504451670634690e-04 1.702875168938006883e-04
-1.176187308829556091e-03 2.912717281317893904e-05 8.430408595225481663e-04 -2.303530783938682826e-04 -3.102757729399662021e-04 6.816681885079806753e-04 0.000000000000000000e+00 -1.660145604643341224e-04 -2.689708999463011232e-04 -1.043325913957785433e-03 4.708426102103357275e-04 6.883653214020724097e-04
1.537577463398113109e-03 -4.807620031521397117e-04 -1.129045449857179464e-03 1.380398861814851924e-04 -1.783758253667275790e-05 3.136904959276234982e-04 -1.660145604643341224e-04 0.000000000000000000e+00 3.601855141345426735e-04 6.026468700626613252e-04 -2.530764757588708580e-04 9.929245625818326369e-05
-5.755366784496071227e-04 2.895752351950632727e-04 1.643324814406716154e-04 -2.500133732583329873e-05 6.570621034158568565e-05 -2.880343062117978891e-04 -2.689708999463011232e-04 3.601855141345426735e-04 0.000000000000000000e+00 4.037661081982051796e-04 -1.128755165496505291e-05 -3.516383227032793377e-05
-4.177043757932165022e-03 1.131471019387643396e-03 -1.283782471340371703e-03 6.331216755898489822e-04 1.440176659119654081e-03 8.764681106907766788e-04 -1.043325913957785433e-03 6.026468700626613252e-04 4.037661081982051796e-04 0.000000000000000000e+00 -1.190047430626200997e-03 -2.731755624830041430e-04
1.134563271678117394e-03 6.782532782540188652e-04 3.643059522402091995e-04 -7.805930363802769092e-05 4.871406439183550529e-04 3.219504451670634690e-04 4.708426102103357275e-04 -2.530764757588708580e-04 -1.128755165496505291e-05 -1.190047430626200997e-03 0.000000000000000000e+00 -3.415237965045668815e-04
-5.944700171822658559e-04 1.658934472251060073e-04 -8.246915881476656702e-04 4.369281317136650957e-04 -2.996870636267165585e-04 1.702875168938006883e-04 6.883653214020724097e-04 9.929245625818326369e-05 -3.516383227032793377e-05 -2.731755624830041430e-04 -3.415237965045668815e-04 0.000000000000000000e+00
