0.000000000000000000e+00 -1.836103307471792121e-03 -6.705295841720217403e-04 7.778085461009700587e-04 -1.286431532143135861e-04 -1.927793510953411220e-03 -1.891747715470596010e-04 6.683324658317560873e-04 -5.218438992811920722e-04 -1.813466915070206147e-03 2.484003180252353660e-03 -1.835916995676391804e-04
-1.836103307471792121e-03 0.000000000000000000e+00 -1.747469544679065715e-03 3.007299589854052396e-05 -1.185395665357616554e-03 -3.201281740437772965e-05 -5.928794447332874553e-05 -6.070425673390837185e-04 1.744274246818347041e-04 -1.539507196367424779e-03 2.982249722129721114e-04 1.818851820549477884e-04
-6.705295841720217403e-04 -1.747469544679065715e-03 0.000000000000000000e+00 -6.870784587226998370e-04 -1.027680815759020663e-03 -2.926929411948246337e-03 8.831126830743629393e-04 4.418143512478077037e-04 -1.422027302537223921e-04 1.601454813347636405e-03 8.853506686141895390e-05 4.232869225928353253e-05
7.778085461009700587e-04 3.007299589854052396e-05 -6.870784587226998370e-04 0.000000000000000000e+00 3.878166446450984257e-05 2.296613851444442595e-04 3.782214101219751002e-04 -2.624685634762919609e-04 -1.241582234168063493e-04 9.798638253869823469e-05 8.294493333275031654e-05 4.529519502640228456e-04
-1.286431532143135861e-04 -1.185395665357616554e-03 -1.027680815759020663e-03 3.878166446450984257e-05 0.000000000000000000e+00 1.265324176639795635e-03 4.922017185244141607e-05 1.339808553836303970e-04 -2.960081317207833174e-04 -2.681378704678982587e-03 2.871201792252961460e-04 1.948235714456990841e-04
-1.927793510953411220e-03 -3.201281740437772965e-05 -2.926929411948246337e-03 2.296613851444442595e-04 1.265324176639795635e-03 0.000000000000000000e+00 -4.811689364792723551e-04 -9.209603963048373270e-04 -2.579052546299544419e-04 -5.476972924789484881e-04 4.569417778321272004e-04 1.640141279681502421e-04
-1.891747715470596010e-04 -5.928794447332874553e-05 8.831126830743629393e-04 3.782214101219751002e-04 4.922017185244141607e-05 -4.811689364792723551e-04 0.000000000000000000e+00 -4.212783886231068133e-04 5.173342324321664404e-04 -6.957359619833905755e-04 -7.529417859027911141e-04 1.407070326519372044e-04
6.683324658317560873e-04 -6.070425673390837185e-04 4.418143512478077037e-04 -2.624685634762919609e-04 1.339808553836303970e-04 -9.209603963048373270e-04 -4.212783886231068133e-04 0.000000000000000000e+00 -2.504282334945316202e-04 5.214100565234013399e-04 3.656936985328701072e-04 -2.023495183700609024e-04
-5.218438992811920722e-04 1.744274246818347041e-04 -1.422027302537223921e-04 -1.241582234168063493e-04 -2.960081317207833174e-04 -2.579052546299544419e-04 5.173342324321664404e-04 -2.504282334945316202e-04 0.000000000000000000e+00 -1.070079940532591735e-03 -2.857509882204725552e-04 -2.856117538189073741e-04
-1.813466915070206147e-03 -1.539507196367424779e-03 1.601454813347636405e-03 9.798638253869823469e-05 -2.681378704678982587e-03 -5.476972924789484881e-04 -6.957359619833905755e-04 5.214100565234013399e-04 -1.070079940532591735e-03 0.000000000000000000e+00 8.054888294745435589e-04 4.257693942395686528e-05
2.484003180252353660e-03 2.982249722129721114e-04 8.853506686141895390e-05 8.294493333275031654e-05 2.871201792252961460e-04 4.569417778321272004e-04 -7.529417859027911141e-04 3.656936985328701072e-04 -2.857509882204725552e-04 8.054888294745435589e-04 0.000000000000000000e+00 -3.760878438170137052e-04
-1.835916995676391804e-04 1.818851820549477884e-04 4.232869225928353253e-05 4.529519502640228456e-04 1.948235714456990841e-04 1.640141279681502421e-04 1.407070326519372044e-04 -2.023495183700609024e-04 -2.856117538189073741e-04 4.257693942395686528e-05 -3.760878438170137052e-04 0.000000000000000000e+00
