0.000000000000000000e+00 -2.053476679913842935e-03 1.824324104547194792e-04 5.383722420227368818e-04 9.855607281457703667e-04 8.352626039478395744e-04 7.705689924112369684e-04 -3.253265209504688747e-04 2.298443362503009221e-04 2.350419186435645427e-03 1.166008826424916409e-03 -1.118525721510214626e-03
-2.053476679913842935e-03 0.000000000000000000e+00 -8.221606149821491377e-04 -2.161383490766676061e-04 7.438919545456273248e-04 -5.048506303739229211e-04 -3.086488882679094933e-04 6.332474017875483040e-04 2.327999356531186277e-04 -4.659861568212765527e-04 -1.028087708690971749e-04 5.114562333811743886e-04
1.824324104547194792e-04 -8.221606149821491377e-04 0.000000000000000000e+00 7.010461827055752304e-06 5.591764439662065588e-04 -1.398879949623831618e-03 4.752902655844241475e-04 -4.351249870184834955e-04 -9.028693264723263237e-04 -3.835296098452819439e-03 -5.112640012994005721e-04 -3.780550821480565572e-05
5.383722420227368818e-04 -2.161383490766676061e-04 7.010461827055752304e-06 0.000000000000000000e+00 -3.825871073628831658e-04 -6.262835413101921394e-04 3.636708386970612561e-04 3.784770168761289141e-04 -1.022238801053698356e-04 6.548148557951083719e-04 -1.393112011753623201e-04 -3.314877358496552359e-04
9.855607281457703667e-04 7.438919545456273248e-04 5.591764439662065588e-04 -3.825871073628831658e-04 0.000000000000000000e+00 3.763531003311550117e-04 6.201648045774269067e-04 -5.728986577920958199e-04 -5.910410018357347382e-04 -2.293001105564861292e-04 -4.636746102980530537e-04 -1.613825883948215886e-04
8.352626039478395744e-04 -5.048506303739229211e-04 -1.398879949623831618e-03 -6.262835413101921394e-04 3.763531003311550117e-04 0.000000000000000000e+00 -8.290724055440431509e-04 -7.686357504639164222e-04 1.768675689924522137e-05 -1.056257672836110727e-03 3.381498863058684775e-04 -8.533448326619743848e-05
7.705689924112369684e-04 -3.086488882679094933e-04 4.752902655844241475e-04 3.636708386970612561e-04 6.201648045774269067e-04 -8.290724055440431509e-04 0.000000000000000000e+00 -2.025238467588775322e-04 3.680814843759459029e-04 -3.050354437764215408e-06 1.585415587827825219e-04 3.005615154564335832e-04
-3.253265209504688747e-04 6.332474017875483040e-04 -4.351249870184834955e-04 3.784770168761289141e-04 -5.728986577920958199e-04 -7.686357504639164222e-04 -2.025238467588775322e-04 0.000000000000000000e+00 8.170905385121595321e-05 -8.171452813909890929e-04 1.564695718913513688e-04 -5.614619618586925986e-04
2.298443362503009221e-04 2.327999356531186277e-04 -9.028693264723263237e-04 -1.022238801053698356e-04 -5.910410018357347382e-04 1.768675689924522137e-05 3.680814843759459029e-04 8.170905385121595321e-05 0.000000000000000000e+00 4.778771264545985612e-04 -4.587516470285215670e-05 -1.160312765009741495e-04
2.350419186435645427e-03 -4.659861568212765527e-04 -3.835296098452819439e-03 6.548148557951083719e-04 -2.293001105564861292e-04 -1.056257672836110727e-03 -3.050354437764215408e-06 -8.171452813909890929e-04 4.778771264545985612e-04 0.000000000000000000e+00 1.163784443051921495e-03 9.173276436676804698e-04
1.166008826424916409e-03 -1.028087708690971749e-04 -5.112640012994005721e-04 -1.393112011753623201e-04 -4.636746102980530537e-04 3.381498863058684775e-04 1.585415587827825219e-04 1.564695718913513688e-04 -4.587516470285215670e-05 1.163784443051921495e-03 0.000000000000000000e+00 6.445378938587617871e-04
-1.118525721510214626e-03 5.114562333811743886e-04 -3.780550821480565572e-05 -3.314877358496552359e-04 -1.613825883948215886e-04 -8.533448326619743848e-05 3.005615154564335832e-04 -5.614619618586925986e-04 -1.160312765009741495e-04 9.173276436676804698e-04 6.445378938587617871e-04 0.000000000000000000e+00
