0.000000000000000000e+00 1.204886372599143010e-03 -5.331608904331844052e-04 -3.516599758947191361e-04 -3.130865354806299829e-03 2.401040927393567875e-03 -9.240716776721180159e-04 5.503821956602890537e-04 -5.914284389938204243e-04 8.027712757892505697e-04 7.823303041991610043e-04 -8.937354544891793580e-04
1.204886372599143010e-03 0.000000000000000000e+00 -1.494411693003185775e-04 1.594737256206089915e-04 -1.836634969553966538e-04 -1.365914459035963890e-04 4.886451223839457592e-04 -1.120387599684110100e-04 -7.970390367816755346e-05 -2.917997143036075037e-04 5.221056251614637506e-04 6.341190089006329346e-05
-5.331608904331844052e-04 -1.494411693003185775e-04 0.000000000000000000e+00 -1.535319202988641516e-04 1.169892311226677093e-03 1.428349355032943130e-03 -4.168430701975718968e-04 -3.813735070599175549e-04 5.886495485128573216e-04 -5.660542090167533123e-04 7.121700772672505744e-04 -2.283756682537713102e-04
-3.516599758947191361e-04 1.594737256206089915e-04 -1.535319202988641516e-04 0.000000000000000000e+00 1.414104868512521462e-04 1.213230665472819249e-03 6.791539676661863777e-04 1.092136881532369081e-03 2.251320788755724811e-04 2.310409723843989227e-04 6.327724679390287583e-04 6.214836815543753410e-05
-3.130865354806299829e-03 -1.836634969553966538e-04 1.169892311226677093e-03 1.414104868512521462e-04 0.000000000000000000e+00 -3.531785277865033459e-03 -2.657400236475336249e-04 1.965282150196008461e-03 6.594346621599764019e-05 -9.433718154036015234e-05 -1.042177131744554753e-03 1.861103525594202078e-04
2.401040927393567875e-03 -1.365914459035963890e-04 1.428349355032943130e-03 1.213230665472819249e-03 -3.531785277865033459e-03 0.000000000000000000e+00 1.281081974653893937e-03 1.919211646291987252e-03 1.438276543140408351e-03 1.431036188865679936e-03 -1.967054731418501051e-03 -1.522603976020645792e-03
-9.240716776721180159e-04 4.886451223839457592e-04 -4.168430701975718968e-04 6.791539676661863777e-04 -2.657400236475336249e-04 1.281081974653893937e-03 0.000000000000000000e+00 5.375252659993217047e-04 -2.551279192731383634e-04 1.004888121959672645e-04 -3.691527751850899792e-04 1.983131840752965468e-04
5.503821956602890537e-04 -1.120387599684110100e-04 -3.813735070599175549e-04 1.092136881532369081e-03 1.965282150196008461e-03 1.919211646291987252e-03 5.375252659993217047e-04 0.000000000000000000e+00 7.687839028028164339e-04 -6.147887409237338344e-04 -5.261511033034207063e-04 2.905865910674421820e-05
-5.914284389938204243e-04 -7.970390367816755346e-05 5.886495485128573216e-04 2.251320788755724811e-04 6.594346621599764019e-05 1.438276543140408351e-03 -2.551279192731383634e-04 7.687839028028164339e-04 0.000000000000000000e+00 -1.914720810912091454e-04 -6.381691228924354399e-04 8.666463961706728693e-05
8.027712757892505697e-04 -2.917997143036075037e-04 -5.660542090167533123e-04 2.310409723843989227e-04 -9.433718154036015234e-05 1.431036188865679936e-03 1.004888121959672645e-04 -6.147887409237338344e-04 -1.914720810912091454e-04 0.000000000000000000e+00 -6.306549997202679642e-04 4.338236371767426394e-04
7.823303041991610043e-04 5.221056251614637506e-04 7.121700772672505744e-04 6.327724679390287583e-04 -1.042177131744554753e-03 -1.967054731418501051e-03 -3.691527751850899792e-04 -5.261511033034207063e-04 -6.381691228924354399e-04 -6.306549997202679642e-04 0.000000000000000000e+00 1.752266841598377838e-04
-8.937354544891793580e-04 6.341190089006329346e-05 -2.283756682537713102e-04 6.214836815543753410e-05 1.861103525594202078e-04 -1.522603976020645792e-03 1.983131840752965468e-04 2.905865910674421820e-05 8.666463961706728693e-05 4.338236371767426394e-04 1.752266841598377838e-04 0.000000000000000000e+00
