0.000000000000000000e+00 7.290287536898050653e-04 -1.080724384126227058e-03 -5.440844853659120841e-04 -1.736663755511222646e-03 3.865535973433299050e-03 -2.363906538823737347e-04 4.044280270529103383e-04 -7.500266274444551077e-04 -4.041403434175179911e-04 1.485600702464555172e-03 3.348396543247852421e-04
7.290287536898050653e-04 0.000000000000000000e+00 5.951054787182159626e-04 -2.223924606435842251e-04 -5.433884437810478345e-04 1.256966522716500929e-03 -3.784769976663132098e-04 8.292926764334042453e-05 3.602954623053078649e-04 2.021529419335512431e-04 -1.215206559204555525e-04 3.539377645038308158e-04
-1.080724384126227058e-03 5.951054787182159626e-04 0.000000000000000000e+00 1.778974628320617330e-04 6.980931635398727238e-04 3.249697624315123321e-04 5.219496144330562594e-04 1.164772263153291808e-03 2.668893408179932110e-04 -1.298534624732389903e-04 1.314081073912220403e-04 -2.448261605515196873e-04
-5.440844853659120841e-04 -2.223924606435842251e-04 1.778974628320617330e-04 0.000000000000000000e+00 -8.710674638845412399e-04 8.556144796871175935e-04 4.350469042732835537e-04 -1.432284278728680413e-04 1.401829409278830606e-04 -4.131302581264631262e-04 -4.862750485885737454e-04 -4.372900000425595526e-04
-1.736663755511222646e-03 -5.433884437810478345e-04 6.980931635398727238e-04 -8.710674638845412399e-04 0.000000000000000000e+00 2.224953553487910886e-03 1.222802351060764273e-04 6.558139073819504918e-04 -1.439363064611185036e-03 4.713171457803936844e-04 -6.040175210753628583e-04 2.146269134109072079e-05
3.865535973433299050e-03 1.256966522716500929e-03 3.249697624315123321e-04 8.556144796871175935e-04 2.224953553487910886e-03 0.000000000000000000e+00 1.356548510857883295e-03 -1.954181751335160521e-04 -3.608093610377168068e-05 7.305418262515965717e-04 -1.893873602738804091e-03 1.323589334892333498e-03
-2.363906538823737347e-04 -3.784769976663132098e-04 5.219496144330562594e-04 4.350469042732835537e-04 1.222802351060764273e-04 1.356548510857883295e-03 0.000000000000000000e+00 1.326122489177466546e-04 3.974087660145524895e-04 -1.992855592918123806e-04 -1.302126265050433120e-04 -1.864347618122203464e-04
4.044280270529103383e-04 8.292926764334042453e-05 1.164772263153291808e-03 -1.432284278728680413e-04 6.558139073819504918e-04 -1.954181751335160521e-04 1.326122489177466546e-04 0.000000000000000000e+00 -5.131846313892654944e-04 -3.512016082478612447e-04 1.219571470071090528e-04 -8.063219332155251813e-04
-7.500266274444551077e-04 3.602954623053078649e-04 2.668893408179932110e-04 1.401829409278830606e-04 -1.439363064611185036e-03 -3.608093610377168068e-05 3.974087660145524895e-04 -5.131846313892654944e-04 0.000000000000000000e+00 -1.657765431441361867e-04 1.871319650024242363e-05 1.759512517225404456e-04
-4.041403434175179911e-04 2.021529419335512431e-04 -1.298534624732389903e-04 -4.131302581264631262e-04 4.713171457803936844e-04 7.305418262515965717e-04 -1.992855592918123806e-04 -3.512016082478612447e-04 -1.657765431441361867e-04 0.000000000000000000e+00 -1.294688122527674207e-03 -1.582519401287250111e-05
1.485600702464555172e-03 -1.215206559204555525e-04 1.314081073912220403e-04 -4.862750485885737454e-04 -6.040175210753628583e-04 -1.893873602738804091e-03 -1.302126265050433120e-04 1.219571470071090528e-04 1.871319650024242363e-05 -1.294688122527674207e-03 0.000000000000000000e+00 -3.700448371361053732e-04
3.348396543247852421e-04 3.539377645038308158e-04 -2.448261605515196873e-04 -4.372900000425595526e-04 2.146269134109072079e-05 1.323589334892333498e-03 -1.864347618122203464e-04 -8.063219332155251813e-04 1.759512517225404456e-04 -1.582519401287250111e-05 -3.700448371361053732e-04 0.000000000000000000e+00
