0.000000000000000000e+00 -1.761005999596520929e-05 -6.037653438258255888e-04 -9.706344141926295799e-04 -3.355581541034120666e-04 1.258843675470990497e-03 1.306735525260404023e-03 -2.883418015494138204e-04 -3.636826042384361333e-04 -4.618880289278862704e-04 7.103827038353129108e-04 4.800058230157658182e-04
-1.761005999596520929e-05 0.000000000000000000e+00 -8.994425688757135971e-05 -2.120602704811577342e-04 2.557779399126339443e-04 5.482417616768428927e-04 -5.332498016532790270e-05 -9.056698987439690089e-05 8.729503555061373277e-05 2.508651883482498294e-04 1.041655145743487239e-04 3.325760372921204045e-06
-6.037653438258255888e-04 -8.994425688757135971e-05 0.000000000000000000e+00 -2.562386642131173368e-04 -1.149732443166837526e-03 -2.202241115596659162e-03 2.110588243267655633e-04 -9.564189822103294578e-04 2.673586066111399923e-04 3.907192220775783701e-04 5.299674389870932074e-04 -1.307463330404641283e-04
-9.706344141926295799e-04 -2.120602704811577342e-04 -2.562386642131173368e-04 0.000000000000000000e+00 -1.031355077707611417e-04 6.461813469523077164e-04 -1.364339680369585218e-04 7.341730528875495569e-04 -2.223870962896863179e-04 2.195040429582507577e-04 -1.393309542875303811e-04 -2.789302056694500996e-04
-3.355581541034120666e-04 2.557779399126339443e-04 -1.149732443166837526e-03 -1.031355077707611417e-04 0.000000000000000000e+00 -1.955661300987913877e-03 -7.455386879438912315e-06 1.108235507070527226e-03 8.361250171554426023e-04 -5.936719643384773867e-04 1.241715254997804128e-03 -6.261519698653609037e-04
1.258843675470990497e-03 5.482417616768428927e-04 -2.202241115596659162e-03 6.461813469523077164e-04 -1.955661300987913877e-03 0.000000000000000000e+00 -1.923704984896729966e-03 -3.203780206001800943e-03 -2.110255999771877816e-03 -7.385145682617227361e-04 -5.618872557549923347e-04 -9.686025588039971551e-04
1.306735525260404023e-03 -5.332498016532790270e-05 2.110588243267655633e-04 -1.364339680369585218e-04 -7.455386879438912315e-06 -1.923704984896729966e-03 0.000000000000000000e+00 1.127551150813316336e-03 -4.775811672313068530e-04 -8.632856535160205813e-05 8.994736603031326183e-05 -2.905741586326042176e-04
-2.883418015494138204e-04 -9.056698987439690089e-05 -9.564189822103294578e-04 7.341730528875495569e-04 1.108235507070527226e-03 -3.203780206001800943e-03 1.127551150813316336e-03 0.000000000000000000e+00 -4.595028535788250055e-04 1.057435922590588468e-04 -1.035635085849168080e-03 6.319672845314931904e-04
-3.636826042384361333e-04 8.729503555061373277e-05 2.673586066111399923e-04 -2.223870962896863179e-04 8.361250171554426023e-04 -2.110255999771877816e-03 -4.775811672313068530e-04 -4.595028535788250055e-04 0.000000000000000000e+00 -6.512985055151124063e-05 5.451216741448787831e-04 2.265458632797044290e-04
-4.618880289278862704e-04 2.508651883482498294e-04 3.907192220775783701e-04 2.195040429582507577e-04 -5.936719643384773867e-04 -7.385145682617227361e-04 -8.632856535160205813e-05 1.057435922590588468e-04 -6.512985055151124063e-05 0.000000000000000000e+00 -1.806669073545342618e-04 5.679919383251919095e-05
7.103827038353129108e-04 1.041655145743487239e-04 5.299674389870932074e-04 -1.393309542875303811e-04 1.241715254997804128e-03 -5.618872557549923347e-04 8.994736603031326183e-05 -1.035635085849168080e-03 5.451216741448787831e-04 -1.806669073545342618e-04 0.000000000000000000e+00 -1.397334550001560539e-04
4.800058230157658182e-04 3.325760372921204045e-06 -1.307463330404641283e-04 -2.789302056694500996e-04 -6.261519698653609037e-04 -9.686025588039971551e-04 -2.905741586326042176e-04 6.319672845314931904e-04 2.265458632797044290e-04 5.679919383251919095e-05 -1.397334550001560539e-04 0.000000000000000000e+00
