0.000000000000000000e+00 1.017660432340086784e-03 1.196545068842386032e-03 3.774896087215972749e-04 2.111500953059057550e-03 -1.630999225027867814e-03 2.871199913659226895e-04 -8.278607840210337829e-04 -1.165967773056378418e-03 5.690259757609905829e-04 -4.283933322916107884e-04 3.270198425881664013e-04
1.017660432340086784e-03 0.000000000000000000e+00 -1.633155078880508474e-04 1.104108034805441915e-04 2.471940767072729173e-04 2.559666482749607805e-04 4.060855644666413826e-04 -3.442579104579823832e-04 -3.357143589772010106e-05 -3.326826522927420616e-04 -2.175186811586679223e-04 4.374655569497937929e-04
1.196545068842386032e-03 -1.633155078880508474e-04 0.000000000000000000e+00 1.223967374316683673e-04 8.081381577504751380e-04 5.864221741420591345e-04 2.755593057097769196e-04 -6.356246209458178741e-04 -4.678325960739443293e-04 -7.692471435596532898e-05 -4.036000474486924343e-04 -6.188420032703243140e-04
3.774896087215972749e-04 1.104108034805441915e-04 1.223967374316683673e-04 0.000000000000000000e+00 7.710181579545732997e-05 -1.005397313651564895e-03 3.725713898929566056e-04 4.126777760308121947e-05 4.425615535638022393e-05 4.124171163418213141e-04 2.366161725104836669e-04 -3.539490502040884405e-04
2.111500953059057550e-03 2.471940767072729173e-04 8.081381577504751380e-04 7.710181579545732997e-05 0.000000000000000000e+00 -2.371496457302514280e-03 -9.422921360224150757e-04 5.538856202618258964e-04 -1.140111069687474888e-04 8.270107244256410953e-04 1.215954089903199814e-04 2.744467744773446908e-04
-1.630999225027867814e-03 2.559666482749607805e-04 5.864221741420591345e-04 -1.005397313651564895e-03 -2.371496457302514280e-03 0.000000000000000000e+00 -1.861529868285733249e-03 -2.218285318971917851e-03 -6.186488505070601414e-04 3.771683206150791274e-04 2.255884637479415873e-04 4.539332161563525343e-04
2.871199913659226895e-04 4.060855644666413826e-04 2.755593057097769196e-04 3.725713898929566056e-04 -9.422921360224150757e-04 -1.861529868285733249e-03 0.000000000000000000e+00 8.744639479122180313e-04 -1.258034197362527143e-04 -7.018322529313226945e-04 -5.956925506584305171e-04 1.037443305357395817e-04
-8.278607840210337829e-04 -3.442579104579823832e-04 -6.356246209458178741e-04 4.126777760308121947e-05 5.538856202618258964e-04 -2.218285318971917851e-03 8.744639479122180313e-04 0.000000000000000000e+00 -9.376976566634567150e-04 3.639062203742885284e-04 1.540968874095807869e-03 -2.526539180066399788e-04
-1.165967773056378418e-03 -3.357143589772010106e-05 -4.678325960739443293e-04 4.425615535638022393e-05 -1.140111069687474888e-04 -6.186488505070601414e-04 -1.258034197362527143e-04 -9.376976566634567150e-04 0.000000000000000000e+00 -2.825081816197732567e-04 -7.335990466908334177e-04 -2.980014100953455353e-04
5.690259757609905829e-04 -3.326826522927420616e-04 -7.692471435596532898e-05 4.124171163418213141e-04 8.270107244256410953e-04 3.771683206150791274e-04 -7.018322529313226945e-04 3.639062203742885284e-04 -2.825081816197732567e-04 0.000000000000000000e+00 -2.671511347633712292e-04 -2.244499785364260068e-04
-4.283933322916107884e-04 -2.175186811586679223e-04 -4.036000474486924343e-04 2.366161725104836669e-04 1.215954089903199814e-04 2.255884637479415873e-04 -5.956925506584305171e-04 1.540968874095807869e-03 -7.335990466908334177e-04 -2.671511347633712292e-04 0.000000000000000000e+00 1.449751503031331803e-04
3.270198425881664013e-04 4.374655569497937929e-04 -6.188420032703243140e-04 -3.539490502040884405e-04 2.744467744773446908e-04 4.539332161563525343e-04 1.037443305357395817e-04 -2.526539180066399788e-04 -2.980014100953455353e-04 -2.244499785364260068e-04 1.449751503031331803e-04 0.000000000000000000e+00
