0.000000000000000000e+00 -1.426366877366345629e-04 -6.065037107631691222e-04 2.998421408830231633e-04 4.892937404985011869e-04 8.003934866185356334e-05 4.230730493420639020e-04 5.370496453936815864e-04 1.851341314812990618e-03 -2.121084190121464547e-04 -3.595873316809909117e-04 9.555167244705238051e-05
-1.426366877366345629e-04 0.000000000000000000e+00 -1.135174028638723633e-03 -5.806250929261033136e-04 -2.525837613932568372e-04 1.031168355636940528e-03 -5.419377441275325270e-04 1.041738333840219418e-04 1.932966742914212725e-03 -3.017701011738595793e-04 8.871418271864355953e-04 7.514985744150273371e-04
-6.065037107631691222e-04 -1.135174028638723633e-03 0.000000000000000000e+00 -2.245377405625292096e-04 -5.544530354949917103e-04 5.554170166995143825e-04 -6.438294063589989182e-04 2.255500787064637711e-04 1.969704600616078213e-03 -3.601745522348372835e-04 1.055184055107716594e-03 -5.523782956439233669e-04
2.998421408830231633e-04 -5.806250929261033136e-04 -2.245377405625292096e-04 0.000000000000000000e+00 -3.042412983492785876e-05 -7.872125282131215145e-05 1.678794260056833557e-05 -2.268369530826367189e-04 -6.302841683988618564e-04 -2.827781766244823690e-04 1.268436066825555028e-03 -1.696112719575393194e-05
4.892937404985011869e-04 -2.525837613932568372e-04 -5.544530354949917103e-04 -3.042412983492785876e-05 0.000000000000000000e+00 -6.347552247754228603e-04 -7.253736138739134759e-04 1.645153769040115337e-04 -5.801946384898558438e-04 1.056505208972670015e-03 -9.147230210298284763e-04 1.024650291972540190e-04
8.003934866185356334e-05 1.031168355636940528e-03 5.554170166995143825e-04 -7.872125282131215145e-05 -6.347552247754228603e-04 0.000000000000000000e+00 -2.698448390923466984e-04 1.808533740480684771e-04 8.789114009945296971e-04 -9.141722820088606961e-04 -2.117036432541731419e-04 -7.585237478745155597e-04
4.230730493420639020e-04 -5.419377441275325270e-04 -6.438294063589989182e-04 1.678794260056833557e-05 -7.253736138739134759e-04 -2.698448390923466984e-04 0.000000000000000000e+00 -4.314947446628368587e-04 1.511681108332244830e-03 1.169504565482108868e-03 -5.811049276486843608e-04 -3.386677497055891827e-04
5.370496453936815864e-04 1.041738333840219418e-04 2.255500787064637711e-04 -2.268369530826367189e-04 1.645153769040115337e-04 1.808533740480684771e-04 -4.314947446628368587e-04 0.000000000000000000e+00 6.909857007294768023e-04 -1.074832434197570217e-04 -2.808454241973182210e-04 -9.497157538913782762e-06
1.851341314812990618e-03 1.932966742914212725e-03 1.969704600616078213e-03 -6.302841683988618564e-04 -5.801946384898558438e-04 8.789114009945296971e-04 1.511681108332244830e-03 6.909857007294768023e-04 0.000000000000000000e+00 2.727448437939982394e-03 -7.943599479139332349e-04 2.950592019009752901e-04
-2.121084190121464547e-04 -3.017701011738595793e-04 -3.601745522348372835e-04 -2.827781766244823690e-04 1.056505208972670015e-03 -9.141722820088606961e-04 1.169504565482108868e-03 -1.074832434197570217e-04 2.727448437939982394e-03 0.000000000000000000e+00 1.316108124762424428e-03 -2.839859419690816738e-04
-3.595873316809909117e-04 8.871418271864355953e-04 1.055184055107716594e-03 1.268436066825555028e-03 -9.147230210298284763e-04 -2.117036432541731419e-04 -5.811049276486843608e-04 -2.808454241973182210e-04 -7.943599479139332349e-04 1.316108124762424428e-03 0.000000000000000000e+00 9.371907745716108885e-05
9.555167244705238051e-05 7.514985744150273371e-04 -5.523782956439233669e-04 -1.696112719575393194e-05 1.024650291972540190e-04 -7.585237478745155597e-04 -3.386677497055891827e-04 -9.497157538913782762e-06 2.950592019009752901e-04 -2.839859419690816738e-04 9.371907745716108885e-05 0.000000000000000000e+00
