0.000000000000000000e+00 -4.589891863744845093e-04 1.830394190511651538e-04 -6.536850918003277427e-04 -1.891159355575407880e-04 1.369548429333156863e-03 -2.689708011000277259e-04 2.001945899129190789e-04 -3.801145147923985692e-04 8.734185308478577964e-04 -1.678986875631276188e-04 -2.898013343725715476e-05
-4.589891863744845093e-04 0.000000000000000000e+00 1.777653628932457841e-04 1.330699651188851018e-04 7.964295496252864464e-04 1.339573077345413321e-04 -1.985017783529531240e-04 2.555206428450002335e-04 -5.177843790337561787e-04 7.306295546400913966e-05 -1.824932337527102651e-04 -1.031799355404241754e-03
1.830394190511651538e-04 1.777653628932457841e-04 0.000000000000000000e+00 -2.108685853355948413e-04 -7.970947899596395134e-04 -4.170656704093088970e-05 -1.280445057285733729e-03 -5.622036509409026857e-04 1.749034095502692565e-03 9.255769479798560753e-04 9.998346159006896161e-04 -3.210869546303024829e-04
-6.536850918003277427e-04 1.330699651188851018e-04 -2.108685853355948413e-04 0.000000000000000000e+00 -9.497104289511355021e-05 6.298011065483317180e-04 5.439144541513178405e-04 7.192002061609246207e-04 -2.709527058631017236e-04 -5.629188320120790583e-04 4.931810354156726528e-04 -5.586516664816287446e-05
-1.891159355575407880e-04 7.964295496252864464e-04 -7.970947899596395134e-04 -9.497104289511355021e-05 0.000000000000000000e+00 -6.199345337976288652e-04 -2.370977727728642236e-04 2.463258394163927696e-04 -8.370047432822275667e-04 -1.042791023788668949e-04 2.904702356774780509e-04 -3.022506883487927347e-04
1.369548429333156863e-03 1.339573077345413321e-04 -4.170656704093088970e-05 6.298011065483317180e-04 -6.199345337976288652e-04 0.000000000000000000e+00 -2.456151336652818312e-04 3.942457435747237027e-04 1.823196022490362238e-03 -6.307211352129249438e-04 -2.503544098892812575e-04 6.935080315717099967e-04
-2.689708011000277259e-04 -1.985017783529531240e-04 -1.280445057285733729e-03 5.439144541513178405e-04 -2.370977727728642236e-04 -2.456151336652818312e-04 0.000000000000000000e+00 4.154587156950968882e-04 4.483071422983870483e-06 1.079968055918389003e-03 4.696366245062779635e-04 5.786473213084127694e-05
2.001945899129190789e-04 2.555206428450002335e-04 -5.622036509409026857e-04 7.192002061609246207e-04 2.463258394163927696e-04 3.942457435747237027e-04 4.154587156950968882e-04 0.000000000000000000e+00 5.668982815312749966e-04 4.528821660897443258e-04 -2.160147688155599844e-04 3.239405332819156888e-04
-3.801145147923985692e-04 -5.177843790337561787e-04 1.749034095502692565e-03 -2.709527058631017236e-04 -8.370047432822275667e-04 1.823196022490362238e-03 4.483071422983870483e-06 5.668982815312749966e-04 0.000000000000000000e+00 4.235296713147773033e-05 1.960269965431512672e-03 -1.161130874848273920e-03
8.734185308478577964e-04 7.306295546400913966e-05 9.255769479798560753e-04 -5.629188320120790583e-04 -1.042791023788668949e-04 -6.307211352129249438e-04 1.079968055918389003e-03 4.528821660897443258e-04 4.235296713147773033e-05 0.000000000000000000e+00 -1.022149476106535030e-03 -2.545942064098780360e-04
-1.678986875631276188e-04 -1.824932337527102651e-04 9.998346159006896161e-04 4.931810354156726528e-04 2.904702356774780509e-04 -2.503544098892812575e-04 4.696366245062779635e-04 -2.160147688155599844e-04 1.960269965431512672e-03 -1.022149476106535030e-03 0.000000000000000000e+00 -2.583327590395797309e-04
-2.898013343725715476e-05 -1.031799355404241754e-03 -3.210869546303024829e-04 -5.586516664816287446e-05 -3.022506883487927347e-04 6.935080315717099967e-04 5.786473213084127694e-05 3.239405332819156888e-04 -1.161130874848273920e-03 -2.545942064098780360e-04 -2.583327590395797309e-04 0.000000000000000000e+00
