0.000000000000000000e+00 -6.849769924184935304e-04 9.812446136902514340e-04 4.592985202482619434e-05 1.273949594268938281e-04 5.910419801668558232e-04 -1.614406167518920969e-04 -1.554255784992090907e-04 -1.520723034547137803e-03 5.238196163332776208e-04 4.189980105409806476e-04 -1.887115832298433790e-06
-6.849769924184935304e-04 0.000000000000000000e+00 -9.194547155180113731e-04 2.911508057555077284e-04 3.087698347526044123e-04 2.794325804161988040e-04 2.425219429048534165e-04 6.360416887450130122e-04 -1.283779457929063459e-03 2.063110127519204612e-04 -1.339759535864071477e-03 1.799207108337506651e-05
9.812446136902514340e-04 -9.194547155180113731e-04 0.000000000000000000e+00 -4.856994964573925293e-04 7.633268197555602430e-04 -3.646640543445373375e-04 7.478218772135349600e-04 7.716566492516198188e-04 2.241382497835392310e-04 -1.929445686564150702e-03 5.465324892439717966e-04 2.854987417193860207e-04
4.592985202482619434e-05 2.911508057555077284e-04 -4.856994964573925293e-04 0.000000000000000000e+00 -6.928414786663344635e-04 -1.704442928561912931e-04 -3.661877615369742373e-04 3.842322671606125651e-05 -1.440442401647655350e-03 -7.950120088441991334e-04 8.041084674904058630e-04 3.349124240347152535e-04
1.273949594268938281e-04 3.087698347526044123e-04 7.633268197555602430e-04 -6.928414786663344635e-04 0.000000000000000000e+00 -1.991282173510876437e-04 -1.976070257372812371e-04 1.972412897948714943e-04 -1.553991717688276873e-03 5.655938708380539885e-04 7.415419293660831896e-04 -1.337769353744464105e-05
5.910419801668558232e-04 2.794325804161988040e-04 -3.646640543445373375e-04 -1.704442928561912931e-04 -1.991282173510876437e-04 0.000000000000000000e+00 1.026521257685398272e-06 3.724193100119272347e-04 -1.207703604237324530e-03 -4.764628618835916837e-05 -9.220473324278858403e-04 2.601592890216328398e-04
-1.614406167518920969e-04 2.425219429048534165e-04 7.478218772135349600e-04 -3.661877615369742373e-04 -1.976070257372812371e-04 1.026521257685398272e-06 0.000000000000000000e+00 -8.883547494546045493e-05 1.363408310207183164e-04 1.214354789389592574e-04 -5.037674120512713755e-04 -3.993381238087615869e-04
-1.554255784992090907e-04 6.360416887450130122e-04 7.716566492516198188e-04 3.842322671606125651e-05 1.972412897948714943e-04 3.724193100119272347e-04 -8.883547494546045493e-05 0.000000000000000000e+00 -6.151752810301395124e-04 -7.101802152916203946e-04 -5.063671276201187630e-04 1.613013943105114133e-04
-1.520723034547137803e-03 -1.283779457929063459e-03 2.241382497835392310e-04 -1.440442401647655350e-03 -1.553991717688276873e-03 -1.207703604237324530e-03 1.363408310207183164e-04 -6.151752810301395124e-04 0.000000000000000000e+00 -1.096090040686973840e-03 -2.989291167288263794e-03 5.972529047959944685e-04
5.238196163332776208e-04 2.063110127519204612e-04 -1.929445686564150702e-03 -7.950120088441991334e-04 5.655938708380539885e-04 -4.764628618835916837e-05 1.214354789389592574e-04 -7.101802152916203946e-04 -1.096090040686973840e-03 0.000000000000000000e+00 -1.839680708529460368e-03 -5.626688279567407930e-05
4.189980105409806476e-04 -1.339759535864071477e-03 5.465324892439717966e-04 8.041084674904058630e-04 7.415419293660831896e-04 -9.220473324278858403e-04 -5.037674120512713755e-04 -5.063671276201187630e-04 -2.989291167288263794e-03 -1.839680708529460368e-03 0.000000000000000000e+00 -7.633855980450189940e-04
-1.887115832298433790e-06 1.799207108337506651e-05 2.854987417193860207e-04 3.349124240347152535e-04 -1.337769353744464105e-05 2.601592890216328398e-04 -3.993381238087615869e-04 1.613013943105114133e-04 5.972529047959944685e-04 -5.626688279567407930e-05 -7.633855980450189940e-04 0.000000000000000000e+00
