0.000000000000000000e+00 -4.028020250985714384e-05 5.651333489758284846e-04 -5.212451254749721289e-05 6.131814057325953851e-04 8.079200045633084474e-04 -2.160222218717486884e-04 -2.392254319510663332e-04 -1.052222317389084425e-03 4.413905944463413270e-04 7.306544675631482071e-04 -5.181112720374808937e-04
-4.028020250985714384e-05 0.000000000000000000e+00 5.183065800264170407e-04 8.892533473813507138e-05 7.783595475384180945e-04 -2.107077036182286231e-04 -3.683364989058260808e-04 2.328965920908649854e-04 1.006187500692862788e-03 1.056008377834896823e-03 9.110325117290570115e-04 1.394355931779124786e-04
5.651333489758284846e-04 5.183065800264170407e-04 0.000000000000000000e+00 9.435544903088479785e-04 -4.557954276888494466e-04 1.652723240914730912e-03 -4.657702949413710302e-04 -5.640302655337544680e-04 3.888561693220185696e-03 -5.096590617377934600e-04 -1.056095809310513521e-03 -3.519222737554478854e-05
-5.212451254749721289e-05 8.892533473813507138e-05 9.435544903088479785e-04 0.000000000000000000e+00 2.559145379223561300e-05 5.946611107787104413e-04 5.674727360917547871e-04 2.778858162296657928e-04 5.008158197018702318e-04 4.986695107461148677e-04 -1.395566547154490980e-03 1.050260940642754799e-05
6.131814057325953851e-04 7.783595475384180945e-04 -4.557954276888494466e-04 2.559145379223561300e-05 0.000000000000000000e+00 5.884980072758384763e-04 6.205545486384652742e-05 -4.751574009058688640e-05 -6.501912178230670339e-04 3.609549026325346616e-04 1.051880044211200827e-04 -3.636708228885027466e-04
8.079200045633084474e-04 -2.107077036182286231e-04 1.652723240914730912e-03 5.946611107787104413e-04 5.884980072758384763e-04 0.000000000000000000e+00 2.845489212574692098e-04 1.501676682228055535e-04 1.204363461576808637e-03 6.310962222003887751e-04 2.696908901188771208e-03 5.768153399186145800e-06
-2.160222218717486884e-04 -3.683364989058260808e-04 -4.657702949413710302e-04 5.674727360917547871e-04 6.205545486384652742e-05 2.845489212574692098e-04 0.000000000000000000e+00 5.205246542006336530e-05 5.067192931515276683e-04 1.234723877158712272e-03 1.357236008459960326e-04 -4.599830458368415012e-05
-2.392254319510663332e-04 2.328965920908649854e-04 -5.640302655337544680e-04 2.778858162296657928e-04 -4.751574009058688640e-05 1.501676682228055535e-04 5.205246542006336530e-05 0.000000000000000000e+00 -6.509449752474483165e-04 -1.393666529572162166e-04 4.562426386697894856e-05 -1.155279003364308908e-04
-1.052222317389084425e-03 1.006187500692862788e-03 3.888561693220185696e-03 5.008158197018702318e-04 -6.501912178230670339e-04 1.204363461576808637e-03 5.067192931515276683e-04 -6.509449752474483165e-04 0.000000000000000000e+00 2.582228321239377327e-03 2.302703235325843142e-03 3.640726758143702927e-04
4.413905944463413270e-04 1.056008377834896823e-03 -5.096590617377934600e-04 4.986695107461148677e-04 3.609549026325346616e-04 6.310962222003887751e-04 1.234723877158712272e-03 -1.393666529572162166e-04 2.582228321239377327e-03 0.000000000000000000e+00 6.626748185668443307e-04 1.155546263655209344e-03
7.306544675631482071e-04 9.110325117290570115e-04 -1.056095809310513521e-03 -1.395566547154490980e-03 1.051880044211200827e-04 2.696908901188771208e-03 1.357236008459960326e-04 4.562426386697894856e-05 2.302703235325843142e-03 6.626748185668443307e-04 0.000000000000000000e+00 3.206392487298291094e-04
-5.181112720374808937e-04 1.394355931779124786e-04 -3.519222737554478854e-05 1.050260940642754799e-05 -3.636708228885027466e-04 5.768153399186145800e-06 -4.599830458368415012e-05 -1.155279003364308908e-04 3.640726758143702927e-04 1.155546263655209344e-03 3.206392487298291094e-04 0.000000000000000000e+00
