0.000000000000000000e+00 -7.409902204153038120e-04 -5.659101765961899091e-04 9.738892497478272630e-04 1.451323254291057472e-05 -2.277490494313249094e-04 1.268166816530756462e-04 3.392339168456169065e-05 2.464164995208002187e-04 5.256355528744495551e-04 6.082623689373885994e-04 -2.248615340269213446e-04
-7.409902204153038120e-04 0.000000000000000000e+00 4.191487917296146817e-05 -6.058040637850539689e-05 9.430681862029915334e-04 5.030713264139867772e-04 -7.360712261930030557e-04 1.538199696896076622e-04 6.450366835824292502e-04 -1.351417766057904117e-03 8.483326021593389204e-04 4.838590903678781688e-04
-5.659101765961899091e-04 4.191487917296146817e-05 0.000000000000000000e+00 -1.541150410115241058e-03 -7.814966825892904426e-04 -2.476461500575239793e-03 5.882564903985099949e-04 9.891872406883404207e-05 2.164563659684305003e-03 -1.732594389699164275e-03 3.086723003606211668e-03 2.242967355357499510e-04
9.738892497478272630e-04 -6.058040637850539689e-05 -1.541150410115241058e-03 0.000000000000000000e+00 3.294764182256109232e-04 2.275041579350981888e-05 3.170849522781211602e-05 -2.811350722252489590e-04 -1.825063881344723580e-03 1.612492139649552376e-04 1.158257900230721341e-03 2.648408212739921373e-04
1.451323254291057472e-05 9.430681862029915334e-04 -7.814966825892904426e-04 3.294764182256109232e-04 0.000000000000000000e+00 -6.318082629432083099e-04 -5.168450357096922992e-04 3.453855204909689835e-04 5.995299532334569161e-04 -4.938740697243397000e-05 -2.771919811450751611e-04 -1.090762349409467061e-05
-2.277490494313249094e-04 5.030713264139867772e-04 -2.476461500575239793e-03 2.275041579350981888e-05 -6.318082629432083099e-04 0.000000000000000000e+00 -1.584219666046781684e-04 -3.837815085850075267e-04 -2.720895848653962727e-03 -1.503354741260955977e-03 -9.462541037253618470e-04 1.563558671381665047e-04
1.268166816530756462e-04 -7.360712261930030557e-04 5.882564903985099949e-04 3.170849522781211602e-05 -5.168450357096922992e-04 -1.584219666046781684e-04 0.000000000000000000e+00 8.559033942222757352e-05 1.194844698941740450e-03 -4.741741694524120128e-04 -7.877121535045124691e-04 -2.594122246083425476e-04
3.392339168456169065e-05 1.538199696896076622e-04 9.891872406883404207e-05 -2.811350722252489590e-04 3.453855204909689835e-04 -3.837815085850075267e-04 8.559033942222757352e-05 0.000000000000000000e+00 3.688582669862863756e-05 3.886938399164985617e-04 1.532426141450290630e-05 -2.534398838166963125e-04
2.464164995208002187e-04 6.450366835824292502e-04 2.164563659684305003e-03 -1.825063881344723580e-03 5.995299532334569161e-04 -2.720895848653962727e-03 1.194844698941740450e-03 3.688582669862863756e-05 0.000000000000000000e+00 3.000476553944705395e-03 -2.513600531631106708e-03 1.490271058556769286e-03
5.256355528744495551e-04 -1.351417766057904117e-03 -1.732594389699164275e-03 1.612492139649552376e-04 -4.938740697243397000e-05 -1.503354741260955977e-03 -4.741741694524120128e-04 3.886938399164985617e-04 3.000476553944705395e-03 0.000000000000000000e+00 6.284279924861628400e-05 -7.348049348720043887e-04
6.082623689373885994e-04 8.483326021593389204e-04 3.086723003606211668e-03 1.158257900230721341e-03 -2.771919811450751611e-04 -9.462541037253618470e-04 -7.877121535045124691e-04 1.532426141450290630e-05 -2.513600531631106708e-03 6.284279924861628400e-05 0.000000000000000000e+00 -1.126514902734478731e-04
-2.248615340269213446e-04 4.838590903678781688e-04 2.242967355357499510e-04 2.648408212739921373e-04 -1.090762349409467061e-05 1.563558671381665047e-04 -2.594122246083425476e-04 -2.534398838166963125e-04 1.490271058556769286e-03 -7.348049348720043887e-04 -1.126514902734478731e-04 0.000000000000000000e+00
