0.000000000000000000e+00 -7.568951423816668370e-04 -6.479239551088332872e-04 2.760522970755105595e-04 -1.800216223241607265e-04 2.288712556897358127e-03 1.632866889011123576e-03 4.804266663380960260e-04 -2.675662558034079975e-03 7.277334705102226275e-04 -6.625097656920867027e-04 1.804735932376134652e-03
-7.568951423816668370e-04 0.000000000000000000e+00 -2.272943575846142180e-04 5.891395346036819866e-04 -1.750488378609975641e-04 8.395336262479779002e-04 4.129045074282211483e-04 2.387230236742052128e-04 4.552902168304621814e-04 -4.369051464629307782e-04 2.286570536420224405e-04 -1.167381126126199433e-03
-6.479239551088332872e-04 -2.272943575846142180e-04 0.000000000000000000e+00 1.344247913986766391e-04 -6.295338426989434411e-04 7.324800338891668434e-05 -1.315737335874236989e-04 -6.848476454257234301e-04 -6.925239553523055216e-04 -1.276615045869732208e-04 1.085725699252484234e-04 8.143672098328061642e-05
2.760522970755105595e-04 5.891395346036819866e-04 1.344247913986766391e-04 0.000000000000000000e+00 -2.222879498964408778e-04 6.045427795439402632e-05 7.472051639280036846e-04 7.146252466218622917e-05 4.642516948790838499e-04 1.865034605292122311e-04 4.985760309245735895e-04 -8.323321863359812306e-04
-1.800216223241607265e-04 -1.750488378609975641e-04 -6.295338426989434411e-04 -2.222879498964408778e-04 0.000000000000000000e+00 6.272124803724337099e-04 2.079357554883743818e-04 -2.470541656240066663e-04 -2.087676756845834546e-05 -7.069084545082295978e-05 -4.411522824604255670e-05 -7.689000068876966718e-04
2.288712556897358127e-03 8.395336262479779002e-04 7.324800338891668434e-05 6.045427795439402632e-05 6.272124803724337099e-04 0.000000000000000000e+00 2.028131948814905950e-04 8.438056621026400646e-04 1.332488096351593966e-03 7.676936924822141050e-04 -2.203970793558739677e-05 2.256900746206662051e-03
1.632866889011123576e-03 4.129045074282211483e-04 -1.315737335874236989e-04 7.472051639280036846e-04 2.079357554883743818e-04 2.028131948814905950e-04 0.000000000000000000e+00 -3.862697820858216799e-04 -7.994130561919969222e-04 -1.477934728384885910e-04 -2.796444726922332909e-04 -3.821056104240657205e-04
4.804266663380960260e-04 2.387230236742052128e-04 -6.848476454257234301e-04 7.146252466218622917e-05 -2.470541656240066663e-04 8.438056621026400646e-04 -3.862697820858216799e-04 0.000000000000000000e+00 8.665095712315264978e-04 -3.381272498901690196e-04 -1.304345413565073295e-04 3.110615835824882239e-04
-2.675662558034079975e-03 4.552902168304621814e-04 -6.925239553523055216e-04 4.642516948790838499e-04 -2.087676756845834546e-05 1.332488096351593966e-03 -7.994130561919969222e-04 8.665095712315264978e-04 0.000000000000000000e+00 7.672684037306546885e-04 -8.105429381201473531e-04 1.912325063297214351e-03
7.277334705102226275e-04 -4.369051464629307782e-04 -1.276615045869732208e-04 1.865034605292122311e-04 -7.069084545082295978e-05 7.676936924822141050e-04 -1.477934728384885910e-04 -3.381272498901690196e-04 7.672684037306546885e-04 0.000000000000000000e+00 -1.431301385958327205e-04 7.630097302337854803e-04
-6.625097656920867027e-04 2.286570536420224405e-04 1.085725699252484234e-04 4.985760309245735895e-04 -4.411522824604255670e-05 -2.203970793558739677e-05 -2.796444726922332909e-04 -1.304345413565073295e-04 -8.105429381201473531e-04 -1.431301385958327205e-04 0.000000000000000000e+00 -1.576463966612650118e-03
1.804735932376134652e-03 -1.167381126126199433e-03 8.143672098328061642e-05 -8.323321863359812306e-04 -7.689000068876966718e-04 2.256900746206662051e-03 -3.821056104240657205e-04 3.110615835824882239e-04 1.912325063297214351e-03 7.630097302337854803e-04 -1.576463966612650118e-03 0.000000000000000000e+00
