0.000000000000000000e+00 -2.713547017517672823e-04 -2.316294116969363007e-03 -4.901071790634817498e-04 3.133243554825136212e-04 -1.529161216855874639e-03 1.286076205839733425e-03 -5.730136507610905606e-04 4.882452967585467710e-04 1.129205468550133359e-04 1.144145065190988516e-03 -1.337820746279498249e-03
-2.713547017517672823e-04 0.000000000000000000e+00 -9.845530590944793006e-04 -3.280776872607039907e-04 -1.276791461270479976e-04 -7.001543149109651755e-04 -1.338703418260884213e-04 6.660214152584434475e-04 2.754192631820240799e-04 4.574522488023562508e-05 -5.535301584812612032e-04 -4.810603235479070047e-04
-2.316294116969363007e-03 -9.845530590944793006e-04 0.000000000000000000e+00 4.419559581856960496e-05 1.102501599576187209e-04 -1.544835772205810408e-03 -6.637820071338221468e-05 -1.949546880363926208e-04 -1.484078770186826645e-03 3.438398144393700834e-04 5.822948779108882652e-05 2.052939900591839537e-03
-4.901071790634817498e-04 -3.280776872607039907e-04 4.419559581856960496e-05 0.000000000000000000e+00 -2.074815563080817144e-04 1.394541719664562253e-05 4.707068201950716257e-05 2.834849520453551746e-04 -2.127713812356280270e-04 -3.793073406684291274e-04 5.352981800107461333e-04 -1.983775377257581958e-04
3.133243554825136212e-04 -1.276791461270479976e-04 1.102501599576187209e-04 -2.074815563080817144e-04 0.000000000000000000e+00 3.353712778539641188e-04 -3.672303051347981990e-04 8.784040153054386668e-05 -4.702206055262943426e-04 -3.901993619261306489e-04 -1.848042201543957457e-04 2.157335414200445018e-04
-1.529161216855874639e-03 -7.001543149109651755e-04 -1.544835772205810408e-03 1.394541719664562253e-05 3.353712778539641188e-04 0.000000000000000000e+00 1.729350304237227149e-03 8.050450104838044723e-04 -1.614714742328878438e-03 3.899817529680218146e-06 -1.609363353220814516e-03 9.215753793501884131e-04
1.286076205839733425e-03 -1.338703418260884213e-04 -6.637820071338221468e-05 4.707068201950716257e-05 -3.672303051347981990e-04 1.729350304237227149e-03 0.000000000000000000e+00 -2.800068729075871573e-04 -6.809708460169083648e-04 -2.660594053352527432e-04 6.471333370962264065e-04 -1.124117434256686815e-03
-5.730136507610905606e-04 6.660214152584434475e-04 -1.949546880363926208e-04 2.834849520453551746e-04 8.784040153054386668e-05 8.050450104838044723e-04 -2.800068729075871573e-04 0.000000000000000000e+00 4.774434601380286749e-04 -3.308182702295924763e-04 6.527309968912833014e-04 9.124387566175557254e-04
4.882452967585467710e-04 2.754192631820240799e-04 -1.484078770186826645e-03 -2.127713812356280270e-04 -4.702206055262943426e-04 -1.614714742328878438e-03 -6.809708460169083648e-04 4.774434601380286749e-04 0.000000000000000000e+00 4.811323736843073617e-05 -9.005264957583096388e-04 3.409616128600796649e-04
1.129205468550133359e-04 4.574522488023562508e-05 3.438398144393700834e-04 -3.793073406684291274e-04 -3.901993619261306489e-04 3.899817529680218146e-06 -2.660594053352527432e-04 -3.308182702295924763e-04 4.811323736843073617e-05 0.000000000000000000e+00 2.618727962007420178e-04 -1.128959404550300286e-03
1.144145065190988516e-03 -5.535301584812612032e-04 5.822948779108882652e-05 5.352981800107461333e-04 -1.848042201543957457e-04 -1.609363353220814516e-03 6.471333370962264065e-04 6.527309968912833014e-04 -9.005264957583096388e-04 2.618727962007420178e-04 0.000000000000000000e+00 1.255836416173942451e-04
-1.337820746279498249e-03 -4.810603235479070047e-04 2.052939900591839537e-03 -1.983775377257581958e-04 2.157335414200445018e-04 9.215753793501884131e-04 -1.124117434256686815e-03 9.124387566175557254e-04 3.409616128600796649e-04 -1.128959404550300286e-03 1.255836416173942451e-04 0.000000000000000000e+00
