0.000000000000000000e+00 9.866791068421482645e-04 -9.802213809125256212e-06 3.750503769913646483e-04 -7.916543365203620661e-04 -1.524839267932021026e-03 4.267537669131454413e-04 -7.522424226011610680e-04 1.815200021121877950e-04 -6.207460802960713692e-04 -1.284249404755543646e-03 1.819739995986205741e-03
9.866791068421482645e-04 0.000000000000000000e+00 1.820282143353592612e-04 -1.934090749416715117e-04 -2.423683911291414118e-04 7.662685836074008662e-04 -6.619550297641549948e-04 3.062856601219282561e-04 -4.430552035394366944e-04 -2.857563896767498180e-04 4.682064345662826808e-04 5.574252166646423466e-04
-9.802213809125256212e-06 1.820282143353592612e-04 0.000000000000000000e+00 -2.972772193430251678e-04 2.534399435242367651e-04 -3.450500598227896915e-04 2.665218998605346432e-04 3.602466143775280658e-04 -3.890584615746644635e-04 3.661896959451390828e-04 -3.224816050055509791e-04 -9.004710647021553277e-04
3.750503769913646483e-04 -1.934090749416715117e-04 -2.972772193430251678e-04 0.000000000000000000e+00 -3.950564147440628306e-05 -4.835319846325570638e-04 -1.810331821143438278e-04 -3.860092911019222137e-05 5.101009352759194133e-04 1.165645600029322003e-04 -5.376467769424917017e-04 2.226933810588485282e-04
-7.916543365203620661e-04 -2.423683911291414118e-04 2.534399435242367651e-04 -3.950564147440628306e-05 0.000000000000000000e+00 -9.439064514683749444e-04 4.499797420288680744e-04 -2.935089748666824924e-04 -8.024785446413582957e-04 1.118031762386999305e-04 8.820078422286759890e-04 1.546540588913439501e-04
-1.524839267932021026e-03 7.662685836074008662e-04 -3.450500598227896915e-04 -4.835319846325570638e-04 -9.439064514683749444e-04 0.000000000000000000e+00 -1.049708452215749466e-04 -7.341626339313589130e-05 2.305050918316838265e-03 4.297552208946876540e-05 1.203934476714402799e-03 -2.064272698310605112e-04
4.267537669131454413e-04 -6.619550297641549948e-04 2.665218998605346432e-04 -1.810331821143438278e-04 4.499797420288680744e-04 -1.049708452215749466e-04 0.000000000000000000e+00 -5.568573803451121065e-05 6.995314569100871118e-04 3.027996797910427715e-05 7.675353243633878093e-05 7.933283325292026780e-04
-7.522424226011610680e-04 3.062856601219282561e-04 3.602466143775280658e-04 -3.860092911019222137e-05 -2.935089748666824924e-04 -7.341626339313589130e-05 -5.568573803451121065e-05 0.000000000000000000e+00 -1.527758647233179478e-04 -1.491723393505817749e-04 1.751248514983085210e-04 -9.228066578614036721e-04
1.815200021121877950e-04 -4.430552035394366944e-04 -3.890584615746644635e-04 5.101009352759194133e-04 -8.024785446413582957e-04 2.305050918316838265e-03 6.995314569100871118e-04 -1.527758647233179478e-04 0.000000000000000000e+00 1.300340767822762654e-04 -1.588851081978691696e-04 1.134657090995298606e-03
-6.207460802960713692e-04 -2.857563896767498180e-04 3.661896959451390828e-04 1.165645600029322003e-04 1.118031762386999305e-04 4.297552208946876540e-05 3.027996797910427715e-05 -1.491723393505817749e-04 1.300340767822762654e-04 0.000000000000000000e+00 2.465070582972775175e-04 6.939726058537463516e-04
-1.284249404755543646e-03 4.682064345662826808e-04 -3.224816050055509791e-04 -5.376467769424917017e-04 8.820078422286759890e-04 1.203934476714402799e-03 7.675353243633878093e-05 1.751248514983085210e-04 -1.588851081978691696e-04 2.465070582972775175e-04 0.000000000000000000e+00 1.315448039226108567e-03
1.819739995986205741e-03 5.574252166646423466e-04 -9.004710647021553277e-04 2.226933810588485282e-04 1.546540588913439501e-04 -2.064272698310605112e-04 7.933283325292026780e-04 -9.228066578614036721e-04 1.134657090995298606e-03 6.939726058537463516e-04 1.315448039226108567e-03 0.000000000000000000e+00
