0.000000000000000000e+00 5.801522593808068834e-04 1.481043866979651728e-03 5.136437578128420344e-04 1.802551433114792892e-04 -2.033314861392345515e-03 4.072643339432219884e-04 1.446396435888372021e-03 7.804599941119989403e-04 -5.892343118769704331e-05 1.253050612226768324e-03 -1.989680795598876891e-03
5.801522593808068834e-04 0.000000000000000000e+00 2.457075324836366760e-04 -4.034835308826710478e-04 2.748965421417921850e-04 -8.020153184584803956e-04 2.042264134845889678e-04 -5.574682934650579012e-04 1.947503501465005431e-04 1.380942568512069527e-04 3.688534100936361197e-04 1.073662306009063542e-03
1.481043866979651728e-03 2.457075324836366760e-04 0.000000000000000000e+00 -3.710545176439271277e-04 -2.899531475167902534e-04 2.865260312810318996e-03 1.314657746181076671e-03 -3.148222641677510714e-04 -8.195077795735998191e-04 -7.285647081268237929e-04 3.145100935266209054e-04 -1.967067962785065509e-03
5.136437578128420344e-04 -4.034835308826710478e-04 -3.710545176439271277e-04 0.000000000000000000e+00 6.681919880221206338e-05 4.522403322946971907e-05 -1.069454506469926873e-05 4.262774086309480603e-04 1.786940404196756297e-04 -1.745577630372344602e-04 -4.120313539833003399e-04 1.049441915597769555e-04
1.802551433114792892e-04 2.748965421417921850e-04 -2.899531475167902534e-04 6.681919880221206338e-05 0.000000000000000000e+00 1.373654283984999665e-04 4.286829857140451501e-05 -3.751080555705749706e-04 -5.924944237352451165e-05 -4.633838285722990339e-04 -2.257679544388010323e-04 7.461913748563958138e-04
-2.033314861392345515e-03 -8.020153184584803956e-04 2.865260312810318996e-03 4.522403322946971907e-05 1.373654283984999665e-04 0.000000000000000000e+00 1.622226901933354441e-03 3.842808254423026992e-04 8.068914233981494500e-04 4.712488369786777291e-04 1.324939519140686840e-03 1.819371947137176596e-03
4.072643339432219884e-04 2.042264134845889678e-04 1.314657746181076671e-03 -1.069454506469926873e-05 4.286829857140451501e-05 1.622226901933354441e-03 0.000000000000000000e+00 3.577270096495317828e-04 -2.757147730282810184e-04 4.518410959891539349e-04 -8.658928914520191327e-04 -5.584661566723019520e-04
1.446396435888372021e-03 -5.574682934650579012e-04 -3.148222641677510714e-04 4.262774086309480603e-04 -3.751080555705749706e-04 3.842808254423026992e-04 3.577270096495317828e-04 0.000000000000000000e+00 -1.113052009128995365e-04 4.015718854197441366e-05 1.000005963245847226e-03 1.648571696967324283e-03
7.804599941119989403e-04 1.947503501465005431e-04 -8.195077795735998191e-04 1.786940404196756297e-04 -5.924944237352451165e-05 8.068914233981494500e-04 -2.757147730282810184e-04 -1.113052009128995365e-04 0.000000000000000000e+00 7.365647336423149661e-04 1.416169965137224155e-03 -1.085825058158953462e-03
-5.892343118769704331e-05 1.380942568512069527e-04 -7.285647081268237929e-04 -1.745577630372344602e-04 -4.633838285722990339e-04 4.712488369786777291e-04 4.518410959891539349e-04 4.015718854197441366e-05 7.365647336423149661e-04 0.000000000000000000e+00 -5.730890110485397699e-05 8.487842482999775808e-04
1.253050612226768324e-03 3.688534100936361197e-04 3.145100935266209054e-04 -4.120313539833003399e-04 -2.257679544388010323e-04 1.324939519140686840e-03 -8.658928914520191327e-04 1.000005963245847226e-03 1.416169965137224155e-03 -5.730890110485397699e-05 0.000000000000000000e+00 2.714075899777581690e-03
-1.989680795598876891e-03 1.073662306009063542e-03 -1.967067962785065509e-03 1.049441915597769555e-04 7.461913748563958138e-04 1.819371947137176596e-03 -5.584661566723019520e-04 1.648571696967324283e-03 -1.085825058158953462e-03 8.487842482999775808e-04 2.714075899777581690e-03 0.000000000000000000e+00
