0.000000000000000000e+00 7.356403027723818974e-04 -1.384573807218732666e-03 -6.851309975817955391e-04 -4.312946856381836332e-04 3.658648991600201819e-04 5.453858992680632369e-04 3.646651829454795315e-04 -2.968109547873690451e-03 -9.581342543725385750e-04 6.120607197064399435e-04 3.222052770678368767e-03
7.356403027723818974e-04 0.000000000000000000e+00 3.217617712393194086e-05 -1.798951485003731697e-04 -5.982691718670962391e-05 1.030516062056206078e-03 -1.300482880771894215e-04 1.857476074630184677e-04 4.219517865289689070e-04 7.714135316254796496e-05 1.241446503023339344e-03 1.343184002083826594e-05
-1.384573807218732666e-03 3.217617712393194086e-05 0.000000000000000000e+00 -2.785151452833751324e-05 -7.337381344131392027e-04 -1.518641609357704314e-03 5.985990065272437039e-04 -3.830973440002094163e-05 1.079563604837514889e-03 -1.664738598569252890e-04 -2.196753751919403551e-04 1.586031709531055336e-03
-6.851309975817955391e-04 -1.798951485003731697e-04 -2.785151452833751324e-05 0.000000000000000000e+00 2.585042120224947796e-04 4.538713997169221102e-04 -2.770068121876012959e-04 1.776198147560904025e-04 -4.122153155759451597e-04 1.696493520183254200e-04 1.123470608208983261e-04 -4.503569956632047793e-04
-4.312946856381836332e-04 -5.982691718670962391e-05 -7.337381344131392027e-04 2.585042120224947796e-04 0.000000000000000000e+00 1.265877569471000788e-04 -1.314985727789220946e-05 2.919908529684570975e-04 -6.333289380553627215e-04 -3.696985073179126242e-04 2.579712491586888190e-05 -8.092591959065517215e-04
3.658648991600201819e-04 1.030516062056206078e-03 -1.518641609357704314e-03 4.538713997169221102e-04 1.265877569471000788e-04 0.000000000000000000e+00 9.306610218321964773e-04 4.191955089404574594e-04 1.258694112977552912e-04 -1.947546461017367000e-04 -1.289511205393258520e-03 -3.962749389723125085e-03
5.453858992680632369e-04 -1.300482880771894215e-04 5.985990065272437039e-04 -2.770068121876012959e-04 -1.314985727789220946e-05 9.306610218321964773e-04 0.000000000000000000e+00 -2.759903057742021200e-05 -9.901468485075106893e-04 2.352624105119451004e-04 6.318654195306247945e-05 -8.249487045721045882e-04
3.646651829454795315e-04 1.857476074630184677e-04 -3.830973440002094163e-05 1.776198147560904025e-04 2.919908529684570975e-04 4.191955089404574594e-04 -2.759903057742021200e-05 0.000000000000000000e+00 1.755507847595682398e-04 5.035011538580302145e-05 -1.486583006832211046e-04 8.287592441786881042e-04
-2.968109547873690451e-03 4.219517865289689070e-04 1.079563604837514889e-03 -4.122153155759451597e-04 -6.333289380553627215e-04 1.258694112977552912e-04 -9.901468485075106893e-04 1.755507847595682398e-04 0.000000000000000000e+00 1.107520119955616262e-03 6.391645927788458742e-04 -2.179001523528516834e-03
-9.581342543725385750e-04 7.714135316254796496e-05 -1.664738598569252890e-04 1.696493520183254200e-04 -3.696985073179126242e-04 -1.947546461017367000e-04 2.352624105119451004e-04 5.035011538580302145e-05 1.107520119955616262e-03 0.000000000000000000e+00 -6.345122969517633625e-04 -6.066345830808061784e-04
6.120607197064399435e-04 1.241446503023339344e-03 -2.196753751919403551e-04 1.123470608208983261e-04 2.579712491586888190e-05 -1.289511205393258520e-03 6.318654195306247945e-05 -1.486583006832211046e-04 6.391645927788458742e-04 -6.345122969517633625e-04 0.000000000000000000e+00 9.049859731073080270e-04
3.222052770678368767e-03 1.343184002083826594e-05 1.586031709531055336e-03 -4.503569956632047793e-04 -8.092591959065517215e-04 -3.962749389723125085e-03 -8.249487045721045882e-04 8.287592441786881042e-04 -2.179001523528516834e-03 -6.066345830808061784e-04 9.049859731073080270e-04 0.000000000000000000e+00
