0.000000000000000000e+00 4.532263668613432115e-04 -6.967630686399458424e-05 7.435583604974065151e-04 4.386197489302817547e-03 2.481880529016749787e-03 5.087417512907560068e-04 2.598585420479671850e-04 7.479296567024303240e-04 1.270438485554082437e-03 -3.584266078533647156e-04 -8.456115384167952167e-04
4.532263668613432115e-04 0.000000000000000000e+00 5.924746859003722586e-05 1.546022626960869375e-04 -1.049068293037289535e-03 6.340439655640530163e-04 4.075047241682820827e-04 2.969198779292951473e-05 -1.140572631623499938e-04 2.775418998777012900e-04 -4.504907801205284705e-05 -2.440218492306449804e-04
-6.967630686399458424e-05 5.924746859003722586e-05 0.000000000000000000e+00 3.086818682009796907e-04 -1.577482795785511115e-03 -5.294915993803491622e-04 -5.425369762829524139e-04 -7.158308594071073096e-04 4.825813934765960794e-04 7.437264281314891375e-04 -6.373991308440493274e-04 -3.528367626049977944e-04
7.435583604974065151e-04 1.546022626960869375e-04 3.086818682009796907e-04 0.000000000000000000e+00 2.234666812522939346e-04 1.638532348208442927e-04 -5.278943623806134702e-04 -2.440266542188260018e-04 -4.643629524158197642e-05 -3.437403934956135198e-04 5.693126998352992900e-04 6.279259620746423535e-05
4.386197489302817547e-03 -1.049068293037289535e-03 -1.577482795785511115e-03 2.234666812522939346e-04 0.000000000000000000e+00 -1.157340161660293200e-03 -1.577161923971942027e-03 5.820585983746019189e-04 1.374553338625234553e-03 -1.187427897454340457e-03 -6.218909607454627293e-04 1.577975737365689085e-04
2.481880529016749787e-03 6.340439655640530163e-04 -5.294915993803491622e-04 1.638532348208442927e-04 -1.157340161660293200e-03 0.000000000000000000e+00 3.927671967014665592e-04 4.780722268867057794e-04 -9.839403387842708074e-04 4.750465755039629174e-04 2.108536494608878966e-04 -8.016012857183477287e-04
5.087417512907560068e-04 4.075047241682820827e-04 -5.425369762829524139e-04 -5.278943623806134702e-04 -1.577161923971942027e-03 3.927671967014665592e-04 0.000000000000000000e+00 -2.813328114642408770e-04 7.761534593122200064e-04 -5.367414910604537777e-04 1.057482804500878455e-03 -1.612292949224569368e-03
2.598585420479671850e-04 2.969198779292951473e-05 -7.158308594071073096e-04 -2.440266542188260018e-04 5.820585983746019189e-04 4.780722268867057794e-04 -2.813328114642408770e-04 0.000000000000000000e+00 -6.694696656068682705e-05 5.688847844319168531e-04 -2.881756976542990752e-04 8.734334088421220063e-04
7.479296567024303240e-04 -1.140572631623499938e-04 4.825813934765960794e-04 -4.643629524158197642e-05 1.374553338625234553e-03 -9.839403387842708074e-04 7.761534593122200064e-04 -6.694696656068682705e-05 0.000000000000000000e+00 5.021412266419191016e-04 -7.857541208084182268e-04 -2.670691087764663640e-05
1.270438485554082437e-03 2.775418998777012900e-04 7.437264281314891375e-04 -3.437403934956135198e-04 -1.187427897454340457e-03 4.750465755039629174e-04 -5.367414910604537777e-04 5.688847844319168531e-04 5.021412266419191016e-04 0.000000000000000000e+00 1.886683358426058312e-04 5.379523044758835948e-04
-3.584266078533647156e-04 -4.504907801205284705e-05 -6.373991308440493274e-04 5.693126998352992900e-04 -6.218909607454627293e-04 2.108536494608878966e-04 1.057482804500878455e-03 -2.881756976542990752e-04 -7.857541208084182268e-04 1.886683358426058312e-04 0.000000000000000000e+00 3.681161200351750341e-04
-8.456115384167952167e-04 -2.440218492306449804e-04 -3.528367626049977944e-04 6.279259620746423535e-05 1.577975737365689085e-04 -8.016012857183477287e-04 -1.612292949224569368e-03 8.734334088421220063e-04 -2.670691087764663640e-05 5.379523044758835948e-04 3.681161200351750341e-04 0.000000000000000000e+00
