0.000000000000000000e+00 -5.552281651156124303e-04 -1.442731040282472501e-03 4.814876755484154454e-04 -7.083635885435290644e-04 -3.121530442637979403e-04 -2.518507366613432445e-03 -7.594093618917257399e-04 8.314973274996581955e-05 -1.199116848905791219e-03 9.575213060990859885e-04 -6.208124933673472932e-04
-5.552281651156124303e-04 0.000000000000000000e+00 2.215591079552969481e-05 1.160502477526307094e-04 -1.893291115022497511e-04 1.106859313652174337e-05 6.696644955911050913e-04 -3.858091814271212702e-05 -2.667613953642101912e-04 -2.777094986199667745e-04 -2.666220957982720348e-04 3.842681207945421759e-04
-1.442731040282472501e-03 2.215591079552969481e-05 0.000000000000000000e+00 2.107111975645881792e-04 -1.734167448469454281e-03 -6.589369160357109838e-04 1.076670557022991158e-03 5.655947944299762227e-04 -5.349750360886234429e-04 7.361623166986845060e-05 5.545601894851739195e-04 -7.634672267496293678e-04
4.814876755484154454e-04 1.160502477526307094e-04 2.107111975645881792e-04 0.000000000000000000e+00 -8.696934138673621979e-04 -2.021217891901924560e-04 -5.815697899912305145e-04 9.536826460638210610e-05 -1.910756362218178736e-04 -7.445823623281836584e-05 1.478845182059143322e-04 4.777704962019800865e-04
-7.083635885435290644e-04 -1.893291115022497511e-04 -1.734167448469454281e-03 -8.696934138673621979e-04 0.000000000000000000e+00 -1.315560684390120871e-03 -1.130464354327190063e-03 1.864821222669797111e-03 1.325135603682224073e-03 -5.414494580141645174e-04 -5.224154716827779377e-04 2.107694373226597865e-03
-3.121530442637979403e-04 1.106859313652174337e-05 -6.589369160357109838e-04 -2.021217891901924560e-04 -1.315560684390120871e-03 0.000000000000000000e+00 1.097453473681901399e-03 -3.703245836425273201e-04 1.035686413965083204e-03 -1.858918613478392854e-04 1.587979339611974607e-04 -3.154590417666542929e-04
-2.518507366613432445e-03 6.696644955911050913e-04 1.076670557022991158e-03 -5.815697899912305145e-04 -1.130464354327190063e-03 1.097453473681901399e-03 0.000000000000000000e+00 -1.080435708659796675e-03 7.912607894701520223e-04 -1.060435889714001021e-03 1.091928734988108609e-03 1.502386772785342097e-03
-7.594093618917257399e-04 -3.858091814271212702e-05 5.655947944299762227e-04 9.536826460638210610e-05 1.864821222669797111e-03 -3.703245836425273201e-04 -1.080435708659796675e-03 0.000000000000000000e+00 3.866505472400131715e-04 -3.307942446764414521e-05 6.274541637204526139e-04 -2.394699401447510513e-04
8.314973274996581955e-05 -2.667613953642101912e-04 -5.349750360886234429e-04 -1.910756362218178736e-04 1.325135603682224073e-03 1.035686413965083204e-03 7.912607894701520223e-04 3.866505472400131715e-04 0.000000000000000000e+00 9.508743137879116058e-05 5.432825421597207299e-04 -3.313154584775418964e-04
-1.199116848905791219e-03 -2.777094986199667745e-04 7.361623166986845060e-05 -7.445823623281836584e-05 -5.414494580141645174e-04 -1.858918613478392854e-04 -1.060435889714001021e-03 -3.307942446764414521e-05 9.508743137879116058e-05 0.000000000000000000e+00 -5.039848832349712359e-04 -4.271985157615957565e-04
9.575213060990859885e-04 -2.666220957982720348e-04 5.545601894851739195e-04 1.478845182059143322e-04 -5.224154716827779377e-04 1.587979339611974607e-04 1.091928734988108609e-03 6.274541637204526139e-04 5.432825421597207299e-04 -5.039848832349712359e-04 0.000000000000000000e+00 -2.665021981864977075e-05
-6.208124933673472932e-04 3.842681207945421759e-04 -7.634672267496293678e-04 4.777704962019800865e-04 2.107694373226597865e-03 -3.154590417666542929e-04 1.502386772785342097e-03 -2.394699401447510513e-04 -3.313154584775418964e-04 -4.271985157615957565e-04 -2.665021981864977075e-05 0.000000000000000000e+00
