0.000000000000000000e+00 3.073832811720435417e-04 3.389024115452022971e-04 -1.332424315874051763e-03 1.518794719031911879e-03 1.808205275273798559e-03 -1.229419521495786699e-03 -9.290443569739814797e-04 -3.371076670032044148e-04 -6.283012182011404791e-04 -9.947951322493808583e-04 -9.762365893451412742e-04
3.073832811720435417e-04 0.000000000000000000e+00 3.659255129921494282e-04 1.767495562997755841e-04 6.468556966196263493e-04 1.221720045879593851e-05 4.151374946017313632e-04 2.174000900254119287e-04 2.634212267026758486e-04 -1.222353508727628082e-04 -2.191617792662375007e-05 1.648179532979398730e-04
3.389024115452022971e-04 3.659255129921494282e-04 0.000000000000000000e+00 -2.269928649965150869e-04 1.444158360293004489e-03 -8.922641012492873091e-04 8.495060302919979489e-05 -1.409433454291791118e-04 -5.786149593052893666e-04 -7.901947381517899398e-04 4.503460919803430615e-05 5.854364707259845013e-04
-1.332424315874051763e-03 1.767495562997755841e-04 -2.269928649965150869e-04 0.000000000000000000e+00 -8.446269303101092358e-04 -9.074930091121232670e-04 -1.413006907785594379e-03 3.431901980787385232e-04 3.507337703635415036e-04 3.708863858114817337e-05 -3.507378320895085150e-04 -1.057421135931103326e-04
1.518794719031911879e-03 6.468556966196263493e-04 1.444158360293004489e-03 -8.446269303101092358e-04 0.000000000000000000e+00 -2.952907941151449150e-03 -3.825123520354873925e-03 -2.670391293250823296e-04 1.229565244056255249e-04 1.249318840073024729e-03 4.916337079549880362e-04 -1.135102132942744706e-04
1.808205275273798559e-03 1.221720045879593851e-05 -8.922641012492873091e-04 -9.074930091121232670e-04 -2.952907941151449150e-03 0.000000000000000000e+00 2.682549964148173843e-03 -6.921754981916342737e-04 5.501237249761936794e-04 4.301397232440558544e-04 1.158568299853330328e-03 -1.900401730463505677e-04
-1.229419521495786699e-03 4.151374946017313632e-04 8.495060302919979489e-05 -1.413006907785594379e-03 -3.825123520354873925e-03 2.682549964148173843e-03 0.000000000000000000e+00 1.402548338316881877e-03 9.162606555789235983e-06 -1.566116851334267831e-03 -4.411971245700010134e-04 1.167006378148246007e-04
-9.290443569739814797e-04 2.174000900254119287e-04 -1.409433454291791118e-04 3.431901980787385232e-04 -2.670391293250823296e-04 -6.921754981916342737e-04 1.402548338316881877e-03 0.000000000000000000e+00 -2.913051593657851662e-04 -4.177084074708320113e-04 -1.201889744762706813e-04 5.273034193849727297e-04
-3.371076670032044148e-04 2.634212267026758486e-04 -5.786149593052893666e-04 3.507337703635415036e-04 1.229565244056255249e-04 5.501237249761936794e-04 9.162606555789235983e-06 -2.913051593657851662e-04 0.000000000000000000e+00 -3.976093434357192563e-04 4.137166474651267681e-04 -3.035677019722752591e-04
-6.283012182011404791e-04 -1.222353508727628082e-04 -7.901947381517899398e-04 3.708863858114817337e-05 1.249318840073024729e-03 4.301397232440558544e-04 -1.566116851334267831e-03 -4.177084074708320113e-04 -3.976093434357192563e-04 0.000000000000000000e+00 1.334933996686296157e-06 6.624075801408629231e-04
-9.947951322493808583e-04 -2.191617792662375007e-05 4.503460919803430615e-05 -3.507378320895085150e-04 4.916337079549880362e-04 1.158568299853330328e-03 -4.411971245700010134e-04 -1.201889744762706813e-04 4.137166474651267681e-04 1.334933996686296157e-06 0.000000000000000000e+00 7.417532261957339619e-04
-9.762365893451412742e-04 1.648179532979398730e-04 5.854364707259845013e-04 -1.057421135931103326e-04 -1.135102132942744706e-04 -1.900401730463505677e-04 1.167006378148246007e-04 5.273034193849727297e-04 -3.035677019722752591e-04 6.624075801408629231e-04 7.417532261957339619e-04 0.000000000000000000e+00
