0.000000000000000000e+00 6.963051380510768993e-04 -6.061131930346176167e-04 2.787775145000213266e-04 4.706102888093315344e-04 -1.077972534065337702e-03 -1.655884177005904553e-03 6.263331602906618964e-04 -1.027307333751445624e-03 1.293498726467441835e-04 -6.210869756766304942e-04 -1.381890848547530186e-03
6.963051380510768993e-04 0.000000000000000000e+00 5.536282522927158181e-04 4.971643938704554283e-05 -7.141515748482566697e-04 -4.562803481820700783e-04 -1.326929870856859844e-04 1.037971575928348008e-04 -2.844016482946148667e-04 -3.492653627282112073e-04 3.798046512027942415e-04 -1.536966992605802256e-04
-6.061131930346176167e-04 5.536282522927158181e-04 0.000000000000000000e+00 -1.439667344349539440e-04 -7.583910404698185467e-04 2.998623014511453736e-04 -1.289340933488338642e-03 -3.329443428085663670e-04 -5.576093292015742110e-05 -2.015458621992902036e-04 1.691076572897581495e-04 8.475492960336551218e-04
2.787775145000213266e-04 4.971643938704554283e-05 -1.439667344349539440e-04 0.000000000000000000e+00 3.440385525573013754e-05 -6.120727037766277587e-04 -1.037592711656417765e-03 -6.315214778263994466e-04 -5.312283642978164310e-04 -1.769091800976957320e-04 -2.652842448747414318e-04 5.296121043882604570e-04
4.706102888093315344e-04 -7.141515748482566697e-04 -7.583910404698185467e-04 3.440385525573013754e-05 0.000000000000000000e+00 1.266488214038800648e-03 2.455309237162566199e-03 5.076755805815927509e-04 -5.153698903436324842e-04 -8.653833177779333670e-04 5.637217657186130741e-04 -1.132207106213171813e-03
-1.077972534065337702e-03 -4.562803481820700783e-04 2.998623014511453736e-04 -6.120727037766277587e-04 1.266488214038800648e-03 0.000000000000000000e+00 -2.781029890794553972e-03 1.120528238921768575e-04 -9.707810860050559293e-04 -1.058214497712072323e-04 1.783064324881198376e-05 3.435641633733787690e-04
-1.655884177005904553e-03 -1.326929870856859844e-04 -1.289340933488338642e-03 -1.037592711656417765e-03 2.455309237162566199e-03 -2.781029890794553972e-03 0.000000000000000000e+00 -2.142905574517582395e-04 1.588291199982857236e-03 -7.882883655808324780e-04 8.748310044518581123e-04 -1.106460801737857175e-03
6.263331602906618964e-04 1.037971575928348008e-04 -3.329443428085663670e-04 -6.315214778263994466e-04 5.076755805815927509e-04 1.120528238921768575e-04 -2.142905574517582395e-04 0.000000000000000000e+00 -3.427968862307454487e-04 -2.392858462152630468e-05 -2.544061469552792138e-05 -6.314809758148017026e-04
-1.027307333751445624e-03 -2.844016482946148667e-04 -5.576093292015742110e-05 -5.312283642978164310e-04 -5.153698903436324842e-04 -9.707810860050559293e-04 1.588291199982857236e-03 -3.427968862307454487e-04 0.000000000000000000e+00 -1.174024531414715828e-04 -3.728942315326026313e-05 -2.995215033900339627e-05
1.293498726467441835e-04 -3.492653627282112073e-04 -2.015458621992902036e-04 -1.769091800976957320e-04 -8.653833177779333670e-04 -1.058214497712072323e-04 -7.882883655808324780e-04 -2.392858462152630468e-05 -1.174024531414715828e-04 0.000000000000000000e+00 -1.069362119249704727e-04 1.485200143721771351e-04
-6.210869756766304942e-04 3.798046512027942415e-04 1.691076572897581495e-04 -2.652842448747414318e-04 5.637217657186130741e-04 1.783064324881198376e-05 8.748310044518581123e-04 -2.544061469552792138e-05 -3.728942315326026313e-05 -1.069362119249704727e-04 0.000000000000000000e+00 6.663398476580463525e-04
-1.381890848547530186e-03 -1.536966992605802256e-04 8.475492960336551218e-04 5.296121043882604570e-04 -1.132207106213171813e-03 3.435641633733787690e-04 -1.106460801737857175e-03 -6.314809758148017026e-04 -2.995215033900339627e-05 1.485200143721771351e-04 6.663398476580463525e-04 0.000000000000000000e+00
