0.000000000000000000e+00 4.747721275964488560e-04 -6.446857549753983721e-04 2.199808957551245797e-04 8.106217755439614923e-04 -3.692043754028518005e-04 -1.429338962737100702e-04 6.203050347228965733e-04 -3.615341831827333032e-04 3.037805568987920097e-05 -2.070037716096548156e-04 -7.100066860778667715e-07
4.747721275964488560e-04 0.000000000000000000e+00 1.449624999735694237e-03 -8.448020078038995825e-05 1.296946839608601218e-05 1.861708077374812399e-03 -4.852833975600979967e-04 4.501055100546651308e-04 -1.012363155601021933e-03 6.140890956228665671e-04 -2.958929667683372249e-04 2.568302125616040528e-04
-6.446857549753983721e-04 1.449624999735694237e-03 0.000000000000000000e+00 6.628177827995272459e-04 1.639311161165573792e-03 2.702332059359727635e-03 5.812870849988560368e-04 -5.559200328109493820e-04 1.249213958448628075e-03 -1.102300028601006180e-03 -5.463634985546267408e-04 1.763036135289787346e-03
2.199808957551245797e-04 -8.448020078038995825e-05 6.628177827995272459e-04 0.000000000000000000e+00 -8.664539765374836824e-04 -5.508133648708181699e-04 4.633156006980150977e-04 -1.187530270421001600e-04 -2.389222458108629301e-04 1.464371043662818055e-04 -4.115370081776814192e-04 -4.558917070890077775e-04
8.106217755439614923e-04 1.296946839608601218e-05 1.639311161165573792e-03 -8.664539765374836824e-04 0.000000000000000000e+00 -8.697750902502160864e-04 1.184424877309384755e-03 5.991104768093695769e-04 7.917619287460538155e-06 -8.090473365375404780e-04 -3.111399739332690382e-04 -5.016831792323905945e-04
-3.692043754028518005e-04 1.861708077374812399e-03 2.702332059359727635e-03 -5.508133648708181699e-04 -8.697750902502160864e-04 0.000000000000000000e+00 8.437347161283811599e-04 4.497157013974828997e-04 -8.310444330763125170e-04 -3.697157488707928578e-04 1.187908939595060283e-03 1.624669987135961703e-04
-1.429338962737100702e-04 -4.852833975600979967e-04 5.812870849988560368e-04 4.633156006980150977e-04 1.184424877309384755e-03 8.437347161283811599e-04 0.000000000000000000e+00 -3.968291268005777060e-04 -2.029531682213851654e-04 2.834253764916235940e-04 3.756291704537130386e-04 -2.996333812925987272e-04
6.203050347228965733e-04 4.501055100546651308e-04 -5.559200328109493820e-04 -1.187530270421001600e-04 5.991104768093695769e-04 4.497157013974828997e-04 -3.968291268005777060e-04 0.000000000000000000e+00 6.050190793185376750e-04 -1.673986351775538632e-04 1.303046710609070426e-04 -5.783879898593646991e-04
-3.615341831827333032e-04 -1.012363155601021933e-03 1.249213958448628075e-03 -2.389222458108629301e-04 7.917619287460538155e-06 -8.310444330763125170e-04 -2.029531682213851654e-04 6.050190793185376750e-04 0.000000000000000000e+00 2.946394179280044552e-04 7.020011616288878483e-04 1.195066567783917592e-03
3.037805568987920097e-05 6.140890956228665671e-04 -1.102300028601006180e-03 1.464371043662818055e-04 -8.090473365375404780e-04 -3.697157488707928578e-04 2.834253764916235940e-04 -1.673986351775538632e-04 2.946394179280044552e-04 0.000000000000000000e+00 -1.340792441174830114e-04 2.106861816550741973e-04
-2.070037716096548156e-04 -2.958929667683372249e-04 -5.463634985546267408e-04 -4.115370081776814192e-04 -3.111399739332690382e-04 1.187908939595060283e-03 3.756291704537130386e-04 1.303046710609070426e-04 7.020011616288878483e-04 -1.340792441174830114e-04 0.000000000000000000e+00 -4.028893600569670680e-04
-7.100066860778667715e-07 2.568302125616040528e-04 1.763036135289787346e-03 -4.558917070890077775e-04 -5.016831792323905945e-04 1.624669987135961703e-04 -2.996333812925987272e-04 -5.783879898593646991e-04 1.195066567783917592e-03 2.106861816550741973e-04 -4.028893600569670680e-04 0.000000000000000000e+00
