0.000000000000000000e+00 -5.434232516823982477e-04 -1.393097965060983642e-03 -2.818244919639977149e-04 -7.562112350513204356e-04 2.407544393589419971e-06 9.396708297592136841e-04 -1.689194535827498781e-04 -3.058435544792224977e-04 3.620171211866238465e-04 -1.427526857177382385e-04 -1.180705154442664379e-03
-5.434232516823982477e-04 0.000000000000000000e+00 -1.008279603822189461e-03 -2.417195858677594923e-04 8.591902361630520237e-04 1.450774906691783229e-03 1.086579344261379013e-03 -1.959054414432993705e-05 2.387525506646153946e-04 -2.073941803390782113e-04 9.523150288499824807e-05 -7.248782613989035884e-04
-1.393097965060983642e-03 -1.008279603822189461e-03 0.000000000000000000e+00 -4.605256376786568805e-04 2.011500030985417190e-03 1.062607850260080360e-03 -3.234914601174690516e-03 2.692088702338864183e-04 -2.032845495100760874e-03 3.480038885287931798e-04 3.724351672691420131e-04 -3.300434428387285374e-03
-2.818244919639977149e-04 -2.417195858677594923e-04 -4.605256376786568805e-04 0.000000000000000000e+00 -3.848711447479307183e-04 1.646756124954262899e-04 8.431016950010242780e-05 1.809371294325305766e-04 -1.105361389609023182e-05 1.982639717679067124e-04 2.894822505328170713e-04 6.756414723995990846e-04
-7.562112350513204356e-04 8.591902361630520237e-04 2.011500030985417190e-03 -3.848711447479307183e-04 0.000000000000000000e+00 -1.896091234300539830e-03 1.953902930396758317e-03 -7.243316774988587054e-04 -1.374027817216759428e-03 2.684422534736863515e-04 -3.034932354806311994e-04 1.003536774102140565e-04
2.407544393589419971e-06 1.450774906691783229e-03 1.062607850260080360e-03 1.646756124954262899e-04 -1.896091234300539830e-03 0.000000000000000000e+00 -7.374886277828796195e-04 1.890618420528806544e-04 1.439545914962461889e-03 6.057940329520665251e-04 -1.617088601191717589e-04 -1.862282463971473914e-03
9.396708297592136841e-04 1.086579344261379013e-03 -3.234914601174690516e-03 8.431016950010242780e-05 1.953902930396758317e-03 -7.374886277828796195e-04 0.000000000000000000e+00 -2.630024907786207870e-04 1.383558697910497850e-04 3.096956530922519049e-04 1.365114936274594321e-04 8.665969233037091452e-05
-1.689194535827498781e-04 -1.959054414432993705e-05 2.692088702338864183e-04 1.809371294325305766e-04 -7.243316774988587054e-04 1.890618420528806544e-04 -2.630024907786207870e-04 0.000000000000000000e+00 -2.235084381465416196e-04 2.336364488211012261e-04 -1.629125397090110995e-04 2.996656223206174132e-04
-3.058435544792224977e-04 2.387525506646153946e-04 -2.032845495100760874e-03 -1.105361389609023182e-05 -1.374027817216759428e-03 1.439545914962461889e-03 1.383558697910497850e-04 -2.235084381465416196e-04 0.000000000000000000e+00 -2.946714609558476953e-04 -4.298145952536318011e-04 8.997627019746676528e-04
3.620171211866238465e-04 -2.073941803390782113e-04 3.480038885287931798e-04 1.982639717679067124e-04 2.684422534736863515e-04 6.057940329520665251e-04 3.096956530922519049e-04 2.336364488211012261e-04 -2.946714609558476953e-04 0.000000000000000000e+00 -3.777040499796645052e-05 4.875660674875808724e-05
-1.427526857177382385e-04 9.523150288499824807e-05 3.724351672691420131e-04 2.894822505328170713e-04 -3.034932354806311994e-04 -1.617088601191717589e-04 1.365114936274594321e-04 -1.629125397090110995e-04 -4.298145952536318011e-04 -3.777040499796645052e-05 0.000000000000000000e+00 -2.180731761362067727e-04
-1.180705154442664379e-03 -7.248782613989035884e-04 -3.300434428387285374e-03 6.756414723995990846e-04 1.003536774102140565e-04 -1.862282463971473914e-03 8.665969233037091452e-05 2.996656223206174132e-04 8.997627019746676528e-04 4.875660674875808724e-05 -2.180731761362067727e-04 0.000000000000000000e+00
