0.000000000000000000e+00 1.453869660375713417e-04 -6.296358227821245756e-04 3.819004547866821763e-04 -2.100437347462391868e-05 -5.886157173113098660e-04 -3.714526114316030279e-04 1.041275079042756451e-05 2.221987794976541033e-05 -2.158398065380447704e-04 -2.964244473039922873e-04 3.486372481587516887e-04
1.453869660375713417e-04 0.000000000000000000e+00 2.316614676823306861e-03 -2.044956515844975522e-04 1.518210179573342179e-03 1.898924023225145069e-05 -1.186555013054532525e-04 -5.412572077261437118e-05 5.605896375140354947e-04 -2.431408084694507892e-04 -2.126360484868765029e-04 3.819222256628011965e-05
-6.296358227821245756e-04 2.316614676823306861e-03 0.000000000000000000e+00 -1.279111777546247317e-03 1.909429755558432256e-03 5.611478525338246901e-04 1.895175020468650674e-03 1.095457355288777116e-03 1.958922676679641830e-04 -1.174522736363615375e-03 -1.900216431069510093e-04 5.938140238780420304e-04
3.819004547866821763e-04 -2.044956515844975522e-04 -1.279111777546247317e-03 0.000000000000000000e+00 9.882804339880165215e-05 5.561882893807390928e-04 4.811684572306161871e-04 3.203473337748784645e-04 6.702007742973070713e-04 2.583653961200418079e-04 -1.022394548706656578e-06 -5.956309589406684230e-06
-2.100437347462391868e-05 1.518210179573342179e-03 1.909429755558432256e-03 9.882804339880165215e-05 0.000000000000000000e+00 6.006989140764425628e-04 -4.508704802030065613e-04 -8.032615756043331784e-04 1.353035588556143753e-03 7.543728293912781028e-04 -1.920390820347070123e-04 5.947906008387447404e-04
-5.886157173113098660e-04 1.898924023225145069e-05 5.611478525338246901e-04 5.561882893807390928e-04 6.006989140764425628e-04 0.000000000000000000e+00 -2.255825360878902647e-03 9.426090800722277795e-04 1.594332449537879098e-03 5.155665135451585092e-04 -3.229189743493825898e-04 -2.701925917072886801e-04
-3.714526114316030279e-04 -1.186555013054532525e-04 1.895175020468650674e-03 4.811684572306161871e-04 -4.508704802030065613e-04 -2.255825360878902647e-03 0.000000000000000000e+00 -2.648169534167375610e-04 5.080690419482338308e-04 -5.157128100560191006e-04 3.030129167262918472e-04 7.613906593135213400e-04
1.041275079042756451e-05 -5.412572077261437118e-05 1.095457355288777116e-03 3.203473337748784645e-04 -8.032615756043331784e-04 9.426090800722277795e-04 -2.648169534167375610e-04 0.000000000000000000e+00 3.255697101758355356e-06 -5.361206609244664110e-05 1.030792754747530417e-04 -5.584529837934541167e-04
2.221987794976541033e-05 5.605896375140354947e-04 1.958922676679641830e-04 6.702007742973070713e-04 1.353035588556143753e-03 1.594332449537879098e-03 5.080690419482338308e-04 3.255697101758355356e-06 0.000000000000000000e+00 1.003774354738557920e-04 3.933769875598275029e-04 7.627633995764790701e-04
-2.158398065380447704e-04 -2.431408084694507892e-04 -1.174522736363615375e-03 2.583653961200418079e-04 7.543728293912781028e-04 5.155665135451585092e-04 -5.157128100560191006e-04 -5.361206609244664110e-05 1.003774354738557920e-04 0.000000000000000000e+00 3.039709001024937110e-04 -4.290607799333996176e-05
-2.964244473039922873e-04 -2.126360484868765029e-04 -1.900216431069510093e-04 -1.022394548706656578e-06 -1.920390820347070123e-04 -3.229189743493825898e-04 3.030129167262918472e-04 1.030792754747530417e-04 3.933769875598275029e-04 3.039709001024937110e-04 0.000000000000000000e+00 4.677907894524694255e-04
3.486372481587516887e-04 3.819222256628011965e-05 5.938140238780420304e-04 -5.956309589406684230e-06 5.947906008387447404e-04 -2.701925917072886801e-04 7.613906593135213400e-04 -5.584529837934541167e-04 7.627633995764790701e-04 -4.290607799333996176e-05 4.677907894524694255e-04 0.000000000000000000e+00
