0.000000000000000000e+00 -1.693029940308775480e-04 -4.085855880650505724e-05 5.798882686881542335e-05 2.533847073283245453e-05 -2.918606122020798435e-04 5.767905576103797300e-04 -2.231362648080073357e-04 7.049940130241243337e-04 2.787238980355673853e-04 2.797121880501978039e-04 3.722985025404217845e-04
-1.693029940308775480e-04 0.000000000000000000e+00 1.289434414818359676e-03 -4.378809903155750165e-04 1.329336675370350166e-04 -9.348614350020053839e-04 -6.012680035226353800e-04 -6.700319221862506168e-04 -4.758766517252518589e-04 -5.491705199021006210e-04 -6.627796060129553714e-04 8.328594780243536375e-04
-4.085855880650505724e-05 1.289434414818359676e-03 0.000000000000000000e+00 -3.884684995228140849e-05 -3.032357809978803061e-03 1.483789415110177683e-03 -5.922180046942974145e-05 5.674865106198442258e-04 2.185658589728111442e-03 -1.064481974615584785e-03 1.563017447077506622e-03 1.317537112662398046e-04
5.798882686881542335e-05 -4.378809903155750165e-04 -3.884684995228140849e-05 0.000000000000000000e+00 -5.494688978544407573e-04 1.676949819623179880e-04 -8.620264857746537412e-05 5.776333326098475728e-04 1.367238011148113957e-04 3.484608854120928810e-05 -2.112073972807116773e-04 -3.922167195423949325e-04
2.533847073283245453e-05 1.329336675370350166e-04 -3.032357809978803061e-03 -5.494688978544407573e-04 0.000000000000000000e+00 -4.763388474729141975e-04 -3.098542864126899296e-04 -3.997677306764748739e-04 -6.345947530287317532e-04 1.062982902892517338e-03 7.852263573185584017e-04 7.700954003932427498e-05
-2.918606122020798435e-04 -9.348614350020053839e-04 1.483789415110177683e-03 1.676949819623179880e-04 -4.763388474729141975e-04 0.000000000000000000e+00 -1.313929163069206931e-03 7.317435657637025737e-04 1.011853550885097579e-04 4.259219771875517456e-04 -3.376220425419667356e-04 -8.927970592760630861e-04
5.767905576103797300e-04 -6.012680035226353800e-04 -5.922180046942974145e-05 -8.620264857746537412e-05 -3.098542864126899296e-04 -1.313929163069206931e-03 0.000000000000000000e+00 7.071658651415719306e-05 4.455737763672769423e-04 -3.974118366606466004e-04 -6.156648986784227272e-04 4.096200450176809061e-04
-2.231362648080073357e-04 -6.700319221862506168e-04 5.674865106198442258e-04 5.776333326098475728e-04 -3.997677306764748739e-04 7.317435657637025737e-04 7.071658651415719306e-05 0.000000000000000000e+00 7.669941739979461602e-04 1.208160261608973721e-04 -1.181757600727373196e-04 -5.423443284982440655e-04
7.049940130241243337e-04 -4.758766517252518589e-04 2.185658589728111442e-03 1.367238011148113957e-04 -6.345947530287317532e-04 1.011853550885097579e-04 4.455737763672769423e-04 7.669941739979461602e-04 0.000000000000000000e+00 -5.093402824592915780e-04 4.799359652828627748e-04 -7.151909817940364658e-04
2.787238980355673853e-04 -5.491705199021006210e-04 -1.064481974615584785e-03 3.484608854120928810e-05 1.062982902892517338e-03 4.259219771875517456e-04 -3.974118366606466004e-04 1.208160261608973721e-04 -5.093402824592915780e-04 0.000000000000000000e+00 -5.585078955701152297e-05 8.304279659681619141e-04
2.797121880501978039e-04 -6.627796060129553714e-04 1.563017447077506622e-03 -2.112073972807116773e-04 7.852263573185584017e-04 -3.376220425419667356e-04 -6.156648986784227272e-04 -1.181757600727373196e-04 4.799359652828627748e-04 -5.585078955701152297e-05 0.000000000000000000e+00 -1.090440959620011169e-04
3.722985025404217845e-04 8.328594780243536375e-04 1.317537112662398046e-04 -3.922167195423949325e-04 7.700954003932427498e-05 -8.927970592760630861e-04 4.096200450176809061e-04 -5.423443284982440655e-04 -7.151909817940364658e-04 8.304279659681619141e-04 -1.090440959620011169e-04 0.000000000000000000e+00
