0.000000000000000000e+00 -4.846831585785455528e-04 -7.819808276095373701e-04 2.529324877465756485e-05 1.168759183829055428e-05 4.775834622190207194e-05 -2.136257002143192817e-04 1.326353169726417441e-04 4.132534402270548785e-04 2.509198117592528624e-04 -3.047917177509181647e-04 -2.232051556232465231e-04
-4.846831585785455528e-04 0.000000000000000000e+00 -1.038995831281211641e-03 -4.473606155523975189e-04 -3.655591580486993461e-04 -3.873147617823508623e-05 -6.568011882813122419e-04 1.006173368138494261e-03 -8.564330817952916543e-04 -9.696275977121776362e-04 1.852875559569535052e-04 -3.653640283014988064e-04
-7.819808276095373701e-04 -1.038995831281211641e-03 0.000000000000000000e+00 -9.508265158705960169e-04 1.685792012659770994e-03 -1.100865154371174831e-03 1.877128723158845349e-03 2.901817897705782326e-04 -1.918290920644160746e-03 4.919405850567072462e-04 -5.484454298432190136e-04 5.884138324596117475e-04
2.529324877465756485e-05 -4.473606155523975189e-04 -9.508265158705960169e-04 0.000000000000000000e+00 1.114007051643556376e-03 5.377884320555831321e-05 -2.635972771635448453e-04 5.718693055716904785e-04 6.730723423949508616e-04 1.235288833203749669e-03 5.235504712545785595e-04 -7.811335965586100639e-04
1.168759183829055428e-05 -3.655591580486993461e-04 1.685792012659770994e-03 1.114007051643556376e-03 0.000000000000000000e+00 9.255672048991838729e-06 6.596547213438846589e-04 4.695249616772612339e-04 -7.209815137786298707e-04 3.667370834081871045e-04 -1.129253471480775440e-04 -1.368005374476197926e-04
4.775834622190207194e-05 -3.873147617823508623e-05 -1.100865154371174831e-03 5.377884320555831321e-05 9.255672048991838729e-06 0.000000000000000000e+00 -7.504273256762986630e-04 -1.686985476336749291e-04 7.101169203101178836e-05 2.739857731522642973e-04 2.139984652852425990e-05 -1.381019785450482797e-04
-2.136257002143192817e-04 -6.568011882813122419e-04 1.877128723158845349e-03 -2.635972771635448453e-04 6.596547213438846589e-04 -7.504273256762986630e-04 0.000000000000000000e+00 -1.117750474917893243e-03 1.351766001022001616e-03 8.794000174686616251e-04 2.872426386685410118e-04 -2.472185398320242465e-04
1.326353169726417441e-04 1.006173368138494261e-03 2.901817897705782326e-04 5.718693055716904785e-04 4.695249616772612339e-04 -1.686985476336749291e-04 -1.117750474917893243e-03 0.000000000000000000e+00 1.134316920706233218e-04 3.551873866217607830e-04 1.306932102398858072e-04 3.503403925371371096e-04
4.132534402270548785e-04 -8.564330817952916543e-04 -1.918290920644160746e-03 6.730723423949508616e-04 -7.209815137786298707e-04 7.101169203101178836e-05 1.351766001022001616e-03 1.134316920706233218e-04 0.000000000000000000e+00 8.895064414321647789e-04 3.387052544845037456e-04 3.835543673702779504e-04
2.509198117592528624e-04 -9.696275977121776362e-04 4.919405850567072462e-04 1.235288833203749669e-03 3.667370834081871045e-04 2.739857731522642973e-04 8.794000174686616251e-04 3.551873866217607830e-04 8.895064414321647789e-04 0.000000000000000000e+00 -9.660173741681320561e-05 -1.064856037006799356e-04
-3.047917177509181647e-04 1.852875559569535052e-04 -5.484454298432190136e-04 5.235504712545785595e-04 -1.129253471480775440e-04 2.139984652852425990e-05 2.872426386685410118e-04 1.306932102398858072e-04 3.387052544845037456e-04 -9.660173741681320561e-05 0.000000000000000000e+00 -2.490005494996994670e-04
-2.232051556232465231e-04 -3.653640283014988064e-04 5.884138324596117475e-04 -7.811335965586100639e-04 -1.368005374476197926e-04 -1.381019785450482797e-04 -2.472185398320242465e-04 3.503403925371371096e-04 3.835543673702779504e-04 -1.064856037006799356e-04 -2.490005494996994670e-04 0.000000000000000000e+00
