0.000000000000000000e+00 8.893570692313123227e-04 7.375084900392973354e-04 6.760485995367375867e-04 5.678637464969358206e-04 -2.263901868988596081e-05 1.997363768881555855e-04 4.226731609487352254e-04 -8.662934641499507550e-04 -2.412046577526108038e-04 3.664766507794178416e-04 1.690386413548461203e-04
8.893570692313123227e-04 0.000000000000000000e+00 -1.165191069391697566e-03 1.407465056166381113e-03 -4.049374103034012969e-04 -7.151687165506377039e-06 1.869635511495891132e-03 1.872060017667626303e-03 -1.000620663725228015e-03 5.747839810365228943e-04 -5.501320404728160139e-04 -2.861330124883402701e-04
7.375084900392973354e-04 -1.165191069391697566e-03 0.000000000000000000e+00 -3.850125790604353934e-03 -9.893498593112067896e-05 -9.379698503431466768e-04 3.015641916123256577e-03 2.369396709173071137e-03 -3.614881007818705663e-04 -1.422513960558431873e-03 7.289117724243423168e-04 1.172033279017889148e-03
6.760485995367375867e-04 1.407465056166381113e-03 -3.850125790604353934e-03 0.000000000000000000e+00 5.539201918405850392e-04 8.139626574297696921e-04 -7.181378955386000761e-04 4.407373527378158633e-04 4.912080649929078963e-04 4.187164448793790706e-04 -7.505102797800175356e-04 -4.440750771249004259e-04
5.678637464969358206e-04 -4.049374103034012969e-04 -9.893498593112067896e-05 5.539201918405850392e-04 0.000000000000000000e+00 -2.005656096415499854e-04 6.903305526072924577e-04 -4.150423334711081369e-05 3.144104912436889495e-04 4.817945961499509803e-04 -3.324100259323430214e-04 -3.128595008695709374e-04
-2.263901868988596081e-05 -7.151687165506377039e-06 -9.379698503431466768e-04 8.139626574297696921e-04 -2.005656096415499854e-04 0.000000000000000000e+00 -3.683945401811261990e-05 -3.736686929773366610e-04 -6.958417312026601549e-04 1.532716954864087492e-05 -1.964900420880691791e-04 1.123714191334843913e-05
1.997363768881555855e-04 1.869635511495891132e-03 3.015641916123256577e-03 -7.181378955386000761e-04 6.903305526072924577e-04 -3.683945401811261990e-05 0.000000000000000000e+00 1.015718325300628538e-03 1.003066964982685929e-03 -7.651265787738158533e-04 -5.994446965696911172e-04 5.033326078987871875e-04
4.226731609487352254e-04 1.872060017667626303e-03 2.369396709173071137e-03 4.407373527378158633e-04 -4.150423334711081369e-05 -3.736686929773366610e-04 1.015718325300628538e-03 0.000000000000000000e+00 7.126557760532557014e-04 -9.238962607512437360e-04 5.096798307801200150e-04 7.662854265013263209e-05
-8.662934641499507550e-04 -1.000620663725228015e-03 -3.614881007818705663e-04 4.912080649929078963e-04 3.144104912436889495e-04 -6.958417312026601549e-04 1.003066964982685929e-03 7.126557760532557014e-04 0.000000000000000000e+00 -1.036872966229227585e-03 -7.216417317819000211e-04 -4.779438507882980357e-04
-2.412046577526108038e-04 5.747839810365228943e-04 -1.422513960558431873e-03 4.187164448793790706e-04 4.817945961499509803e-04 1.532716954864087492e-05 -7.651265787738158533e-04 -9.238962607512437360e-04 -1.036872966229227585e-03 0.000000000000000000e+00 1.869017015320074309e-04 1.846112567193380059e-04
3.664766507794178416e-04 -5.501320404728160139e-04 7.289117724243423168e-04 -7.505102797800175356e-04 -3.324100259323430214e-04 -1.964900420880691791e-04 -5.994446965696911172e-04 5.096798307801200150e-04 -7.216417317819000211e-04 1.869017015320074309e-04 0.000000000000000000e+00 9.269495887389417581e-05
1.690386413548461203e-04 -2.861330124883402701e-04 1.172033279017889148e-03 -4.440750771249004259e-04 -3.128595008695709374e-04 1.123714191334843913e-05 5.033326078987871875e-04 7.662854265013263209e-05 -4.779438507882980357e-04 1.846112567193380059e-04 9.269495887389417581e-05 0.000000000000000000e+00
