0.000000000000000000e+00 -6.971908547355435033e-04 8.059405462710516124e-04 5.298024895277683721e-04 2.991495245546597643e-04 -2.903106992136817496e-04 -1.029433234985507216e-04 -2.778608517079474410e-04 -2.871619887227281178e-04 4.925156723760533905e-04 2.289687041891830331e-04 2.189926261947630550e-04
-6.971908547355435033e-04 0.000000000000000000e+00 1.955779306215575837e-03 -6.343506106211391519e-04 4.567473554369034437e-05 4.900708698035744371e-04 -9.471541980036169935e-05 -3.850888344541212628e-05 -1.741884957466618327e-03 8.339436818457764220e-04 -7.013880316097426560e-04 -5.945053247161704571e-04
8.059405462710516124e-04 1.955779306215575837e-03 0.000000000000000000e+00 -1.727242339593308262e-03 5.698748756741467999e-05 1.157705617967150761e-04 1.023837963688694697e-03 2.841364403701598712e-04 1.151847521524325142e-03 1.688860098508514207e-03 1.499477488237104699e-04 2.428233452258861836e-04
5.298024895277683721e-04 -6.343506106211391519e-04 -1.727242339593308262e-03 0.000000000000000000e+00 -2.365766636105523393e-04 -3.263608111718725507e-04 9.666101783890874814e-04 -1.149596514826667533e-03 1.036852554505043444e-03 9.793666750826728832e-04 -8.687554125712084515e-04 6.256152140574702553e-04
2.991495245546597643e-04 4.567473554369034437e-05 5.698748756741467999e-05 -2.365766636105523393e-04 0.000000000000000000e+00 -2.158708605131860758e-04 1.083041346504149890e-03 9.368879920242068841e-05 3.646324651381241313e-04 7.869413195474003129e-06 3.266556503274141215e-04 -2.851314732150249365e-04
-2.903106992136817496e-04 4.900708698035744371e-04 1.157705617967150761e-04 -3.263608111718725507e-04 -2.158708605131860758e-04 0.000000000000000000e+00 -5.675742060298841771e-04 3.855324168356929777e-04 3.220017327418573522e-04 -1.954280283409916491e-04 -2.748589386325359573e-04 1.326364245451171827e-04
-1.029433234985507216e-04 -9.471541980036169935e-05 1.023837963688694697e-03 9.666101783890874814e-04 1.083041346504149890e-03 -5.675742060298841771e-04 0.000000000000000000e+00 8.926558639041240299e-04 1.229245797731098747e-03 -7.562137865777468840e-04 -3.592964355074993637e-05 -6.936713683221129145e-04
-2.778608517079474410e-04 -3.850888344541212628e-05 2.841364403701598712e-04 -1.149596514826667533e-03 9.368879920242068841e-05 3.855324168356929777e-04 8.926558639041240299e-04 0.000000000000000000e+00 -3.236449477761517706e-04 -2.885312783962877049e-04 -2.734555474169507211e-04 3.083491340106240936e-06
-2.871619887227281178e-04 -1.741884957466618327e-03 1.151847521524325142e-03 1.036852554505043444e-03 3.646324651381241313e-04 3.220017327418573522e-04 1.229245797731098747e-03 -3.236449477761517706e-04 0.000000000000000000e+00 7.994315465457447209e-04 -2.652820255642882136e-05 4.715442572556868155e-04
4.925156723760533905e-04 8.339436818457764220e-04 1.688860098508514207e-03 9.793666750826728832e-04 7.869413195474003129e-06 -1.954280283409916491e-04 -7.562137865777468840e-04 -2.885312783962877049e-04 7.994315465457447209e-04 0.000000000000000000e+00 -3.230906781766346397e-04 1.937308929232563616e-04
2.289687041891830331e-04 -7.013880316097426560e-04 1.499477488237104699e-04 -8.687554125712084515e-04 3.266556503274141215e-04 -2.748589386325359573e-04 -3.592964355074993637e-05 -2.734555474169507211e-04 -2.652820255642882136e-05 -3.230906781766346397e-04 0.000000000000000000e+00 1.443481839248773706e-04
2.189926261947630550e-04 -5.945053247161704571e-04 2.428233452258861836e-04 6.256152140574702553e-04 -2.851314732150249365e-04 1.326364245451171827e-04 -6.936713683221129145e-04 3.083491340106240936e-06 4.715442572556868155e-04 1.937308929232563616e-04 1.443481839248773706e-04 0.000000000000000000e+00
