0.000000000000000000e+00 -7.985281701530991391e-04 -4.625994307313148262e-04 -1.649203916804102056e-05 1.016743402946219379e-04 7.500628607643467513e-04 -3.083299402559778763e-04 2.030644354233639560e-04 -8.829802984289983976e-05 2.817746917820282979e-04 3.255082171821420905e-05 -3.650642802765912830e-04
-7.985281701530991391e-04 0.000000000000000000e+00 -1.160725162730469329e-03 -4.872983537934401236e-04 1.480158061460874665e-03 -1.607932793967607006e-03 -2.194829375246283619e-04 2.266310636429871806e-04 5.546423172819659386e-04 -6.740127833317273746e-04 6.388855254649368140e-04 -1.274604505439982981e-03
-4.625994307313148262e-04 -1.160725162730469329e-03 0.000000000000000000e+00 4.347726345155449685e-04 -1.398812437914591670e-03 -4.698398275467336122e-04 1.272235710015096500e-04 5.642318927444702533e-04 -1.216754059081651269e-06 -7.387100207531016637e-04 3.421118102115375411e-04 2.638451376590915561e-04
-1.649203916804102056e-05 -4.872983537934401236e-04 4.347726345155449685e-04 0.000000000000000000e+00 3.931986315634457046e-05 -4.305386076045004083e-04 -2.403116761498046540e-04 -1.071786108214049809e-04 -1.464629871716179228e-04 6.029508855115854908e-04 2.560400136878637984e-04 -2.152441431835174933e-04
1.016743402946219379e-04 1.480158061460874665e-03 -1.398812437914591670e-03 3.931986315634457046e-05 0.000000000000000000e+00 2.498373228840704112e-03 -6.271725209605361626e-04 6.165131404702297517e-05 -1.251740345736077889e-03 -2.985709108758655746e-03 3.583760995160917501e-04 9.706679058171607897e-04
7.500628607643467513e-04 -1.607932793967607006e-03 -4.698398275467336122e-04 -4.305386076045004083e-04 2.498373228840704112e-03 0.000000000000000000e+00 4.475306615859839872e-04 -2.897709438634793033e-04 6.541628569142498607e-04 -1.939661900817725611e-03 1.412106506271339408e-04 2.252086425267437136e-04
-3.083299402559778763e-04 -2.194829375246283619e-04 1.272235710015096500e-04 -2.403116761498046540e-04 -6.271725209605361626e-04 4.475306615859839872e-04 0.000000000000000000e+00 1.486850649244027853e-04 2.539045839245084100e-04 -9.325065267930870093e-05 2.736227608731130537e-04 -7.870222274324864325e-05
2.030644354233639560e-04 2.266310636429871806e-04 5.642318927444702533e-04 -1.071786108214049809e-04 6.165131404702297517e-05 -2.897709438634793033e-04 1.486850649244027853e-04 0.000000000000000000e+00 -3.687825145739562064e-04 -1.769624293244363711e-04 -6.576365154928977882e-04 -4.067030510863242024e-04
-8.829802984289983976e-05 5.546423172819659386e-04 -1.216754059081651269e-06 -1.464629871716179228e-04 -1.251740345736077889e-03 6.541628569142498607e-04 2.539045839245084100e-04 -3.687825145739562064e-04 0.000000000000000000e+00 -9.520532907455633810e-04 7.428171543509293900e-04 -3.331891447039507102e-04
2.817746917820282979e-04 -6.740127833317273746e-04 -7.387100207531016637e-04 6.029508855115854908e-04 -2.985709108758655746e-03 -1.939661900817725611e-03 -9.325065267930870093e-05 -1.769624293244363711e-04 -9.520532907455633810e-04 0.000000000000000000e+00 -6.921898943951076272e-04 -6.912217052810437461e-04
3.255082171821420905e-05 6.388855254649368140e-04 3.421118102115375411e-04 2.560400136878637984e-04 3.583760995160917501e-04 1.412106506271339408e-04 2.736227608731130537e-04 -6.576365154928977882e-04 7.428171543509293900e-04 -6.921898943951076272e-04 0.000000000000000000e+00 -1.012519582478098226e-03
-3.650642802765912830e-04 -1.274604505439982981e-03 2.638451376590915561e-04 -2.152441431835174933e-04 9.706679058171607897e-04 2.252086425267437136e-04 -7.870222274324864325e-05 -4.067030510863242024e-04 -3.331891447039507102e-04 -6.912217052810437461e-04 -1.012519582478098226e-03 0.000000000000000000e+00
