0.000000000000000000e+00 -7.287099205023810436e-04 2.296045859166378589e-04 1.889393405105912419e-05 5.210801222554032209e-04 2.322072670534623868e-04 -2.154750988184118065e-04 -2.784101148705611282e-04 8.564818057043767526e-05 5.468235267516287986e-05 2.722256145348802485e-04 -2.107840908818782490e-05
-7.287099205023810436e-04 0.000000000000000000e+00 1.545412682332038604e-04 5.052486714756606624e-05 3.382733799452991184e-04 -2.125627454707579474e-03 -9.353033208117073451e-04 1.272688129165174117e-03 2.101201556625270856e-04 1.929692618681009631e-03 -1.152162037839229557e-03 -1.101344866023978852e-03
2.296045859166378589e-04 1.545412682332038604e-04 0.000000000000000000e+00 -3.289312594034838537e-04 9.537221973012390951e-04 1.237232373121183962e-04 -1.036410600734052000e-04 1.418054720737111512e-04 -2.582661216417783527e-04 4.197203949023243824e-04 -2.108009513453650084e-04 6.802509380776082960e-04
1.889393405105912419e-05 5.052486714756606624e-05 -3.289312594034838537e-04 0.000000000000000000e+00 -7.613497948697645502e-04 -6.518885395030186384e-04 -8.125441323544662590e-05 1.279253601440470233e-04 2.036095582031545383e-04 3.976911911056037652e-04 3.383813652817013826e-04 3.082200796569234185e-04
5.210801222554032209e-04 3.382733799452991184e-04 9.537221973012390951e-04 -7.613497948697645502e-04 0.000000000000000000e+00 -2.537632658104165516e-03 9.199013644216184112e-04 -1.107226519449969367e-03 1.958131867991624864e-04 2.378229009269687815e-03 -5.940893328740635016e-04 4.771063832040432404e-04
2.322072670534623868e-04 -2.125627454707579474e-03 1.237232373121183962e-04 -6.518885395030186384e-04 -2.537632658104165516e-03 0.000000000000000000e+00 6.292723730838196451e-04 -2.509748416145639554e-04 -8.206678688222897962e-04 -1.003027351774311629e-05 -1.911518453306790179e-03 8.371003238528797533e-04
-2.154750988184118065e-04 -9.353033208117073451e-04 -1.036410600734052000e-04 -8.125441323544662590e-05 9.199013644216184112e-04 6.292723730838196451e-04 0.000000000000000000e+00 -4.637828185586665130e-05 2.244451471956234302e-04 -2.569018549681301188e-04 -3.011416471188697159e-04 -8.678149072607127740e-05
-2.784101148705611282e-04 1.272688129165174117e-03 1.418054720737111512e-04 1.279253601440470233e-04 -1.107226519449969367e-03 -2.509748416145639554e-04 -4.637828185586665130e-05 0.000000000000000000e+00 -3.949775219145235041e-04 7.665172752105240545e-04 2.235158820304920238e-04 -2.685068604418713520e-04
8.564818057043767526e-05 2.101201556625270856e-04 -2.582661216417783527e-04 2.036095582031545383e-04 1.958131867991624864e-04 -8.206678688222897962e-04 2.244451471956234302e-04 -3.949775219145235041e-04 0.000000000000000000e+00 1.688998186401314888e-03 1.006729884961773394e-03 5.188955076324086677e-04
5.468235267516287986e-05 1.929692618681009631e-03 4.197203949023243824e-04 3.976911911056037652e-04 2.378229009269687815e-03 -1.003027351774311629e-05 -2.569018549681301188e-04 7.665172752105240545e-04 1.688998186401314888e-03 0.000000000000000000e+00 -4.802966777982826257e-04 -4.680528089947704764e-04
2.722256145348802485e-04 -1.152162037839229557e-03 -2.108009513453650084e-04 3.383813652817013826e-04 -5.940893328740635016e-04 -1.911518453306790179e-03 -3.011416471188697159e-04 2.235158820304920238e-04 1.006729884961773394e-03 -4.802966777982826257e-04 0.000000000000000000e+00 -3.587812657727118548e-04
-2.107840908818782490e-05 -1.101344866023978852e-03 6.802509380776082960e-04 3.082200796569234185e-04 4.771063832040432404e-04 8.371003238528797533e-04 -8.678149072607127740e-05 -2.685068604418713520e-04 5.188955076324086677e-04 -4.680528089947704764e-04 -3.587812657727118548e-04 0.000000000000000000e+00
