0.000000000000000000e+00 -3.820317756510676417e-04 -5.457739544116672588e-04 8.648442803337375354e-05 8.542008885463162234e-04 -2.388670025547473227e-04 -2.686959040985658709e-04 3.531792349047005778e-04 2.676496325695540955e-04 7.269620176473106385e-04 -5.941872821624870820e-05 -5.556070118483682016e-05
-3.820317756510676417e-04 0.000000000000000000e+00 -6.060316509073159332e-04 5.295331484366511002e-04 -4.322202877341636655e-03 1.508912538699632919e-03 -5.279192092437219163e-04 -3.763404472605905073e-04 6.469063605621326032e-04 2.714550058467034201e-04 -1.746016003835944123e-03 8.905890497516888871e-04
-5.457739544116672588e-04 -6.060316509073159332e-04 0.000000000000000000e+00 -1.046770298417406381e-04 4.720982627449001154e-04 3.611129816063663616e-04 2.392639437099266673e-04 5.894769799572263875e-04 1.921394653331842011e-04 -4.244350496956255151e-04 -8.360310700454737535e-04 -2.331193674970494223e-04
8.648442803337375354e-05 5.295331484366511002e-04 -1.046770298417406381e-04 0.000000000000000000e+00 1.264241686822442873e-04 -9.910155864873285755e-04 -2.313812556433201379e-04 2.020952925720334223e-04 1.001656771984598120e-04 6.119818255733921412e-04 -4.429102750500476721e-06 2.737204297975404685e-04
8.542008885463162234e-04 -4.322202877341636655e-03 4.720982627449001154e-04 1.264241686822442873e-04 0.000000000000000000e+00 2.353536737350766204e-03 -4.681910387670678610e-04 1.469806518082917429e-03 -5.038408614227106973e-04 8.672246283403443174e-05 1.308655756940964483e-03 1.493980454801963238e-03
-2.388670025547473227e-04 1.508912538699632919e-03 3.611129816063663616e-04 -9.910155864873285755e-04 2.353536737350766204e-03 0.000000000000000000e+00 -7.604841591441201558e-04 -2.541901667705377048e-04 1.590177307338818503e-05 -1.246722745511819833e-03 -2.913777516086215854e-04 1.321548176329414908e-03
-2.686959040985658709e-04 -5.279192092437219163e-04 2.392639437099266673e-04 -2.313812556433201379e-04 -4.681910387670678610e-04 -7.604841591441201558e-04 0.000000000000000000e+00 3.033920267011461073e-04 -3.211382686026516774e-04 5.044879835956214784e-04 -4.631807273900795862e-05 2.227784902877954300e-05
3.531792349047005778e-04 -3.763404472605905073e-04 5.894769799572263875e-04 2.020952925720334223e-04 1.469806518082917429e-03 -2.541901667705377048e-04 3.033920267011461073e-04 0.000000000000000000e+00 6.651132914063353141e-05 6.420707527242830882e-04 -1.115475557776305932e-03 -3.712156411526404474e-07
2.676496325695540955e-04 6.469063605621326032e-04 1.921394653331842011e-04 1.001656771984598120e-04 -5.038408614227106973e-04 1.590177307338818503e-05 -3.211382686026516774e-04 6.651132914063353141e-05 0.000000000000000000e+00 1.670240489392774814e-04 -2.435089029448048907e-04 -2.772804996289227357e-04
7.269620176473106385e-04 2.714550058467034201e-04 -4.244350496956255151e-04 6.119818255733921412e-04 8.672246283403443174e-05 -1.246722745511819833e-03 5.044879835956214784e-04 6.420707527242830882e-04 1.670240489392774814e-04 0.000000000000000000e+00 1.296892032430579608e-04 4.517581899092535047e-05
-5.941872821624870820e-05 -1.746016003835944123e-03 -8.360310700454737535e-04 -4.429102750500476721e-06 1.308655756940964483e-03 -2.913777516086215854e-04 -4.631807273900795862e-05 -1.115475557776305932e-03 -2.435089029448048907e-04 1.296892032430579608e-04 0.000000000000000000e+00 1.576068965986597320e-04
-5.556070118483682016e-05 8.905890497516888871e-04 -2.331193674970494223e-04 2.737204297975404685e-04 1.493980454801963238e-03 1.321548176329414908e-03 2.227784902877954300e-05 -3.712156411526404474e-07 -2.772804996289227357e-04 4.517581899092535047e-05 1.576068965986597320e-04 0.000000000000000000e+00
