0.000000000000000000e+00 -1.182425383703194837e-03 -5.699451741723800561e-04 9.842742617402239387e-05 -1.764935113859137370e-04 -9.379321514166819723e-04 -2.629607203246034280e-05 -2.605915032779674905e-04 1.592021693982583581e-04 -1.168363062662774391e-04 -5.545100256496687243e-04 1.102192901708887645e-04
-1.182425383703194837e-03 0.000000000000000000e+00 -3.828568510259575445e-04 -6.319950152576794475e-04 -5.980271128350507634e-04 1.589227433248595117e-03 3.742051915493029620e-04 -1.350550765732392699e-03 8.864639775120940418e-04 1.774085222196772815e-03 -1.191003093842412080e-03 1.260444666488056906e-03
-5.699451741723800561e-04 -3.828568510259575445e-04 0.000000000000000000e+00 -5.077325285055821766e-04 -5.916240326297891151e-05 3.798976157503642964e-04 -2.290950842253908638e-04 -3.382798218543209311e-05 2.299922196223289658e-04 -7.000189920692919017e-04 -7.478117647812550619e-04 -1.216453876023991998e-03
9.842742617402239387e-05 -6.319950152576794475e-04 -5.077325285055821766e-04 0.000000000000000000e+00 1.677432886690273907e-03 1.223260828557273675e-03 -6.840537188668939679e-04 -1.363996361263920061e-04 9.892100197462664951e-06 1.217401724560255444e-04 -9.293298964077087009e-04 4.611407124833741310e-04
-1.764935113859137370e-04 -5.980271128350507634e-04 -5.916240326297891151e-05 1.677432886690273907e-03 0.000000000000000000e+00 1.409006751031770602e-03 -1.362381378912737090e-03 -7.424196179064623466e-04 8.606495505936245186e-04 4.691885127105452244e-05 -2.350410285221416406e-04 -2.663859232708816818e-03
-9.379321514166819723e-04 1.589227433248595117e-03 3.798976157503642964e-04 1.223260828557273675e-03 1.409006751031770602e-03 0.000000000000000000e+00 1.092495930522298939e-03 -7.905864809020984397e-04 -1.138709197527574277e-03 2.164484937778734380e-03 -1.190426887364225790e-03 -1.152145282596950216e-03
-2.629607203246034280e-05 3.742051915493029620e-04 -2.290950842253908638e-04 -6.840537188668939679e-04 -1.362381378912737090e-03 1.092495930522298939e-03 0.000000000000000000e+00 1.370555929249847940e-04 -1.740350559280799670e-04 3.163199098635298065e-04 2.975246776003657160e-05 -7.224268305993664921e-04
-2.605915032779674905e-04 -1.350550765732392699e-03 -3.382798218543209311e-05 -1.363996361263920061e-04 -7.424196179064623466e-04 -7.905864809020984397e-04 1.370555929249847940e-04 0.000000000000000000e+00 -1.916370049619034281e-04 4.206573165534213416e-04 -5.378678039060424618e-04 -7.170773984311744386e-04
1.592021693982583581e-04 8.864639775120940418e-04 2.299922196223289658e-04 9.892100197462664951e-06 8.606495505936245186e-04 -1.138709197527574277e-03 -1.740350559280799670e-04 -1.916370049619034281e-04 0.000000000000000000e+00 -1.087069881011847429e-03 -1.054827426786805484e-03 1.321011437111282310e-04
-1.168363062662774391e-04 1.774085222196772815e-03 -7.000189920692919017e-04 1.217401724560255444e-04 4.691885127105452244e-05 2.164484937778734380e-03 3.163199098635298065e-04 4.206573165534213416e-04 -1.087069881011847429e-03 0.000000000000000000e+00 -9.329590926757535966e-04 9.758693063281769940e-04
-5.545100256496687243e-04 -1.191003093842412080e-03 -7.478117647812550619e-04 -9.293298964077087009e-04 -2.350410285221416406e-04 -1.190426887364225790e-03 2.975246776003657160e-05 -5.378678039060424618e-04 -1.054827426786805484e-03 -9.329590926757535966e-04 0.000000000000000000e+00 1.770053413036193560e-05
1.102192901708887645e-04 1.260444666488056906e-03 -1.216453876023991998e-03 4.611407124833741310e-04 -2.663859232708816818e-03 -1.152145282596950216e-03 -7.224268305993664921e-04 -7.170773984311744386e-04 1.321011437111282310e-04 9.758693063281769940e-04 1.770053413036193560e-05 0.000000000000000000e+00
