0.000000000000000000e+00 1.920558949046864369e-04 5.690038001077950139e-04 -3.045739143763760877e-04 -3.076435081000293580e-04 8.574480414452087225e-04 1.957810462663104863e-04 3.980953217271803271e-04 -4.827143047976043379e-04 7.937889336812389016e-04 5.842647290596354997e-04 1.510132213907614896e-04
1.920558949046864369e-04 0.000000000000000000e+00 -4.690348240983846484e-04 1.745800627252677413e-04 2.606613305069755727e-03 -2.768305381187597964e-03 3.911986610991071973e-04 1.485457886690744731e-04 -1.550137940134807069e-03 5.425382063543000366e-04 -5.257102931396092456e-04 -1.078592547870111003e-03
5.690038001077950139e-04 -4.690348240983846484e-04 0.000000000000000000e+00 3.967789279926129580e-04 8.745815762501490866e-04 1.936334481704086400e-03 6.565061432965558336e-05 3.239498835946833942e-04 -3.322640106025869801e-04 1.452232088649235274e-04 8.219054604864709207e-05 -1.015352243882404904e-03
-3.045739143763760877e-04 1.745800627252677413e-04 3.967789279926129580e-04 0.000000000000000000e+00 -1.309628868215597253e-03 6.312288913667095640e-04 -1.732074720504382724e-04 -1.496921814991582483e-04 1.315297230205173115e-04 -5.686990092348375965e-04 -6.754935949000566171e-04 3.157296392949851126e-04
-3.076435081000293580e-04 2.606613305069755727e-03 8.745815762501490866e-04 -1.309628868215597253e-03 0.000000000000000000e+00 -3.453658518292426847e-03 -6.534254996310143084e-04 7.480401494653832672e-04 -5.489693617232971031e-04 -2.009003043823751576e-03 1.109124665569157257e-03 6.621319427468347471e-04
8.574480414452087225e-04 -2.768305381187597964e-03 1.936334481704086400e-03 6.312288913667095640e-04 -3.453658518292426847e-03 0.000000000000000000e+00 4.793680060049851734e-04 -7.494429872366739057e-05 1.653130882115539085e-03 5.014003050117723939e-04 -2.137605612335002997e-05 -3.659449145471254674e-04
1.957810462663104863e-04 3.911986610991071973e-04 6.565061432965558336e-05 -1.732074720504382724e-04 -6.534254996310143084e-04 4.793680060049851734e-04 0.000000000000000000e+00 -2.075341365137923989e-04 -1.009814901696867555e-04 1.841259693038557570e-04 4.034718481977094971e-05 2.866166431349969268e-04
3.980953217271803271e-04 1.485457886690744731e-04 3.239498835946833942e-04 -1.496921814991582483e-04 7.480401494653832672e-04 -7.494429872366739057e-05 -2.075341365137923989e-04 0.000000000000000000e+00 4.537996467240152255e-04 2.679012368394542124e-04 -5.480217268104145773e-04 3.808225487022744334e-04
-4.827143047976043379e-04 -1.550137940134807069e-03 -3.322640106025869801e-04 1.315297230205173115e-04 -5.489693617232971031e-04 1.653130882115539085e-03 -1.009814901696867555e-04 4.537996467240152255e-04 0.000000000000000000e+00 6.347438788465716930e-04 -1.267460237803840839e-04 3.101451723766967985e-04
7.937889336812389016e-04 5.425382063543000366e-04 1.452232088649235274e-04 -5.686990092348375965e-04 -2.009003043823751576e-03 5.014003050117723939e-04 1.841259693038557570e-04 2.679012368394542124e-04 6.347438788465716930e-04 0.000000000000000000e+00 -4.204010727988299412e-04 1.580801767080236792e-04
5.842647290596354997e-04 -5.257102931396092456e-04 8.219054604864709207e-05 -6.754935949000566171e-04 1.109124665569157257e-03 -2.137605612335002997e-05 4.034718481977094971e-05 -5.480217268104145773e-04 -1.267460237803840839e-04 -4.204010727988299412e-04 0.000000000000000000e+00 -5.668333924946209910e-05
1.510132213907614896e-04 -1.078592547870111003e-03 -1.015352243882404904e-03 3.157296392949851126e-04 6.621319427468347471e-04 -3.659449145471254674e-04 2.866166431349969268e-04 3.808225487022744334e-04 3.101451723766967985e-04 1.580801767080236792e-04 -5.668333924946209910e-05 0.000000000000000000e+00
