0.000000000000000000e+00 6.694798354207897890e-04 5.311417250566226539e-04 -3.856684883953908965e-04 2.834755626793092256e-04 1.109225479698825942e-03 -1.533170472722020043e-04 -2.970371028932261478e-05 -5.436564083398825239e-04 8.010882710540557583e-04 5.272338736451877674e-04 -4.074507934086438079e-04
6.694798354207897890e-04 0.000000000000000000e+00 4.642550936779156912e-04 -3.670520071069569858e-04 -1.035682466864549850e-03 -9.674830264784931109e-04 3.723487455553235802e-04 -1.838864251172806462e-04 -1.003127806971318686e-03 3.546868464291281749e-04 -1.638128615006610343e-04 -2.689843719525349054e-04
5.311417250566226539e-04 4.642550936779156912e-04 0.000000000000000000e+00 -2.024418718420778701e-04 9.557521356403854591e-04 -5.600759129114451628e-04 -6.393277110727592404e-04 -2.266840630867896715e-04 -2.427489458529693124e-04 -3.753948969697459462e-05 -2.045260294227047916e-04 2.790995634692060735e-04
-3.856684883953908965e-04 -3.670520071069569858e-04 -2.024418718420778701e-04 0.000000000000000000e+00 -9.692912519894586508e-04 -1.278088521219837668e-04 8.304421190135018822e-04 1.661715017599173661e-04 7.083766717281172846e-04 4.678808894103769441e-04 -6.669907163114218622e-05 3.065936959833114798e-04
2.834755626793092256e-04 -1.035682466864549850e-03 9.557521356403854591e-04 -9.692912519894586508e-04 0.000000000000000000e+00 -9.435580960820173909e-04 -1.145224365954911148e-03 1.142624666284046886e-03 9.076573106087045288e-04 3.628287716406171154e-04 1.755344215742188048e-03 -7.321099985477817805e-04
1.109225479698825942e-03 -9.674830264784931109e-04 -5.600759129114451628e-04 -1.278088521219837668e-04 -9.435580960820173909e-04 0.000000000000000000e+00 1.048917865018822969e-03 -2.058959891041193483e-04 -2.352515133644785190e-04 2.110965237530016618e-04 -1.433625630910757018e-03 -8.923402079885390820e-04
-1.533170472722020043e-04 3.723487455553235802e-04 -6.393277110727592404e-04 8.304421190135018822e-04 -1.145224365954911148e-03 1.048917865018822969e-03 0.000000000000000000e+00 -4.268846145736316646e-04 -5.593297917762796428e-04 1.456595303399552859e-03 -2.673124148240493695e-04 -7.469734957434138579e-06
-2.970371028932261478e-05 -1.838864251172806462e-04 -2.266840630867896715e-04 1.661715017599173661e-04 1.142624666284046886e-03 -2.058959891041193483e-04 -4.268846145736316646e-04 0.000000000000000000e+00 -5.379645240125790302e-04 1.822335860080938450e-04 5.594243869701610904e-04 9.554594780287204228e-05
-5.436564083398825239e-04 -1.003127806971318686e-03 -2.427489458529693124e-04 7.083766717281172846e-04 9.076573106087045288e-04 -2.352515133644785190e-04 -5.593297917762796428e-04 -5.379645240125790302e-04 0.000000000000000000e+00 -8.201638018098762533e-04 -2.221329845553597865e-04 -3.106986925370332393e-04
8.010882710540557583e-04 3.546868464291281749e-04 -3.753948969697459462e-05 4.678808894103769441e-04 3.628287716406171154e-04 2.110965237530016618e-04 1.456595303399552859e-03 1.822335860080938450e-04 -8.201638018098762533e-04 0.000000000000000000e+00 -4.736115827598416607e-04 5.542590075015510096e-04
5.272338736451877674e-04 -1.638128615006610343e-04 -2.045260294227047916e-04 -6.669907163114218622e-05 1.755344215742188048e-03 -1.433625630910757018e-03 -2.673124148240493695e-04 5.594243869701610904e-04 -2.221329845553597865e-04 -4.736115827598416607e-04 0.000000000000000000e+00 4.388479941477743917e-05
-4.074507934086438079e-04 -2.689843719525349054e-04 2.790995634692060735e-04 3.065936959833114798e-04 -7.321099985477817805e-04 -8.923402079885390820e-04 -7.469734957434138579e-06 9.554594780287204228e-05 -3.106986925370332393e-04 5.542590075015510096e-04 4.388479941477743917e-05 0.000000000000000000e+00
