0.000000000000000000e+00 1.085571165034401663e-04 5.191314777589670863e-04 1.796096533048996337e-04 -2.740183089276660485e-03 7.445389056290130988e-05 -1.218558316715146741e-03 2.169629081083520390e-04 -6.965289414423235905e-05 -5.179406597382267682e-04 -8.639355559833647360e-04 7.783573720491390301e-04
1.085571165034401663e-04 0.000000000000000000e+00 3.993403014699449635e-04 2.217283941034657046e-05 3.998123592902992672e-04 2.908648921221914404e-04 6.545074430960166108e-04 2.430183542452039307e-06 2.040515022621434038e-04 -4.937572925735501808e-04 5.264681059147730338e-04 2.591745668669655678e-04
5.191314777589670863e-04 3.993403014699449635e-04 0.000000000000000000e+00 2.783422373800933575e-05 1.062892948619718057e-04 -4.929467815651176034e-04 -1.011322044430313857e-04 3.499619518510286935e-04 4.899752974484183508e-04 -2.181465142259640915e-04 5.846369431251739773e-05 1.708417478204462463e-04
1.796096533048996337e-04 2.217283941034657046e-05 2.783422373800933575e-05 0.000000000000000000e+00 -1.370326281513549937e-03 -6.616129504756962029e-04 2.851065244190695617e-04 -3.088421161201630001e-04 -8.323202399832430216e-04 1.197610164600300831e-04 3.564482737761121185e-04 -3.237254985044888496e-04
-2.740183089276660485e-03 3.998123592902992672e-04 1.062892948619718057e-04 -1.370326281513549937e-03 0.000000000000000000e+00 -8.933128429818599364e-04 2.408650585864374402e-03 1.296774009127328120e-03 -6.280663245736236612e-04 1.649025146937129057e-03 -4.388894569242693952e-05 1.336795135793686622e-03
7.445389056290130988e-05 2.908648921221914404e-04 -4.929467815651176034e-04 -6.616129504756962029e-04 -8.933128429818599364e-04 0.000000000000000000e+00 -1.090718466905240668e-03 1.184798604036102991e-04 -3.933378028916831835e-05 4.233758499168058297e-05 1.507299312244913441e-03 2.688766454254017959e-04
-1.218558316715146741e-03 6.545074430960166108e-04 -1.011322044430313857e-04 2.851065244190695617e-04 2.408650585864374402e-03 -1.090718466905240668e-03 0.000000000000000000e+00 -6.633790538920524612e-04 -6.190528778545363858e-04 -1.040766768076366658e-03 -1.237545855642848509e-03 2.074167305590767017e-04
2.169629081083520390e-04 2.430183542452039307e-06 3.499619518510286935e-04 -3.088421161201630001e-04 1.296774009127328120e-03 1.184798604036102991e-04 -6.633790538920524612e-04 0.000000000000000000e+00 -2.669503612802561019e-04 1.019438497765083796e-04 1.788453005754675235e-04 1.470170725329129631e-04
-6.965289414423235905e-05 2.040515022621434038e-04 4.899752974484183508e-04 -8.323202399832430216e-04 -6.280663245736236612e-04 -3.933378028916831835e-05 -6.190528778545363858e-04 -2.669503612802561019e-04 0.000000000000000000e+00 8.035412309012030614e-04 -1.220889154434652091e-03 -5.964230759558573859e-04
-5.179406597382267682e-04 -4.937572925735501808e-04 -2.181465142259640915e-04 1.197610164600300831e-04 1.649025146937129057e-03 4.233758499168058297e-05 -1.040766768076366658e-03 1.019438497765083796e-04 8.035412309012030614e-04 0.000000000000000000e+00 1.816087876348859286e-04 7.017105332884580459e-05
-8.639355559833647360e-04 5.264681059147730338e-04 5.846369431251739773e-05 3.564482737761121185e-04 -4.388894569242693952e-05 1.507299312244913441e-03 -1.237545855642848509e-03 1.788453005754675235e-04 -1.220889154434652091e-03 1.816087876348859286e-04 0.000000000000000000e+00 -4.074200559095302867e-04
7.783573720491390301e-04 2.591745668669655678e-04 1.708417478204462463e-04 -3.237254985044888496e-04 1.336795135793686622e-03 2.688766454254017959e-04 2.074167305590767017e-04 1.470170725329129631e-04 -5.964230759558573859e-04 7.017105332884580459e-05 -4.074200559095302867e-04 0.000000000000000000e+00
