0.000000000000000000e+00 -6.982466672420180624e-04 -4.286396297740514578e-04 -5.467761963896940148e-04 5.899139057749077161e-05 2.081559725845660673e-04 -2.859146256551129642e-04 2.742414045260730044e-04 8.230523487257548768e-04 -2.499810486161480310e-04 1.626982637586366857e-03 -8.677485990447443651e-04
-6.982466672420180624e-04 0.000000000000000000e+00 -3.681118642256644611e-04 -6.251472234736102189e-04 7.220156376720548129e-04 -3.426100060915132270e-04 -4.411851540536775008e-04 2.560490519374411110e-04 7.115330431065574734e-04 4.595531971709652876e-04 -1.779401088235658479e-04 8.667323674313723509e-05
-4.286396297740514578e-04 -3.681118642256644611e-04 0.000000000000000000e+00 3.402555197751359374e-04 8.592208051837605439e-04 -3.773864031445962734e-05 5.788972502976351409e-04 2.670521073074838526e-04 -3.819498174063426705e-04 2.594717663200687583e-04 3.476423377981024813e-04 -3.248878074243362075e-04
-5.467761963896940148e-04 -6.251472234736102189e-04 3.402555197751359374e-04 0.000000000000000000e+00 8.049757268379302121e-04 5.236480713233870139e-04 -1.192680678414102346e-04 2.904826369218500067e-04 -4.499908394749480445e-04 8.735939440331001553e-04 8.102851528736412616e-04 4.474739250806088393e-04
5.899139057749077161e-05 7.220156376720548129e-04 8.592208051837605439e-04 8.049757268379302121e-04 0.000000000000000000e+00 5.783167036289483571e-05 5.701352420264201070e-04 -4.627225619090425220e-05 3.310731167832067171e-03 1.842647672293584943e-03 -1.098712281189310070e-03 3.092018353597178644e-04
2.081559725845660673e-04 -3.426100060915132270e-04 -3.773864031445962734e-05 5.236480713233870139e-04 5.783167036289483571e-05 0.000000000000000000e+00 1.096427511911935012e-03 1.328922895486305835e-04 -1.119798589740785911e-03 -2.611120546343734445e-04 -1.270574328290645328e-03 1.199549358299789906e-04
-2.859146256551129642e-04 -4.411851540536775008e-04 5.788972502976351409e-04 -1.192680678414102346e-04 5.701352420264201070e-04 1.096427511911935012e-03 0.000000000000000000e+00 -3.387581761833412296e-04 1.744884155383159829e-03 8.176765315360365761e-04 -8.674981105730958939e-04 -5.616801625730105576e-04
2.742414045260730044e-04 2.560490519374411110e-04 2.670521073074838526e-04 2.904826369218500067e-04 -4.627225619090425220e-05 1.328922895486305835e-04 -3.387581761833412296e-04 0.000000000000000000e+00 -1.966986714570787464e-04 -4.357261463622352608e-04 2.367349725328382788e-04 -1.633596387005065381e-04
8.230523487257548768e-04 7.115330431065574734e-04 -3.819498174063426705e-04 -4.499908394749480445e-04 3.310731167832067171e-03 -1.119798589740785911e-03 1.744884155383159829e-03 -1.966986714570787464e-04 0.000000000000000000e+00 -3.949230346247029392e-04 1.348952537022395570e-03 -5.058995396356097732e-05
-2.499810486161480310e-04 4.595531971709652876e-04 2.594717663200687583e-04 8.735939440331001553e-04 1.842647672293584943e-03 -2.611120546343734445e-04 8.176765315360365761e-04 -4.357261463622352608e-04 -3.949230346247029392e-04 0.000000000000000000e+00 9.700439447587770386e-04 2.132625361139429856e-04
1.626982637586366857e-03 -1.779401088235658479e-04 3.476423377981024813e-04 8.102851528736412616e-04 -1.098712281189310070e-03 -1.270574328290645328e-03 -8.674981105730958939e-04 2.367349725328382788e-04 1.348952537022395570e-03 9.700439447587770386e-04 0.000000000000000000e+00 -7.043537254143000369e-04
-8.677485990447443651e-04 8.667323674313723509e-05 -3.248878074243362075e-04 4.474739250806088393e-04 3.092018353597178644e-04 1.199549358299789906e-04 -5.616801625730105576e-04 -1.633596387005065381e-04 -5.058995396356097732e-05 2.132625361139429856e-04 -7.043537254143000369e-04 0.000000000000000000e+00
