0.000000000000000000e+00 -1.435412796346035994e-04 -1.381029756812186251e-04 4.203597867339993227e-04 -2.133876648332706794e-03 -2.336444385317761334e-04 1.175314020548385912e-03 5.193002215317701334e-04 1.707538592796178879e-03 6.304664721979653984e-04 -1.987693022853449613e-03 -1.921570202560000126e-04
-1.435412796346035994e-04 0.000000000000000000e+00 -1.438744119430439042e-05 3.079917819062229548e-04 1.139215442883602684e-03 -3.357159171506635684e-04 5.833062077405375698e-04 -2.110668084563759972e-04 -5.173162638738373637e-04 -1.064276459042848397e-04 -5.384245813397779863e-04 2.005024036351830019e-04
-1.381029756812186251e-04 -1.438744119430439042e-05 0.000000000000000000e+00 -4.008412666090711168e-04 -2.403796675659515840e-04 2.424324449610314527e-04 -9.984155330203165792e-04 3.385127142778131260e-04 -7.415004908950780307e-04 7.716003190702657583e-04 4.214187452676766829e-04 -3.880434281276478876e-04
4.203597867339993227e-04 3.079917819062229548e-04 -4.008412666090711168e-04 0.000000000000000000e+00 8.457859543620285803e-04 -3.286911347535018558e-04 -5.902533063662921461e-04 4.807668983484426840e-05 -7.722534663974017994e-05 -1.225016352287931082e-04 5.539008499669516045e-04 4.221727246472458642e-04
-2.133876648332706794e-03 1.139215442883602684e-03 -2.403796675659515840e-04 8.457859543620285803e-04 0.000000000000000000e+00 2.839127608247430604e-03 -2.671581897338951971e-03 -3.388851742574652609e-04 2.557351740587556366e-03 2.259884077229500771e-03 -2.999154854169495087e-03 9.834868229322108694e-04
-2.336444385317761334e-04 -3.357159171506635684e-04 2.424324449610314527e-04 -3.286911347535018558e-04 2.839127608247430604e-03 0.000000000000000000e+00 1.237768137602463913e-03 -2.100950178541298298e-05 -7.760313229993176108e-05 6.760056382383407888e-04 4.203447979245896957e-04 -1.749517446542999863e-04
1.175314020548385912e-03 5.833062077405375698e-04 -9.984155330203165792e-04 -5.902533063662921461e-04 -2.671581897338951971e-03 1.237768137602463913e-03 0.000000000000000000e+00 -2.868312653524133604e-04 -6.779796831121097335e-04 -2.423554021237613520e-04 2.102649511238319745e-03 -1.800448222342558872e-04
5.193002215317701334e-04 -2.110668084563759972e-04 3.385127142778131260e-04 4.807668983484426840e-05 -3.388851742574652609e-04 -2.100950178541298298e-05 -2.868312653524133604e-04 0.000000000000000000e+00 3.695148762096511536e-04 2.503544205626855295e-04 -5.717709209021507423e-04 -3.490220682042289332e-04
1.707538592796178879e-03 -5.173162638738373637e-04 -7.415004908950780307e-04 -7.722534663974017994e-05 2.557351740587556366e-03 -7.760313229993176108e-05 -6.779796831121097335e-04 3.695148762096511536e-04 0.000000000000000000e+00 1.126745079697223390e-03 1.171609671683473053e-03 1.429105514865087480e-04
6.304664721979653984e-04 -1.064276459042848397e-04 7.716003190702657583e-04 -1.225016352287931082e-04 2.259884077229500771e-03 6.760056382383407888e-04 -2.423554021237613520e-04 2.503544205626855295e-04 1.126745079697223390e-03 0.000000000000000000e+00 -8.837595722758646291e-04 6.471700656271297874e-04
-1.987693022853449613e-03 -5.384245813397779863e-04 4.214187452676766829e-04 5.539008499669516045e-04 -2.999154854169495087e-03 4.203447979245896957e-04 2.102649511238319745e-03 -5.717709209021507423e-04 1.171609671683473053e-03 -8.837595722758646291e-04 0.000000000000000000e+00 2.480863477576384507e-04
-1.921570202560000126e-04 2.005024036351830019e-04 -3.880434281276478876e-04 4.221727246472458642e-04 9.834868229322108694e-04 -1.749517446542999863e-04 -1.800448222342558872e-04 -3.490220682042289332e-04 1.429105514865087480e-04 6.471700656271297874e-04 2.480863477576384507e-04 0.000000000000000000e+00
