0.000000000000000000e+00 -8.991220163503673779e-04 -2.309830525418807116e-04 1.252307792898976974e-03 -1.482175389266380378e-04 5.374312619493892883e-05 -8.886232813693236256e-04 4.274083269013327158e-04 -9.131482354177474902e-04 -7.892845870939694825e-04 9.937917878658625564e-04 2.011569228608215201e-03
-8.991220163503673779e-04 0.000000000000000000e+00 3.548050079652957699e-04 -6.316329938451139799e-04 -8.661502658234744448e-05 1.742242195836258092e-04 -1.423736393251851049e-04 4.699961123682883709e-04 2.134250646245285988e-04 -2.746680280491089476e-05 1.059433253750669381e-03 7.215743904198414216e-04
-2.309830525418807116e-04 3.548050079652957699e-04 0.000000000000000000e+00 -8.340066950884402397e-04 8.025458059747654378e-04 -2.620941154608429687e-04 -7.384831764967404646e-04 4.404182537432340359e-04 6.541129447235050336e-05 5.164500183953491582e-04 5.203715587764753351e-04 -1.058022245653265784e-03
1.252307792898976974e-03 -6.316329938451139799e-04 -8.340066950884402397e-04 0.000000000000000000e+00 -1.058901887174526969e-05 -1.117945835265018355e-03 4.416570991567149332e-04 -5.881900252789733230e-05 8.221079438528066568e-04 8.588955343572238698e-04 1.403483288442358397e-03 -2.270145008006226647e-03
-1.482175389266380378e-04 -8.661502658234744448e-05 8.025458059747654378e-04 -1.058901887174526969e-05 0.000000000000000000e+00 -5.955340637542475349e-04 2.979039310939059931e-04 -1.319945748423814562e-04 -3.098917188107407658e-04 -4.677899740116755979e-04 -1.086609818240078006e-03 -7.018579935554020805e-04
5.374312619493892883e-05 1.742242195836258092e-04 -2.620941154608429687e-04 -1.117945835265018355e-03 -5.955340637542475349e-04 0.000000000000000000e+00 -7.106215518389440459e-04 -3.436495965127075720e-04 1.580111449794546047e-04 3.400066469328934964e-04 7.129868412101122901e-04 -6.459421689469323343e-04
-8.886232813693236256e-04 -1.423736393251851049e-04 -7.384831764967404646e-04 4.416570991567149332e-04 2.979039310939059931e-04 -7.106215518389440459e-04 0.000000000000000000e+00 -2.032056422160665712e-04 -1.505803570223717748e-04 -3.658789634407912128e-04 -5.472733191572868650e-05 -1.229127694577998359e-04
4.274083269013327158e-04 4.699961123682883709e-04 4.404182537432340359e-04 -5.881900252789733230e-05 -1.319945748423814562e-04 -3.436495965127075720e-04 -2.032056422160665712e-04 0.000000000000000000e+00 -1.036396059723612397e-04 2.467967043457564426e-04 1.035621563702565770e-03 2.829237627636537811e-05
-9.131482354177474902e-04 2.134250646245285988e-04 6.541129447235050336e-05 8.221079438528066568e-04 -3.098917188107407658e-04 1.580111449794546047e-04 -1.505803570223717748e-04 -1.036396059723612397e-04 0.000000000000000000e+00 -9.390150170091303991e-06 -3.834943364285969066e-04 6.707320729039015043e-04
-7.892845870939694825e-04 -2.746680280491089476e-05 5.164500183953491582e-04 8.588955343572238698e-04 -4.677899740116755979e-04 3.400066469328934964e-04 -3.658789634407912128e-04 2.467967043457564426e-04 -9.390150170091303991e-06 0.000000000000000000e+00 -1.284288886293874520e-04 -1.719349046618899395e-04
9.937917878658625564e-04 1.059433253750669381e-03 5.203715587764753351e-04 1.403483288442358397e-03 -1.086609818240078006e-03 7.129868412101122901e-04 -5.472733191572868650e-05 1.035621563702565770e-03 -3.834943364285969066e-04 -1.284288886293874520e-04 0.000000000000000000e+00 -1.433133264812004202e-03
2.011569228608215201e-03 7.215743904198414216e-04 -1.058022245653265784e-03 -2.270145008006226647e-03 -7.018579935554020805e-04 -6.459421689469323343e-04 -1.229127694577998359e-04 2.829237627636537811e-05 6.707320729039015043e-04 -1.719349046618899395e-04 -1.433133264812004202e-03 0.000000000000000000e+00
