0.000000000000000000e+00 5.883217541098880810e-04 1.695409569396682083e-03 -4.397218747366344992e-05 2.224405939262189067e-04 -8.572809501242896610e-04 -7.713458193321004247e-04 9.398173352407565052e-04 -5.350224834215703672e-04 1.418447973161773151e-03 -3.349544872163754176e-04 1.685451425826612172e-03
5.883217541098880810e-04 0.000000000000000000e+00 -3.764037629931949727e-04 5.887210135456922948e-04 -4.709400773806168752e-04 5.734424616666395583e-04 -4.438771327289858077e-04 2.765120702818413528e-04 1.982742075622216887e-04 -3.818365215616086479e-05 -4.196334959783224166e-04 -4.075905843510825425e-05
1.695409569396682083e-03 -3.764037629931949727e-04 0.000000000000000000e+00 -1.739678709139504641e-03 -3.907498828942212966e-04 -1.344620847929540043e-04 -3.349570019227370195e-04 -7.673711252837994842e-04 5.234191898858353380e-05 -2.676354197598859838e-04 -7.087118276358706696e-05 3.910353353569449852e-04
-4.397218747366344992e-05 5.887210135456922948e-04 -1.739678709139504641e-03 0.000000000000000000e+00 4.469375744217520333e-04 -8.500823548118882547e-05 -1.389593664120006549e-03 6.938516364697821463e-04 -8.164491483557565149e-04 -8.696641060161976926e-04 -3.289676292722640890e-03 2.096735631293273477e-03
2.224405939262189067e-04 -4.709400773806168752e-04 -3.907498828942212966e-04 4.469375744217520333e-04 0.000000000000000000e+00 -3.828527649786071926e-04 -8.078805112958514388e-04 -2.032675032236133639e-04 9.382279387981852959e-05 2.441028008841442966e-04 -9.627871821398483387e-04 -3.357576609702574264e-04
-8.572809501242896610e-04 5.734424616666395583e-04 -1.344620847929540043e-04 -8.500823548118882547e-05 -3.828527649786071926e-04 0.000000000000000000e+00 -1.755999889035755066e-04 -3.590846005507466305e-04 4.642670053750491254e-04 3.843423566412632617e-04 -9.015431342190010505e-05 7.535519138005896496e-04
-7.713458193321004247e-04 -4.438771327289858077e-04 -3.349570019227370195e-04 -1.389593664120006549e-03 -8.078805112958514388e-04 -1.755999889035755066e-04 0.000000000000000000e+00 -3.033976688964265382e-04 -6.807713365123743536e-05 5.952940253902376652e-04 -3.539374028614161250e-04 3.675455631908043142e-04
9.398173352407565052e-04 2.765120702818413528e-04 -7.673711252837994842e-04 6.938516364697821463e-04 -2.032675032236133639e-04 -3.590846005507466305e-04 -3.033976688964265382e-04 0.000000000000000000e+00 -1.629599548641484804e-04 7.128896056473711196e-05 -6.355467426153645636e-04 -5.582343925429982239e-04
-5.350224834215703672e-04 1.982742075622216887e-04 5.234191898858353380e-05 -8.164491483557565149e-04 9.382279387981852959e-05 4.642670053750491254e-04 -6.807713365123743536e-05 -1.629599548641484804e-04 0.000000000000000000e+00 -8.347198115145783434e-04 -6.441406836576600743e-04 1.412975413380314696e-03
1.418447973161773151e-03 -3.818365215616086479e-05 -2.676354197598859838e-04 -8.696641060161976926e-04 2.441028008841442966e-04 3.843423566412632617e-04 5.952940253902376652e-04 7.128896056473711196e-05 -8.347198115145783434e-04 0.000000000000000000e+00 -1.422474834279042078e-03 -1.783900048658851626e-03
-3.349544872163754176e-04 -4.196334959783224166e-04 -7.087118276358706696e-05 -3.289676292722640890e-03 -9.627871821398483387e-04 -9.015431342190010505e-05 -3.539374028614161250e-04 -6.355467426153645636e-04 -6.441406836576600743e-04 -1.422474834279042078e-03 0.000000000000000000e+00 4.837532178802859853e-04
1.685451425826612172e-03 -4.075905843510825425e-05 3.910353353569449852e-04 2.096735631293273477e-03 -3.357576609702574264e-04 7.535519138005896496e-04 3.675455631908043142e-04 -5.582343925429982239e-04 1.412975413380314696e-03 -1.783900048658851626e-03 4.837532178802859853e-04 0.000000000000000000e+00
