0.000000000000000000e+00 -1.223460528782626625e-03 -1.748366078976563900e-03 9.468128153779518984e-04 -2.655509879033146785e-05 -1.039875179343990397e-03 -1.334522128550653833e-04 -2.026081688230150927e-04 7.638219718033947316e-04 -1.881314448101747961e-04 6.914709635608091770e-04 2.733293362018259908e-03
-1.223460528782626625e-03 0.000000000000000000e+00 -2.189930123390030378e-04 -4.967558251806034096e-04 4.513839452582390984e-05 2.745277901258109661e-04 2.426038833243895801e-04 2.202757690142335598e-04 2.551245261220920924e-04 3.786723771972192419e-04 7.224012736587603770e-04 5.028222609341575187e-04
-1.748366078976563900e-03 -2.189930123390030378e-04 0.000000000000000000e+00 1.802474661183914566e-03 -3.618611904607823963e-04 -5.750551685259789681e-05 4.421598683602434316e-04 -1.405832057058795277e-04 1.513599698552686582e-04 3.600518334282263878e-05 1.333839035926991708e-03 -9.221633489559403563e-04
9.468128153779518984e-04 -4.967558251806034096e-04 1.802474661183914566e-03 0.000000000000000000e+00 4.678632803292250594e-04 -1.651152301746873280e-04 1.964014239949780135e-03 -4.372805764749095980e-04 1.135336943798392304e-04 -6.529698555416254884e-04 1.072339128073745464e-03 1.250063847228117348e-03
-2.655509879033146785e-05 4.513839452582390984e-05 -3.618611904607823963e-04 4.678632803292250594e-04 0.000000000000000000e+00 4.111383985693461941e-05 -2.187209334020136329e-04 6.701369635348361422e-05 2.473823413259605892e-04 -3.526028682988160772e-04 -3.499777169919955199e-04 -4.243611789491806129e-04
-1.039875179343990397e-03 2.745277901258109661e-04 -5.750551685259789681e-05 -1.651152301746873280e-04 4.111383985693461941e-05 0.000000000000000000e+00 2.324829392361100306e-04 -2.490215955427708462e-04 4.403116484142422546e-04 -1.790171722771901372e-04 -6.521626411531218810e-04 1.094811674837714360e-03
-1.334522128550653833e-04 2.426038833243895801e-04 4.421598683602434316e-04 1.964014239949780135e-03 -2.187209334020136329e-04 2.324829392361100306e-04 0.000000000000000000e+00 2.034645493778611714e-04 -7.345684628986628734e-04 1.126135110358376305e-04 -1.487253159797754902e-03 1.737269810666147328e-03
-2.026081688230150927e-04 2.202757690142335598e-04 -1.405832057058795277e-04 -4.372805764749095980e-04 6.701369635348361422e-05 -2.490215955427708462e-04 2.034645493778611714e-04 0.000000000000000000e+00 -9.880511549339646279e-05 -1.612582095291136572e-04 -6.526241142999442699e-04 4.197062691026032613e-04
7.638219718033947316e-04 2.551245261220920924e-04 1.513599698552686582e-04 1.135336943798392304e-04 2.473823413259605892e-04 4.403116484142422546e-04 -7.345684628986628734e-04 -9.880511549339646279e-05 0.000000000000000000e+00 -2.801712090140517919e-04 1.208913841123943761e-03 6.116084267988183224e-04
-1.881314448101747961e-04 3.786723771972192419e-04 3.600518334282263878e-05 -6.529698555416254884e-04 -3.526028682988160772e-04 -1.790171722771901372e-04 1.126135110358376305e-04 -1.612582095291136572e-04 -2.801712090140517919e-04 0.000000000000000000e+00 5.758086508213964769e-04 2.843558418867606877e-04
6.914709635608091770e-04 7.224012736587603770e-04 1.333839035926991708e-03 1.072339128073745464e-03 -3.499777169919955199e-04 -6.521626411531218810e-04 -1.487253159797754902e-03 -6.526241142999442699e-04 1.208913841123943761e-03 5.758086508213964769e-04 0.000000000000000000e+00 5.111271155450627761e-04
2.733293362018259908e-03 5.028222609341575187e-04 -9.221633489559403563e-04 1.250063847228117348e-03 -4.243611789491806129e-04 1.094811674837714360e-03 1.737269810666147328e-03 4.197062691026032613e-04 6.116084267988183224e-04 2.843558418867606877e-04 5.111271155450627761e-04 0.000000000000000000e+00
