0.000000000000000000e+00 2.870200804105599106e-04 -1.209123262121230852e-03 -1.637071643195481176e-03 1.208071724388330584e-03 1.596074903774025297e-03 -1.434392379478067694e-05 1.122835416330823961e-03 9.289682057946012633e-04 7.600661152776346571e-04 -1.346264313158751329e-03 2.447892350372842842e-03
2.870200804105599106e-04 0.000000000000000000e+00 5.617920497057408025e-04 -5.383308600878540778e-04 -1.650841664624939291e-04 -3.523033959589621155e-04 -3.232868382936858725e-04 1.051440441729943723e-04 -3.543708827566846554e-04 3.377137039089041031e-04 9.156627857901046997e-05 8.389844523568628807e-04
-1.209123262121230852e-03 5.617920497057408025e-04 0.000000000000000000e+00 2.735810608573316068e-04 -3.265709066076150297e-04 -4.505709242116596948e-04 6.331765765453852696e-04 -3.490868597283211115e-04 8.157903534257551813e-05 3.108560917952041757e-04 1.615930616833642121e-03 2.335435339903185314e-03
-1.637071643195481176e-03 -5.383308600878540778e-04 2.735810608573316068e-04 0.000000000000000000e+00 -3.764748619398720436e-05 -4.265778096157501250e-04 -5.762145973127500657e-04 -5.965754995255391100e-04 -8.741984492813072204e-04 -2.153529666713920564e-04 1.116493225141632854e-03 -2.397121398147976715e-03
1.208071724388330584e-03 -1.650841664624939291e-04 -3.265709066076150297e-04 -3.764748619398720436e-05 0.000000000000000000e+00 6.424584246192108260e-04 -3.523931416392216446e-05 -8.453855775286458758e-05 -1.539375341890847446e-04 4.502750153029446561e-04 6.676872105709372391e-04 -3.257534132254180995e-04
1.596074903774025297e-03 -3.523033959589621155e-04 -4.505709242116596948e-04 -4.265778096157501250e-04 6.424584246192108260e-04 0.000000000000000000e+00 7.567557020168076557e-04 -6.941963673720850155e-04 -1.512461193330319898e-04 4.754104073261199398e-04 2.512213793248890305e-04 1.227483804159642655e-03
-1.434392379478067694e-05 -3.232868382936858725e-04 6.331765765453852696e-04 -5.762145973127500657e-04 -3.523931416392216446e-05 7.567557020168076557e-04 0.000000000000000000e+00 3.726131638037240485e-04 -2.769336623383408433e-04 -1.525853228646642339e-04 2.303886423659505696e-04 -1.226458458058787880e-03
1.122835416330823961e-03 1.051440441729943723e-04 -3.490868597283211115e-04 -5.965754995255391100e-04 -8.453855775286458758e-05 -6.941963673720850155e-04 3.726131638037240485e-04 0.000000000000000000e+00 -1.989665341004977821e-05 -2.288153220361533564e-04 -9.483344749894192204e-04 8.955220841586132878e-04
9.289682057946012633e-04 -3.543708827566846554e-04 8.157903534257551813e-05 -8.741984492813072204e-04 -1.539375341890847446e-04 -1.512461193330319898e-04 -2.769336623383408433e-04 -1.989665341004977821e-05 0.000000000000000000e+00 -8.528569460763314606e-04 1.058133274455854691e-03 -3.251074639179528164e-04
7.600661152776346571e-04 3.377137039089041031e-04 3.108560917952041757e-04 -2.153529666713920564e-04 4.502750153029446561e-04 4.754104073261199398e-04 -1.525853228646642339e-04 -2.288153220361533564e-04 -8.528569460763314606e-04 0.000000000000000000e+00 4.036033072400338614e-05 -1.015861559869720229e-04
-1.346264313158751329e-03 9.156627857901046997e-05 1.615930616833642121e-03 1.116493225141632854e-03 6.676872105709372391e-04 2.512213793248890305e-04 2.303886423659505696e-04 -9.483344749894192204e-04 1.058133274455854691e-03 4.036033072400338614e-05 0.000000000000000000e+00 3.512915449060065309e-03
2.447892350372842842e-03 8.389844523568628807e-04 2.335435339903185314e-03 -2.397121398147976715e-03 -3.257534132254180995e-04 1.227483804159642655e-03 -1.226458458058787880e-03 8.955220841586132878e-04 -3.251074639179528164e-04 -1.015861559869720229e-04 3.512915449060065309e-03 0.000000000000000000e+00
