0.000000000000000000e+00 3.096517132002944294e-04 -2.826520262631003000e-04 5.658941130864298145e-04 -2.072607953042608270e-05 2.539319469322523287e-04 1.957223923688555128e-04 5.640110756707629545e-04 -2.070276576663552485e-04 2.679852783709941056e-04 -9.447100676884885215e-06 1.555742763400826643e-04
3.096517132002944294e-04 0.000000000000000000e+00 3.676105274471001415e-04 2.431251853174845980e-04 -2.115238200431429291e-04 3.808675586122405683e-04 -7.287136640087849958e-04 2.308812552267631730e-04 4.426531473195751369e-05 3.814643509997283080e-06 7.046985162952932149e-04 1.057422074782935433e-04
-2.826520262631003000e-04 3.676105274471001415e-04 0.000000000000000000e+00 8.684599446414391008e-04 6.381969852019835250e-04 -8.378860962656556376e-04 2.976487723704836447e-05 -9.915563305706647998e-04 -1.358225465351888114e-04 -3.474059350646937095e-04 2.465130583752706168e-03 -5.485883326767774289e-04
5.658941130864298145e-04 2.431251853174845980e-04 8.684599446414391008e-04 0.000000000000000000e+00 -1.175516583745420991e-04 1.230086959787658665e-03 -7.458728792774295836e-04 5.659452799786255598e-04 2.002043440065759069e-04 -8.527698528328278701e-04 -1.815948141888873218e-03 8.694822441054288848e-04
-2.072607953042608270e-05 -2.115238200431429291e-04 6.381969852019835250e-04 -1.175516583745420991e-04 0.000000000000000000e+00 3.631244841006321276e-04 -4.267142806776845254e-05 4.408981677383760379e-04 -3.795778061413381194e-04 -3.016748593809389617e-05 -1.433396761861028233e-03 -8.787261915234891550e-04
2.539319469322523287e-04 3.808675586122405683e-04 -8.378860962656556376e-04 1.230086959787658665e-03 3.631244841006321276e-04 0.000000000000000000e+00 6.313400675936600356e-04 -2.496198022923176198e-04 -6.175119999105588156e-04 -3.296441072618661408e-04 -1.156803146781584151e-03 -2.016485877211071377e-05
1.957223923688555128e-04 -7.287136640087849958e-04 2.976487723704836447e-05 -7.458728792774295836e-04 -4.267142806776845254e-05 6.313400675936600356e-04 0.000000000000000000e+00 2.745121222237179530e-05 7.891645949443573378e-05 -2.037551772574810896e-04 1.085224026210684966e-03 4.818967539150505555e-04
5.640110756707629545e-04 2.308812552267631730e-04 -9.915563305706647998e-04 5.659452799786255598e-04 4.408981677383760379e-04 -2.496198022923176198e-04 2.745121222237179530e-05 0.000000000000000000e+00 -6.252888429584590107e-06 -7.321517743147696418e-04 3.580454758760285780e-03 1.288211271610945584e-03
-2.070276576663552485e-04 4.426531473195751369e-05 -1.358225465351888114e-04 2.002043440065759069e-04 -3.795778061413381194e-04 -6.175119999105588156e-04 7.891645949443573378e-05 -6.252888429584590107e-06 0.000000000000000000e+00 -3.155984544293325388e-04 1.075523407404881826e-04 -6.035417521775136070e-04
2.679852783709941056e-04 3.814643509997283080e-06 -3.474059350646937095e-04 -8.527698528328278701e-04 -3.016748593809389617e-05 -3.296441072618661408e-04 -2.037551772574810896e-04 -7.321517743147696418e-04 -3.155984544293325388e-04 0.000000000000000000e+00 -5.997084763878163596e-04 -3.309876537000703460e-04
-9.447100676884885215e-06 7.046985162952932149e-04 2.465130583752706168e-03 -1.815948141888873218e-03 -1.433396761861028233e-03 -1.156803146781584151e-03 1.085224026210684966e-03 3.580454758760285780e-03 1.075523407404881826e-04 -5.997084763878163596e-04 0.000000000000000000e+00 -2.935612518560953496e-03
1.555742763400826643e-04 1.057422074782935433e-04 -5.485883326767774289e-04 8.694822441054288848e-04 -8.787261915234891550e-04 -2.016485877211071377e-05 4.818967539150505555e-04 1.288211271610945584e-03 -6.035417521775136070e-04 -3.309876537000703460e-04 -2.935612518560953496e-03 0.000000000000000000e+00
