0.000000000000000000e+00 3.043642898846437433e-04 -2.674845683689053961e-04 5.989302437994008200e-04 -7.786330310405759634e-05 4.688489365736834159e-04 -3.037621746350626056e-04 4.878464074696227718e-04 -3.094621225464782134e-04 -5.437561567194532406e-06 4.195591438538087063e-04 3.893309929802427234e-05
3.043642898846437433e-04 0.000000000000000000e+00 -3.493348416870209429e-04 -1.147830690096553733e-04 2.343091911335674785e-04 -5.846399023425130712e-04 3.236723008339736181e-04 -7.375247926356309942e-04 7.942692643446539217e-05 -4.623891780292171353e-04 -8.167430174539489678e-04 -2.083932250922841082e-04
-2.674845683689053961e-04 -3.493348416870209429e-04 0.000000000000000000e+00 4.120820384289461988e-04 3.663842819967285205e-04 -7.729817856496107482e-04 -5.954372260570206347e-04 -1.005326432208702357e-04 4.691489763953618622e-05 1.770941703347446742e-03 -9.859804004626808276e-04 -1.111973811464893802e-03
5.989302437994008200e-04 -1.147830690096553733e-04 4.120820384289461988e-04 0.000000000000000000e+00 -1.013539937550105355e-04 -9.344253252071849786e-04 -6.298797399361118036e-04 6.198311333304120816e-04 -3.921156004224175774e-04 5.833637416951120572e-04 1.716616397125121651e-03 1.133901789940980126e-03
-7.786330310405759634e-05 2.343091911335674785e-04 3.663842819967285205e-04 -1.013539937550105355e-04 0.000000000000000000e+00 4.535612458682383697e-04 -7.092194101982799391e-04 -1.146742525852146189e-03 2.343867195507941129e-04 6.418618256195369022e-04 1.215273245421226098e-03 -2.508697396372841721e-04
4.688489365736834159e-04 -5.846399023425130712e-04 -7.729817856496107482e-04 -9.344253252071849786e-04 4.535612458682383697e-04 0.000000000000000000e+00 -4.008019864757606703e-04 -2.298966408175573254e-04 -2.420075522114849558e-05 -1.179774040912436332e-04 -1.491372912306371647e-03 -2.458367169321168453e-04
-3.037621746350626056e-04 3.236723008339736181e-04 -5.954372260570206347e-04 -6.298797399361118036e-04 -7.092194101982799391e-04 -4.008019864757606703e-04 0.000000000000000000e+00 -4.819812847836001633e-04 -5.103249111364726275e-04 7.008964077145547235e-04 6.540607481167334206e-04 -4.942898801348216692e-05
4.878464074696227718e-04 -7.375247926356309942e-04 -1.005326432208702357e-04 6.198311333304120816e-04 -1.146742525852146189e-03 -2.298966408175573254e-04 -4.819812847836001633e-04 0.000000000000000000e+00 -2.930490441619042555e-04 -1.241365584418611945e-03 1.092249472378320919e-03 -1.500501775955252423e-04
-3.094621225464782134e-04 7.942692643446539217e-05 4.691489763953618622e-05 -3.921156004224175774e-04 2.343867195507941129e-04 -2.420075522114849558e-05 -5.103249111364726275e-04 -2.930490441619042555e-04 0.000000000000000000e+00 -4.056723586508099392e-04 -5.686252313832083948e-04 -1.028125900756823174e-04
-5.437561567194532406e-06 -4.623891780292171353e-04 1.770941703347446742e-03 5.833637416951120572e-04 6.418618256195369022e-04 -1.179774040912436332e-04 7.008964077145547235e-04 -1.241365584418611945e-03 -4.056723586508099392e-04 0.000000000000000000e+00 1.553089834909114402e-03 1.872174916766689359e-04
4.195591438538087063e-04 -8.167430174539489678e-04 -9.859804004626808276e-04 1.716616397125121651e-03 1.215273245421226098e-03 -1.491372912306371647e-03 6.540607481167334206e-04 1.092249472378320919e-03 -5.686252313832083948e-04 1.553089834909114402e-03 0.000000000000000000e+00 -1.839258530464150769e-03
3.893309929802427234e-05 -2.083932250922841082e-04 -1.111973811464893802e-03 1.133901789940980126e-03 -2.508697396372841721e-04 -2.458367169321168453e-04 -4.942898801348216692e-05 -1.500501775955252423e-04 -1.028125900756823174e-04 1.872174916766689359e-04 -1.839258530464150769e-03 0.000000000000000000e+00
