0.000000000000000000e+00 3.984748310272601428e-04 -6.982566948172340936e-04 4.163112959091320965e-04 -1.583613073849592123e-04 7.036599879157516254e-04 4.611450577527564519e-04 1.480392175176194051e-04 -1.483239033640128084e-04 -1.217447225569051557e-04 8.836990468266974104e-04 -7.365372490074184163e-04
3.984748310272601428e-04 0.000000000000000000e+00 7.646053726309105184e-04 -3.343194939019389551e-04 6.424879712870608340e-04 5.099802496473322590e-04 -7.594006477712527889e-04 7.350292216187027721e-04 -2.988124096832187981e-04 -3.406294015309555196e-04 1.390159082054611122e-03 8.913402858298935137e-04
-6.982566948172340936e-04 7.646053726309105184e-04 0.000000000000000000e+00 6.045152628707120904e-04 -1.151981245396565753e-03 -1.050235500438909553e-03 -1.326233156677019461e-03 1.539036052931655072e-03 1.652276489228945544e-04 -3.306234020354858441e-04 1.193298423077379742e-03 -2.602793491304139029e-04
4.163112959091320965e-04 -3.343194939019389551e-04 6.045152628707120904e-04 0.000000000000000000e+00 -8.806654719664773869e-04 -1.384424429713969904e-03 -8.032381113555968994e-04 -6.583861455957897187e-04 2.612547445629517014e-04 2.921266111461363305e-04 2.482678242700761279e-03 -2.508766222181785938e-03
-1.583613073849592123e-04 6.424879712870608340e-04 -1.151981245396565753e-03 -8.806654719664773869e-04 0.000000000000000000e+00 9.185483547856829710e-04 -2.240318852104917306e-05 3.122653694172321487e-04 -1.865710009628753277e-04 5.607227915297687470e-04 2.489514688921448064e-04 -8.869230139801158037e-05
7.036599879157516254e-04 5.099802496473322590e-04 -1.050235500438909553e-03 -1.384424429713969904e-03 9.185483547856829710e-04 0.000000000000000000e+00 -8.872404076223301727e-04 -9.634090006875217944e-04 4.159441693548558911e-05 -5.091627792889929973e-04 9.195922951144185802e-04 -1.376775369299470132e-03
4.611450577527564519e-04 -7.594006477712527889e-04 -1.326233156677019461e-03 -8.032381113555968994e-04 -2.240318852104917306e-05 -8.872404076223301727e-04 0.000000000000000000e+00 1.529725067091806511e-03 -3.766832182363887569e-04 4.333329629117519928e-04 2.570031055629911233e-03 1.083534816988821414e-04
1.480392175176194051e-04 7.350292216187027721e-04 1.539036052931655072e-03 -6.583861455957897187e-04 3.122653694172321487e-04 -9.634090006875217944e-04 1.529725067091806511e-03 0.000000000000000000e+00 1.280059588339674021e-04 -4.033747823111927320e-04 2.185750277885670396e-03 1.240504020079285152e-03
-1.483239033640128084e-04 -2.988124096832187981e-04 1.652276489228945544e-04 2.612547445629517014e-04 -1.865710009628753277e-04 4.159441693548558911e-05 -3.766832182363887569e-04 1.280059588339674021e-04 0.000000000000000000e+00 8.126017118468226521e-05 1.072034194972972150e-03 -2.236733028538285205e-04
-1.217447225569051557e-04 -3.406294015309555196e-04 -3.306234020354858441e-04 2.921266111461363305e-04 5.607227915297687470e-04 -5.091627792889929973e-04 4.333329629117519928e-04 -4.033747823111927320e-04 8.126017118468226521e-05 0.000000000000000000e+00 -1.101960431973546045e-03 -4.127083401988227459e-04
8.836990468266974104e-04 1.390159082054611122e-03 1.193298423077379742e-03 2.482678242700761279e-03 2.489514688921448064e-04 9.195922951144185802e-04 2.570031055629911233e-03 2.185750277885670396e-03 1.072034194972972150e-03 -1.101960431973546045e-03 0.000000000000000000e+00 -2.454962730088299048e-03
-7.365372490074184163e-04 8.913402858298935137e-04 -2.602793491304139029e-04 -2.508766222181785938e-03 -8.869230139801158037e-05 -1.376775369299470132e-03 1.083534816988821414e-04 1.240504020079285152e-03 -2.236733028538285205e-04 -4.127083401988227459e-04 -2.454962730088299048e-03 0.000000000000000000e+00
