0.000000000000000000e+00 2.320142692359647180e-04 -7.914558108512517471e-04 2.795716540183609496e-04 -5.073345386055173824e-05 3.913596354289984591e-04 2.783028878081661960e-04 -4.362442705064528150e-04 -2.975413300936331079e-04 -1.063508507983224288e-04 -5.808315284974315641e-05 4.739989591788352596e-04
2.320142692359647180e-04 0.000000000000000000e+00 6.779015557980288707e-04 -2.974867501953667288e-04 1.086906195334192944e-03 -2.974016502393382112e-04 2.084958070075011911e-04 -1.690492999821658173e-04 -6.482960187012995435e-04 -4.901637314549343307e-05 -2.643617915442439317e-03 2.635719129599128430e-04
-7.914558108512517471e-04 6.779015557980288707e-04 0.000000000000000000e+00 -1.842273494761060095e-04 1.336865691484417484e-03 -4.576137781887108422e-04 -6.505670422460172386e-04 6.135406371496260119e-04 -5.774327536304240272e-04 -5.439244063210280306e-04 2.864482514529905887e-03 -9.034316675291431849e-04
2.795716540183609496e-04 -2.974867501953667288e-04 -1.842273494761060095e-04 0.000000000000000000e+00 -8.717819662608969995e-04 1.083936255011899805e-03 -5.734849101493066969e-04 -7.681176399893923376e-04 -8.816223082998063214e-06 -1.046722871771365530e-04 -2.359009478836231535e-03 -9.403672869573568606e-04
-5.073345386055173824e-05 1.086906195334192944e-03 1.336865691484417484e-03 -8.717819662608969995e-04 0.000000000000000000e+00 -6.415662510388020403e-04 -4.780825412968988590e-04 -1.420353755731112305e-04 5.328404307685558365e-04 -1.725387304382327062e-04 -8.970486035953632604e-04 -1.701200147324359244e-04
3.913596354289984591e-04 -2.974016502393382112e-04 -4.576137781887108422e-04 1.083936255011899805e-03 -6.415662510388020403e-04 0.000000000000000000e+00 4.374772709622552097e-04 4.822935010783944466e-04 -1.404871136598338896e-04 -8.547858450605502322e-04 2.485585591564473847e-03 -1.087335050899238638e-03
2.783028878081661960e-04 2.084958070075011911e-04 -6.505670422460172386e-04 -5.734849101493066969e-04 -4.780825412968988590e-04 4.374772709622552097e-04 0.000000000000000000e+00 1.410805080330162229e-03 1.650297772992152226e-04 1.167962649019047309e-03 1.892719225347078192e-03 6.601436024294490704e-04
-4.362442705064528150e-04 -1.690492999821658173e-04 6.135406371496260119e-04 -7.681176399893923376e-04 -1.420353755731112305e-04 4.822935010783944466e-04 1.410805080330162229e-03 0.000000000000000000e+00 5.771805100509009830e-04 -8.721918544190842290e-04 1.847847058261029528e-04 1.530646427562191688e-03
-2.975413300936331079e-04 -6.482960187012995435e-04 -5.774327536304240272e-04 -8.816223082998063214e-06 5.328404307685558365e-04 -1.404871136598338896e-04 1.650297772992152226e-04 5.771805100509009830e-04 0.000000000000000000e+00 -1.808622417561501778e-04 5.520270159910687990e-05 3.128506526869823568e-04
-1.063508507983224288e-04 -4.901637314549343307e-05 -5.439244063210280306e-04 -1.046722871771365530e-04 -1.725387304382327062e-04 -8.547858450605502322e-04 1.167962649019047309e-03 -8.721918544190842290e-04 -1.808622417561501778e-04 0.000000000000000000e+00 1.104950991338032656e-03 -1.080540784198654423e-04
-5.808315284974315641e-05 -2.643617915442439317e-03 2.864482514529905887e-03 -2.359009478836231535e-03 -8.970486035953632604e-04 2.485585591564473847e-03 1.892719225347078192e-03 1.847847058261029528e-04 5.520270159910687990e-05 1.104950991338032656e-03 0.000000000000000000e+00 -7.301909469419411202e-04
4.739989591788352596e-04 2.635719129599128430e-04 -9.034316675291431849e-04 -9.403672869573568606e-04 -1.701200147324359244e-04 -1.087335050899238638e-03 6.601436024294490704e-04 1.530646427562191688e-03 3.128506526869823568e-04 -1.080540784198654423e-04 -7.301909469419411202e-04 0.000000000000000000e+00
