0.000000000000000000e+00 -9.442018289201988468e-04 2.817802679059376440e-04 6.001666729522374086e-06 1.986526723626774239e-04 -4.752193117588666385e-04 -1.825055946542354006e-04 3.007727505853582367e-05 1.467450723651318690e-03 8.749358155232046016e-04 -3.181210742653661403e-04 1.265679198934506261e-03
-9.442018289201988468e-04 0.000000000000000000e+00 -4.904700499729874571e-04 -5.569841717488111421e-05 9.255077650232758487e-04 -2.340587180506658772e-05 -8.696443076169239146e-05 -1.027626410527163713e-03 -1.946270831103692322e-04 -1.194064220629631533e-04 1.438341189581308216e-03 -1.232815841302518597e-04
2.817802679059376440e-04 -4.904700499729874571e-04 0.000000000000000000e+00 4.032348324821764915e-04 4.541291037950312198e-04 -1.491087017438051372e-04 4.322176460298069465e-04 -1.043111892062737205e-04 -1.426071610914075296e-03 4.259048562174604373e-04 -2.475080581672145508e-04 -2.441654121207020032e-04
6.001666729522374086e-06 -5.569841717488111421e-05 4.032348324821764915e-04 0.000000000000000000e+00 4.759596471723769148e-04 -5.070241768365087772e-04 3.228783432628198826e-04 1.241114861498459026e-04 1.241505918059777708e-05 -8.256071287713325575e-05 7.977463394219538157e-05 3.069406084645856406e-04
1.986526723626774239e-04 9.255077650232758487e-04 4.541291037950312198e-04 4.759596471723769148e-04 0.000000000000000000e+00 6.317715155916027708e-05 2.527232351803495865e-04 -1.927506892121160311e-04 1.656467591140631192e-04 4.866907092059793343e-04 -1.284429845855663578e-04 7.815787445535041407e-04
-4.752193117588666385e-04 -2.340587180506658772e-05 -1.491087017438051372e-04 -5.070241768365087772e-04 6.317715155916027708e-05 0.000000000000000000e+00 6.165886812057813984e-04 4.047045532685888004e-04 -1.182985579099109924e-03 2.185190905050113895e-04 8.692604223902400623e-05 -1.042774618149277209e-03
-1.825055946542354006e-04 -8.696443076169239146e-05 4.322176460298069465e-04 3.228783432628198826e-04 2.527232351803495865e-04 6.165886812057813984e-04 0.000000000000000000e+00 -2.678357309744518796e-04 5.786465699195698052e-04 -5.102151810607638075e-06 6.810107082892480129e-04 1.053100487885998485e-03
3.007727505853582367e-05 -1.027626410527163713e-03 -1.043111892062737205e-04 1.241114861498459026e-04 -1.927506892121160311e-04 4.047045532685888004e-04 -2.678357309744518796e-04 0.000000000000000000e+00 1.970400238705081878e-04 -6.612176870098078431e-04 -8.199838416401380482e-04 9.152691959111413896e-04
1.467450723651318690e-03 -1.946270831103692322e-04 -1.426071610914075296e-03 1.241505918059777708e-05 1.656467591140631192e-04 -1.182985579099109924e-03 5.786465699195698052e-04 1.970400238705081878e-04 0.000000000000000000e+00 -1.184229722298449968e-03 -1.306135311438530282e-03 2.950704167982851761e-03
8.749358155232046016e-04 -1.194064220629631533e-04 4.259048562174604373e-04 -8.256071287713325575e-05 4.866907092059793343e-04 2.185190905050113895e-04 -5.102151810607638075e-06 -6.612176870098078431e-04 -1.184229722298449968e-03 0.000000000000000000e+00 6.646061810060010806e-04 4.702671991062686518e-04
-3.181210742653661403e-04 1.438341189581308216e-03 -2.475080581672145508e-04 7.977463394219538157e-05 -1.284429845855663578e-04 8.692604223902400623e-05 6.810107082892480129e-04 -8.199838416401380482e-04 -1.306135311438530282e-03 6.646061810060010806e-04 0.000000000000000000e+00 -2.701138807767826215e-03
1.265679198934506261e-03 -1.232815841302518597e-04 -2.441654121207020032e-04 3.069406084645856406e-04 7.815787445535041407e-04 -1.042774618149277209e-03 1.053100487885998485e-03 9.152691959111413896e-04 2.950704167982851761e-03 4.702671991062686518e-04 -2.701138807767826215e-03 0.000000000000000000e+00
