0.000000000000000000e+00 1.131444981999921596e-03 -5.610112098433714926e-05 6.729404988376017777e-05 1.848711690008688268e-04 1.687926942406728901e-04 -4.621457243213962789e-04 -6.752265562315135560e-04 -3.887743296174708926e-04 4.140657221064933890e-04 -7.004055732246444819e-04 1.009523227939948618e-03
1.131444981999921596e-03 0.000000000000000000e+00 8.066242667149187400e-04 2.399351006071896112e-04 7.134029339596438871e-05 8.216571107470824545e-04 -4.962334889204444988e-04 1.513687009222823999e-03 -3.451081849645595574e-03 4.309030742497012810e-04 -2.494036106208154507e-03 -2.802188722490752282e-03
-5.610112098433714926e-05 8.066242667149187400e-04 0.000000000000000000e+00 -1.119186154547722372e-04 -4.325756534915179362e-04 -7.013360618952612095e-05 2.240603119058253248e-04 5.685602490035930991e-04 1.516063795669523706e-04 -3.429442935972189938e-04 6.558654071443785645e-05 1.160835315570649725e-03
6.729404988376017777e-05 2.399351006071896112e-04 -1.119186154547722372e-04 0.000000000000000000e+00 2.888447585324689475e-04 1.400730638631217666e-04 -1.840931888248882619e-04 -3.722109047890888550e-04 4.627593360969131371e-04 6.839937434308676839e-05 -1.344082459448115218e-05 2.779119556825777686e-04
1.848711690008688268e-04 7.134029339596438871e-05 -4.325756534915179362e-04 2.888447585324689475e-04 0.000000000000000000e+00 -7.089052798798087684e-06 4.538176138802893435e-04 -2.576212743151130294e-04 -7.317802844141401515e-04 -2.498714001772538900e-04 -2.976427817328087828e-04 -4.286557314597389781e-04
1.687926942406728901e-04 8.216571107470824545e-04 -7.013360618952612095e-05 1.400730638631217666e-04 -7.089052798798087684e-06 0.000000000000000000e+00 -4.905779085040391048e-04 1.690684228963159220e-04 -3.258914405063704492e-04 2.285818050592454902e-05 4.405623568970786505e-04 -1.779518714234248791e-04
-4.621457243213962789e-04 -4.962334889204444988e-04 2.240603119058253248e-04 -1.840931888248882619e-04 4.538176138802893435e-04 -4.905779085040391048e-04 0.000000000000000000e+00 3.753633414424012394e-04 -3.336513759123313407e-04 -7.233272497261599527e-05 9.004657809582478642e-04 -1.146947837368009508e-03
-6.752265562315135560e-04 1.513687009222823999e-03 5.685602490035930991e-04 -3.722109047890888550e-04 -2.576212743151130294e-04 1.690684228963159220e-04 3.753633414424012394e-04 0.000000000000000000e+00 4.794976423326570143e-04 4.233422587134008544e-04 5.662631316472021550e-04 -1.412493663170244539e-03
-3.887743296174708926e-04 -3.451081849645595574e-03 1.516063795669523706e-04 4.627593360969131371e-04 -7.317802844141401515e-04 -3.258914405063704492e-04 -3.336513759123313407e-04 4.794976423326570143e-04 0.000000000000000000e+00 1.308889506656285865e-03 -2.058849588914525401e-03 1.156166005864321103e-03
4.140657221064933890e-04 4.309030742497012810e-04 -3.429442935972189938e-04 6.839937434308676839e-05 -2.498714001772538900e-04 2.285818050592454902e-05 -7.233272497261599527e-05 4.233422587134008544e-04 1.308889506656285865e-03 0.000000000000000000e+00 -1.510474565532143887e-04 -3.517793008034393750e-04
-7.004055732246444819e-04 -2.494036106208154507e-03 6.558654071443785645e-05 -1.344082459448115218e-05 -2.976427817328087828e-04 4.405623568970786505e-04 9.004657809582478642e-04 5.662631316472021550e-04 -2.058849588914525401e-03 -1.510474565532143887e-04 0.000000000000000000e+00 1.226890073577554868e-03
1.009523227939948618e-03 -2.802188722490752282e-03 1.160835315570649725e-03 2.779119556825777686e-04 -4.286557314597389781e-04 -1.779518714234248791e-04 -1.146947837368009508e-03 -1.412493663170244539e-03 1.156166005864321103e-03 -3.517793008034393750e-04 1.226890073577554868e-03 0.000000000000000000e+00
