0.000000000000000000e+00 -1.272004167193906913e-03 2.180824402974731807e-04 -5.718442607707177995e-04 -5.761191098103820511e-05 -7.164716682840784577e-05 3.539689775078752316e-04 -4.619276231153549928e-04 9.202049511369116228e-04 -2.730680819979125376e-04 1.198891620210492878e-03 -9.077883476966791499e-04
-1.272004167193906913e-03 0.000000000000000000e+00 1.398840635291472793e-03 9.054935676759730680e-05 7.228342898449098986e-04 -1.192887616044754819e-03 1.892198568149115474e-04 9.574207978665590134e-04 1.862485773880134983e-03 -5.323938751059364288e-04 1.269554967532967584e-03 -2.213142160016951161e-04
2.180824402974731807e-04 1.398840635291472793e-03 0.000000000000000000e+00 1.360236523994898814e-04 -4.462785147958449078e-05 3.498933435087811994e-04 -2.508738827660158055e-05 -8.796133350708714761e-05 1.911023246943344871e-03 -3.103953033784762430e-04 4.786566711799121509e-04 -4.049758541670117162e-04
-5.718442607707177995e-04 9.054935676759730680e-05 1.360236523994898814e-04 0.000000000000000000e+00 -2.526322575773286302e-05 2.190445753628539576e-04 -7.683150364239831791e-05 1.996908271664940527e-04 -6.651977087363927831e-04 -2.289147952472293259e-04 -1.359279711099168069e-04 1.750687904689382691e-05
-5.761191098103820511e-05 7.228342898449098986e-04 -4.462785147958449078e-05 -2.526322575773286302e-05 0.000000000000000000e+00 -3.910483072948109763e-04 1.897728753113345072e-04 4.082360675048574296e-05 -9.925951442811423511e-04 -1.578318683972071304e-04 6.310182579947579444e-04 -4.840193301947772028e-04
-7.164716682840784577e-05 -1.192887616044754819e-03 3.498933435087811994e-04 2.190445753628539576e-04 -3.910483072948109763e-04 0.000000000000000000e+00 -4.222017022141194315e-05 -4.239916546730397107e-04 -1.265640136497931832e-03 -1.682476472659185469e-04 6.070509187501543346e-04 7.150205070810997880e-04
3.539689775078752316e-04 1.892198568149115474e-04 -2.508738827660158055e-05 -7.683150364239831791e-05 1.897728753113345072e-04 -4.222017022141194315e-05 0.000000000000000000e+00 -1.703702954550214343e-04 -1.173507127287550574e-03 -4.079172577729852397e-04 3.639478713966481883e-04 2.069296084652945172e-04
-4.619276231153549928e-04 9.574207978665590134e-04 -8.796133350708714761e-05 1.996908271664940527e-04 4.082360675048574296e-05 -4.239916546730397107e-04 -1.703702954550214343e-04 0.000000000000000000e+00 -2.453432817494231345e-04 -2.090847469066902298e-04 5.590339369097335103e-04 -1.270572942333760480e-03
9.202049511369116228e-04 1.862485773880134983e-03 1.911023246943344871e-03 -6.651977087363927831e-04 -9.925951442811423511e-04 -1.265640136497931832e-03 -1.173507127287550574e-03 -2.453432817494231345e-04 0.000000000000000000e+00 -7.479921312925308500e-06 -9.337176503303691241e-04 1.379033718251823680e-03
-2.730680819979125376e-04 -5.323938751059364288e-04 -3.103953033784762430e-04 -2.289147952472293259e-04 -1.578318683972071304e-04 -1.682476472659185469e-04 -4.079172577729852397e-04 -2.090847469066902298e-04 -7.479921312925308500e-06 0.000000000000000000e+00 -6.380855844348457201e-04 -1.448960772160227907e-03
1.198891620210492878e-03 1.269554967532967584e-03 4.786566711799121509e-04 -1.359279711099168069e-04 6.310182579947579444e-04 6.070509187501543346e-04 3.639478713966481883e-04 5.590339369097335103e-04 -9.337176503303691241e-04 -6.380855844348457201e-04 0.000000000000000000e+00 -1.168966366407887987e-03
-9.077883476966791499e-04 -2.213142160016951161e-04 -4.049758541670117162e-04 1.750687904689382691e-05 -4.840193301947772028e-04 7.150205070810997880e-04 2.069296084652945172e-04 -1.270572942333760480e-03 1.379033718251823680e-03 -1.448960772160227907e-03 -1.168966366407887987e-03 0.000000000000000000e+00
