0.000000000000000000e+00 1.817592588330196011e-03 -5.202659660181750733e-04 -3.354059720549292434e-05 -2.183260552043732414e-04 -4.816113589690821685e-04 -2.462879369280495030e-04 -6.869820859127676125e-04 -1.731838547880695540e-03 3.569886011682572695e-06 1.669516365069254570e-03 -1.921016170094660795e-03
1.817592588330196011e-03 0.000000000000000000e+00 3.274494199230897377e-04 -4.440444623778421699e-04 8.324472004469386094e-04 -5.030497455355741271e-04 -1.139753575016483724e-03 8.567939461813476893e-04 -1.829273173919907089e-03 1.410875332221594438e-03 -5.308000622220227817e-04 1.116547703798297488e-03
-5.202659660181750733e-04 3.274494199230897377e-04 0.000000000000000000e+00 9.021724685524942430e-05 -4.764088341400456606e-04 -4.204591048564737445e-05 -6.129177406426157462e-04 5.920688265346531762e-04 7.406940613353462462e-05 -1.180711751382794639e-04 1.151647858544238524e-03 1.649086716312999495e-03
-3.354059720549292434e-05 -4.440444623778421699e-04 9.021724685524942430e-05 0.000000000000000000e+00 -3.212986035792767545e-04 3.073220531980482169e-05 2.203545426575314302e-04 -3.952490608250789380e-04 -3.647800747669771967e-05 -1.495300620032467343e-04 6.226755945749753518e-04 -1.342303028992901436e-04
-2.183260552043732414e-04 8.324472004469386094e-04 -4.764088341400456606e-04 -3.212986035792767545e-04 0.000000000000000000e+00 -1.420277893542455422e-05 -1.108077426245573731e-04 -9.272489956589468740e-04 7.372192988100978710e-04 -2.397616375709019814e-04 -2.621827848530543649e-04 -8.806372704027029194e-04
-4.816113589690821685e-04 -5.030497455355741271e-04 -4.204591048564737445e-05 3.073220531980482169e-05 -1.420277893542455422e-05 0.000000000000000000e+00 -3.726685280324252831e-04 -7.105978487606588560e-04 -9.115079239857208204e-04 4.084901440545217434e-04 -3.581474398574323358e-04 3.251037823720072753e-04
-2.462879369280495030e-04 -1.139753575016483724e-03 -6.129177406426157462e-04 2.203545426575314302e-04 -1.108077426245573731e-04 -3.726685280324252831e-04 0.000000000000000000e+00 3.913058882865012617e-04 -1.050407833052038106e-03 -6.891921791452296133e-04 -6.872280341767737300e-04 -9.623600498002545184e-04
-6.869820859127676125e-04 8.567939461813476893e-04 5.920688265346531762e-04 -3.952490608250789380e-04 -9.272489956589468740e-04 -7.105978487606588560e-04 3.913058882865012617e-04 0.000000000000000000e+00 -6.019660533391407243e-04 1.035857991529850710e-04 -1.645511923448152039e-03 2.759800288322811234e-04
-1.731838547880695540e-03 -1.829273173919907089e-03 7.406940613353462462e-05 -3.647800747669771967e-05 7.372192988100978710e-04 -9.115079239857208204e-04 -1.050407833052038106e-03 -6.019660533391407243e-04 0.000000000000000000e+00 -1.624298208909740783e-03 2.795500820808961622e-04 -2.003846783195375406e-03
3.569886011682572695e-06 1.410875332221594438e-03 -1.180711751382794639e-04 -1.495300620032467343e-04 -2.397616375709019814e-04 4.084901440545217434e-04 -6.891921791452296133e-04 1.035857991529850710e-04 -1.624298208909740783e-03 0.000000000000000000e+00 3.186681426669466487e-04 4.138916525889433859e-04
1.669516365069254570e-03 -5.308000622220227817e-04 1.151647858544238524e-03 6.226755945749753518e-04 -2.621827848530543649e-04 -3.581474398574323358e-04 -6.872280341767737300e-04 -1.645511923448152039e-03 2.795500820808961622e-04 3.186681426669466487e-04 0.000000000000000000e+00 -1.458236158255130262e-03
-1.921016170094660795e-03 1.116547703798297488e-03 1.649086716312999495e-03 -1.342303028992901436e-04 -8.806372704027029194e-04 3.251037823720072753e-04 -9.623600498002545184e-04 2.759800288322811234e-04 -2.003846783195375406e-03 4.138916525889433859e-04 -1.458236158255130262e-03 0.000000000000000000e+00
