0.000000000000000000e+00 -2.164431114434553060e-03 -3.200931407988722626e-04 -4.085286043541943093e-04 -2.363549066522505169e-04 5.917817968923002941e-04 3.452534373944350795e-04 -7.857314726175034176e-04 2.923834671294775998e-03 -5.955458019634210769e-04 -7.416027980701558105e-04 -1.517493916049819950e-03
-2.164431114434553060e-03 0.000000000000000000e+00 3.854047382135775048e-04 8.415804198843534990e-04 -6.626917827590455981e-04 6.314178134059049170e-04 5.350064811217529860e-04 5.521036724576221071e-04 2.979172350065846953e-03 -3.686780252960534967e-04 2.572915373973474855e-03 -1.328624921449836609e-03
-3.200931407988722626e-04 3.854047382135775048e-04 0.000000000000000000e+00 3.331956268942302089e-04 -3.974446883727962088e-04 1.097257970729926890e-04 4.205550280390780863e-04 -1.357778937869022213e-04 -3.136862716631598816e-04 5.317968810420414761e-04 3.439259962541963518e-04 6.773032463429674854e-04
-4.085286043541943093e-04 8.415804198843534990e-04 3.331956268942302089e-04 0.000000000000000000e+00 -8.359161347664175324e-05 4.913622732772509423e-04 2.593004598312253573e-04 3.988246562528380843e-04 8.359573737214419419e-04 2.068842603707128169e-04 3.878016644329080622e-04 5.091866129396851320e-04
-2.363549066522505169e-04 -6.626917827590455981e-04 -3.974446883727962088e-04 -8.359161347664175324e-05 0.000000000000000000e+00 -1.940650494398567152e-04 -4.415152080970235712e-04 4.471842169442366024e-04 7.045546039407881442e-04 5.494729833778640838e-05 4.305722606885345580e-04 5.948124422855022861e-04
5.917817968923002941e-04 6.314178134059049170e-04 1.097257970729926890e-04 4.913622732772509423e-04 -1.940650494398567152e-04 0.000000000000000000e+00 -1.618901308807190874e-04 5.911012633971351755e-04 -3.849104354547540417e-04 -2.591630555394659557e-04 -1.617282756888261861e-04 7.768284770717198261e-04
3.452534373944350795e-04 5.350064811217529860e-04 4.205550280390780863e-04 2.593004598312253573e-04 -4.415152080970235712e-04 -1.618901308807190874e-04 0.000000000000000000e+00 -5.019004544160290049e-04 5.972853354727204831e-04 4.425678411314179820e-04 -1.078931799705131530e-03 9.393297155919634297e-04
-7.857314726175034176e-04 5.521036724576221071e-04 -1.357778937869022213e-04 3.988246562528380843e-04 4.471842169442366024e-04 5.911012633971351755e-04 -5.019004544160290049e-04 0.000000000000000000e+00 -1.387742399148837865e-03 1.620396859806071414e-04 9.855313043841084069e-04 -5.360508934725581381e-04
2.923834671294775998e-03 2.979172350065846953e-03 -3.136862716631598816e-04 8.359573737214419419e-04 7.045546039407881442e-04 -3.849104354547540417e-04 5.972853354727204831e-04 -1.387742399148837865e-03 0.000000000000000000e+00 8.316615194851475308e-04 3.365041637792434790e-03 2.078114712481344477e-04
-5.955458019634210769e-04 -3.686780252960534967e-04 5.317968810420414761e-04 2.068842603707128169e-04 5.494729833778640838e-05 -2.591630555394659557e-04 4.425678411314179820e-04 1.620396859806071414e-04 8.316615194851475308e-04 0.000000000000000000e+00 1.360443009929381995e-03 1.259362333491773241e-03
-7.416027980701558105e-04 2.572915373973474855e-03 3.439259962541963518e-04 3.878016644329080622e-04 4.305722606885345580e-04 -1.617282756888261861e-04 -1.078931799705131530e-03 9.855313043841084069e-04 3.365041637792434790e-03 1.360443009929381995e-03 0.000000000000000000e+00 -4.719208847106042774e-04
-1.517493916049819950e-03 -1.328624921449836609e-03 6.773032463429674854e-04 5.091866129396851320e-04 5.948124422855022861e-04 7.768284770717198261e-04 9.393297155919634297e-04 -5.360508934725581381e-04 2.078114712481344477e-04 1.259362333491773241e-03 -4.719208847106042774e-04 0.000000000000000000e+00
