0.000000000000000000e+00 6.491437417979391842e-04 -9.291130464841339991e-04 7.436152376839177828e-04 -2.484849254730973965e-04 7.575398214048262085e-04 -1.423696426394496491e-04 -7.477825242061634527e-05 5.742574317134167524e-04 1.955809199571608456e-04 -2.686439467551732241e-04 4.546460129540715283e-04
6.491437417979391842e-04 0.000000000000000000e+00 -2.064370096203332026e-03 -3.570814939816005680e-03 1.738284750542047228e-03 7.714446793960975761e-04 2.817511779299336841e-03 -8.683616844964803596e-05 1.629699983119607936e-03 1.814689315310898999e-04 7.760342517871251025e-04 -1.413566524539953246e-04
-9.291130464841339991e-04 -2.064370096203332026e-03 0.000000000000000000e+00 -2.040366975226415303e-03 -1.866070814704089620e-03 3.279176720498937062e-04 6.162433788381129407e-05 3.725497814741643107e-04 -1.849557415856619477e-03 8.730782221196776906e-04 -3.718858183173312363e-04 -5.445476752220136532e-04
7.436152376839177828e-04 -3.570814939816005680e-03 -2.040366975226415303e-03 0.000000000000000000e+00 -5.028721228933412477e-04 -3.043008354820270645e-04 7.309035631817751731e-04 1.279843615823975924e-03 2.103606185003838690e-03 -2.852249416206986687e-04 6.583109104236354106e-04 5.391635703455021104e-04
-2.484849254730973965e-04 1.738284750542047228e-03 -1.866070814704089620e-03 -5.028721228933412477e-04 0.000000000000000000e+00 -5.177332314293114088e-04 -5.560085439292279186e-04 -1.332782927649630363e-04 9.416368919038878033e-04 1.272784362734987016e-04 3.368998616727701787e-04 7.882345260619143148e-05
7.575398214048262085e-04 7.714446793960975761e-04 3.279176720498937062e-04 -3.043008354820270645e-04 -5.177332314293114088e-04 0.000000000000000000e+00 -2.073756624088903119e-05 -2.487980772327494372e-04 6.352119624380152436e-04 -1.411329962007413412e-04 -1.025415931334888096e-04 -3.661088186061752761e-04
-1.423696426394496491e-04 2.817511779299336841e-03 6.162433788381129407e-05 7.309035631817751731e-04 -5.560085439292279186e-04 -2.073756624088903119e-05 0.000000000000000000e+00 -1.776863949216894050e-04 -1.001560516131539281e-03 -6.929508666712789165e-04 6.358531891967007582e-04 -3.684907019212678176e-04
-7.477825242061634527e-05 -8.683616844964803596e-05 3.725497814741643107e-04 1.279843615823975924e-03 -1.332782927649630363e-04 -2.487980772327494372e-04 -1.776863949216894050e-04 0.000000000000000000e+00 8.711073684140446935e-04 6.939767888329625848e-05 4.178103503821299527e-04 -1.317775168378591268e-04
5.742574317134167524e-04 1.629699983119607936e-03 -1.849557415856619477e-03 2.103606185003838690e-03 9.416368919038878033e-04 6.352119624380152436e-04 -1.001560516131539281e-03 8.711073684140446935e-04 0.000000000000000000e+00 3.730099113944764281e-04 -1.278099042986318215e-04 -1.380582180332904361e-04
1.955809199571608456e-04 1.814689315310898999e-04 8.730782221196776906e-04 -2.852249416206986687e-04 1.272784362734987016e-04 -1.411329962007413412e-04 -6.929508666712789165e-04 6.939767888329625848e-05 3.730099113944764281e-04 0.000000000000000000e+00 5.580294149034366262e-06 -3.643554056499192443e-06
-2.686439467551732241e-04 7.760342517871251025e-04 -3.718858183173312363e-04 6.583109104236354106e-04 3.368998616727701787e-04 -1.025415931334888096e-04 6.358531891967007582e-04 4.178103503821299527e-04 -1.278099042986318215e-04 5.580294149034366262e-06 0.000000000000000000e+00 -7.300318446620059380e-05
4.546460129540715283e-04 -1.413566524539953246e-04 -5.445476752220136532e-04 5.391635703455021104e-04 7.882345260619143148e-05 -3.661088186061752761e-04 -3.684907019212678176e-04 -1.317775168378591268e-04 -1.380582180332904361e-04 -3.643554056499192443e-06 -7.300318446620059380e-05 0.000000000000000000e+00
