0.000000000000000000e+00 8.665127222719440228e-04 2.320760239870125227e-04 2.348389918491211354e-04 -6.453508550345150527e-05 -3.358521528776383736e-04 -7.134732070409649431e-04 -3.312297165929678353e-05 2.764771762086080102e-05 -1.329707492625513583e-04 -2.627670485830288895e-04 -4.077201642806967184e-04
8.665127222719440228e-04 0.000000000000000000e+00 3.878831308911644214e-03 2.138046279488657261e-03 2.440454337613575330e-04 5.993731173325945365e-04 2.117821343895149536e-03 -3.797526148704266202e-04 -1.467790763356463394e-03 9.683555091031824163e-04 1.027959528113888099e-04 -1.595694683031227213e-03
2.320760239870125227e-04 3.878831308911644214e-03 0.000000000000000000e+00 2.323479641693148093e-03 5.051737559239880470e-04 -1.085880119288525026e-04 3.757468799024081410e-04 -3.238206389899937841e-04 -1.400644614614233736e-04 1.187532587353049295e-04 8.879841947949248474e-04 9.849059023978913325e-04
2.348389918491211354e-04 2.138046279488657261e-03 2.323479641693148093e-03 0.000000000000000000e+00 3.392407122696176739e-04 -7.156128518679583540e-04 -2.665907462461413586e-04 1.972107075284338946e-03 1.171286889691098470e-03 -3.941925938475604506e-04 -3.386195461332176609e-04 1.048453487192126240e-03
-6.453508550345150527e-05 2.440454337613575330e-04 5.051737559239880470e-04 3.392407122696176739e-04 0.000000000000000000e+00 1.214832514075606112e-04 -4.801708760357368774e-04 -8.907723484586816841e-04 -8.913048147621239689e-04 -4.749289857157971300e-04 1.666254178282401173e-05 1.437705647855985118e-04
-3.358521528776383736e-04 5.993731173325945365e-04 -1.085880119288525026e-04 -7.156128518679583540e-04 1.214832514075606112e-04 0.000000000000000000e+00 -1.048802179144163010e-04 -3.103936477373042853e-04 9.598820326086720655e-05 -4.765058272593438783e-04 -4.881825240520263113e-04 -3.649178785241955869e-04
-7.134732070409649431e-04 2.117821343895149536e-03 3.757468799024081410e-04 -2.665907462461413586e-04 -4.801708760357368774e-04 -1.048802179144163010e-04 0.000000000000000000e+00 1.022122561539752939e-03 2.482356821290131839e-04 2.635163207392158288e-04 1.334087773202242001e-04 1.866439953617176175e-04
-3.312297165929678353e-05 -3.797526148704266202e-04 -3.238206389899937841e-04 1.972107075284338946e-03 -8.907723484586816841e-04 -3.103936477373042853e-04 1.022122561539752939e-03 0.000000000000000000e+00 9.297522484722322081e-04 -5.708004348657199278e-04 -7.018368115041821644e-04 1.188070383782446768e-04
2.764771762086080102e-05 -1.467790763356463394e-03 -1.400644614614233736e-04 1.171286889691098470e-03 -8.913048147621239689e-04 9.598820326086720655e-05 2.482356821290131839e-04 9.297522484722322081e-04 0.000000000000000000e+00 4.262556522926266552e-04 -2.380187233578631072e-04 -2.493180249161793633e-04
-1.329707492625513583e-04 9.683555091031824163e-04 1.187532587353049295e-04 -3.941925938475604506e-04 -4.749289857157971300e-04 -4.765058272593438783e-04 2.635163207392158288e-04 -5.708004348657199278e-04 4.262556522926266552e-04 0.000000000000000000e+00 -2.302757625067299030e-04 3.570216143261447056e-04
-2.627670485830288895e-04 1.027959528113888099e-04 8.879841947949248474e-04 -3.386195461332176609e-04 1.666254178282401173e-05 -4.881825240520263113e-04 1.334087773202242001e-04 -7.018368115041821644e-04 -2.380187233578631072e-04 -2.302757625067299030e-04 0.000000000000000000e+00 3.704143999341601243e-04
-4.077201642806967184e-04 -1.595694683031227213e-03 9.849059023978913325e-04 1.048453487192126240e-03 1.437705647855985118e-04 -3.649178785241955869e-04 1.866439953617176175e-04 1.188070383782446768e-04 -2.493180249161793633e-04 3.570216143261447056e-04 3.704143999341601243e-04 0.000000000000000000e+00
