0.000000000000000000e+00 -1.289391817571092344e-04 -3.541966931400632309e-04 1.278961103004042912e-04 -3.251040313304017024e-04 2.001439817703856488e-04 1.441926126388218255e-04 2.295515529232017835e-04 -3.014076057736740167e-04 7.259926223442383290e-05 1.509438809993107842e-04 4.935495026841350170e-06
-1.289391817571092344e-04 0.000000000000000000e+00 -1.158437708419311936e-03 1.715955485414805484e-03 -1.450484975043474494e-03 -1.798333220597048707e-03 5.547740432049036961e-04 -3.026826482715766920e-03 2.104810017982630503e-03 -9.939317712371121324e-04 -4.612337794940809025e-04 -9.174778248390656320e-04
-3.541966931400632309e-04 -1.158437708419311936e-03 0.000000000000000000e+00 -1.315926428164240639e-03 -7.061845618414865295e-04 3.118253113551361757e-04 -6.497368072799750063e-04 -7.779497357436728020e-04 -7.347212853449281615e-04 7.762931359276448477e-04 -4.113643076926421448e-04 1.938033309289735834e-04
1.278961103004042912e-04 1.715955485414805484e-03 -1.315926428164240639e-03 0.000000000000000000e+00 1.257797508983186496e-03 2.218144758564044659e-04 4.385421756797886319e-04 -1.551037689170217540e-03 -2.439543009085777450e-03 -4.767181795516831988e-04 -3.342411677517001588e-04 -7.723262301807122369e-05
-3.251040313304017024e-04 -1.450484975043474494e-03 -7.061845618414865295e-04 1.257797508983186496e-03 0.000000000000000000e+00 1.745836723818502490e-04 -1.004746841432450129e-03 5.836932429056149304e-04 -5.579058611786442707e-04 -1.636882456651787536e-05 5.176107876748984498e-04 1.000611321376045722e-04
2.001439817703856488e-04 -1.798333220597048707e-03 3.118253113551361757e-04 2.218144758564044659e-04 1.745836723818502490e-04 0.000000000000000000e+00 7.397760516087522513e-04 6.446014409127873634e-04 -6.268045623037616157e-04 3.258083522003277894e-04 -3.990674900630971104e-04 -7.476788582215300764e-04
1.441926126388218255e-04 5.547740432049036961e-04 -6.497368072799750063e-04 4.385421756797886319e-04 -1.004746841432450129e-03 7.397760516087522513e-04 0.000000000000000000e+00 -6.569196344884770068e-04 9.989331928596766053e-04 4.504452068667635749e-04 -8.782308484970719191e-05 -4.846601243011519297e-04
2.295515529232017835e-04 -3.026826482715766920e-03 -7.779497357436728020e-04 -1.551037689170217540e-03 5.836932429056149304e-04 6.446014409127873634e-04 -6.569196344884770068e-04 0.000000000000000000e+00 9.861581543737223555e-04 -6.304054326002029533e-04 2.462534045962447879e-04 -4.735989532819697887e-04
-3.014076057736740167e-04 2.104810017982630503e-03 -7.347212853449281615e-04 -2.439543009085777450e-03 -5.579058611786442707e-04 -6.268045623037616157e-04 9.989331928596766053e-04 9.861581543737223555e-04 0.000000000000000000e+00 -3.970314271700844754e-05 3.679666525995522043e-04 3.273258744460219680e-05
7.259926223442383290e-05 -9.939317712371121324e-04 7.762931359276448477e-04 -4.767181795516831988e-04 -1.636882456651787536e-05 3.258083522003277894e-04 4.504452068667635749e-04 -6.304054326002029533e-04 -3.970314271700844754e-05 0.000000000000000000e+00 4.000447695107498328e-04 3.172883185017464497e-05
1.509438809993107842e-04 -4.612337794940809025e-04 -4.113643076926421448e-04 -3.342411677517001588e-04 5.176107876748984498e-04 -3.990674900630971104e-04 -8.782308484970719191e-05 2.462534045962447879e-04 3.679666525995522043e-04 4.000447695107498328e-04 0.000000000000000000e+00 2.769898404844372566e-04
4.935495026841350170e-06 -9.174778248390656320e-04 1.938033309289735834e-04 -7.723262301807122369e-05 1.000611321376045722e-04 -7.476788582215300764e-04 -4.846601243011519297e-04 -4.735989532819697887e-04 3.273258744460219680e-05 3.172883185017464497e-05 2.769898404844372566e-04 0.000000000000000000e+00
