0.000000000000000000e+00 -5.879788026364591007e-04 6.748484449267204942e-04 -3.824302544541030341e-04 3.666174333476529177e-04 -2.526602707090209923e-04 4.710060223556487955e-04 3.201899589195615061e-04 2.271535230587679412e-04 9.144844518877357756e-05 5.721025424248296539e-05 2.028789104128229069e-04
-5.879788026364591007e-04 0.000000000000000000e+00 1.600997355977486908e-03 -1.669102015786684296e-04 1.835676846432750991e-03 1.019327230249931961e-03 -8.060210406401719730e-04 -8.144278827035624250e-04 2.949954670850054618e-03 -8.573258069805967481e-04 7.601533354119092501e-04 4.466610071583730678e-04
6.748484449267204942e-04 1.600997355977486908e-03 0.000000000000000000e+00 3.457622703341877617e-04 3.453492992883983211e-04 -1.568075679671757777e-05 -1.205893736397557064e-03 -8.168868518265355897e-04 1.732928479050240781e-03 1.857353315380356822e-04 5.063309392717413706e-04 -5.994869207252289008e-04
-3.824302544541030341e-04 -1.669102015786684296e-04 3.457622703341877617e-04 0.000000000000000000e+00 1.276110459101927974e-04 -9.554940400925809310e-04 4.025567395738699592e-05 6.137884732915149062e-04 1.835093026279989621e-04 -5.066212518141966241e-04 3.559839818912831615e-04 -4.038007455207684947e-04
3.666174333476529177e-04 1.835676846432750991e-03 3.453492992883983211e-04 1.276110459101927974e-04 0.000000000000000000e+00 -2.729238748048281888e-04 9.758547078948251810e-04 -4.505313674944142941e-04 1.184630157384004802e-03 5.265892708683860392e-04 5.433473558684816154e-04 -2.840175975025652894e-04
-2.526602707090209923e-04 1.019327230249931961e-03 -1.568075679671757777e-05 -9.554940400925809310e-04 -2.729238748048281888e-04 0.000000000000000000e+00 2.239510086820093598e-04 -1.424167558879863721e-04 3.427191808615795746e-04 2.819740782852128876e-04 5.052050120485222263e-04 -6.199559757084697987e-04
4.710060223556487955e-04 -8.060210406401719730e-04 -1.205893736397557064e-03 4.025567395738699592e-05 9.758547078948251810e-04 2.239510086820093598e-04 0.000000000000000000e+00 -9.687500609603465727e-05 -4.067857808617897819e-04 -6.617973149201288806e-06 4.672477977492725185e-04 -5.364685252675797716e-04
3.201899589195615061e-04 -8.144278827035624250e-04 -8.168868518265355897e-04 6.137884732915149062e-04 -4.505313674944142941e-04 -1.424167558879863721e-04 -9.687500609603465727e-05 0.000000000000000000e+00 3.339262048493184579e-04 -6.894258859821560418e-04 3.324947530998793518e-04 -6.390220236816504399e-04
2.271535230587679412e-04 2.949954670850054618e-03 1.732928479050240781e-03 1.835093026279989621e-04 1.184630157384004802e-03 3.427191808615795746e-04 -4.067857808617897819e-04 3.339262048493184579e-04 0.000000000000000000e+00 2.541224324177884428e-04 -8.591052304498055956e-04 3.984818777450819215e-04
9.144844518877357756e-05 -8.573258069805967481e-04 1.857353315380356822e-04 -5.066212518141966241e-04 5.265892708683860392e-04 2.819740782852128876e-04 -6.617973149201288806e-06 -6.894258859821560418e-04 2.541224324177884428e-04 0.000000000000000000e+00 -1.723273556528574031e-04 -3.431015178786396102e-04
5.721025424248296539e-05 7.601533354119092501e-04 5.063309392717413706e-04 3.559839818912831615e-04 5.433473558684816154e-04 5.052050120485222263e-04 4.672477977492725185e-04 3.324947530998793518e-04 -8.591052304498055956e-04 -1.723273556528574031e-04 0.000000000000000000e+00 -5.191782034054521176e-04
2.028789104128229069e-04 4.466610071583730678e-04 -5.994869207252289008e-04 -4.038007455207684947e-04 -2.840175975025652894e-04 -6.199559757084697987e-04 -5.364685252675797716e-04 -6.390220236816504399e-04 3.984818777450819215e-04 -3.431015178786396102e-04 -5.191782034054521176e-04 0.000000000000000000e+00
