0.000000000000000000e+00 8.811369057868848704e-04 -2.851000954865146281e-04 7.085966986481821977e-04 1.100319690388398299e-04 2.425091356776677416e-04 -5.800915926685415490e-04 -1.154830893492048930e-04 -3.993921332042929605e-04 1.344677020805501216e-04 1.234134801055222655e-04 4.048719095599435101e-05
8.811369057868848704e-04 0.000000000000000000e+00 -8.602456909989948273e-04 2.738180847283455416e-03 1.674831192593700209e-03 -6.430538080424406683e-04 1.543566629577808628e-03 -3.747234694959472026e-04 1.227327354465445990e-03 2.871833354890873484e-04 -1.404545227863447394e-03 -1.725994969367949418e-03
-2.851000954865146281e-04 -8.602456909989948273e-04 0.000000000000000000e+00 -9.312567491530749589e-04 1.178991540731864776e-03 9.947136717894773539e-06 -1.350798512611665197e-03 7.954338821498486240e-04 1.110518394599928045e-03 1.522314909525825295e-04 9.360208006975017639e-04 8.004521690555413752e-04
7.085966986481821977e-04 2.738180847283455416e-03 -9.312567491530749589e-04 0.000000000000000000e+00 -1.461105183591219245e-04 4.459822694059915882e-04 1.993796062251649084e-03 -8.010058921389530233e-04 -3.469017433039037700e-04 -4.126924111006077779e-05 7.372202221170401663e-04 -4.077274639024963676e-04
1.100319690388398299e-04 1.674831192593700209e-03 1.178991540731864776e-03 -1.461105183591219245e-04 0.000000000000000000e+00 -1.970280395166902924e-04 1.270446955752731243e-03 -2.783824216094280121e-04 1.427253464911358615e-03 -2.404135330560633777e-05 2.557274087575266597e-04 5.765610095431085566e-04
2.425091356776677416e-04 -6.430538080424406683e-04 9.947136717894773539e-06 4.459822694059915882e-04 -1.970280395166902924e-04 0.000000000000000000e+00 -7.632219933419195869e-04 -8.765616011113394818e-05 5.576656017723965022e-04 -4.638979278770730889e-04 -1.039510295280277632e-04 4.609331424752805153e-05
-5.800915926685415490e-04 1.543566629577808628e-03 -1.350798512611665197e-03 1.993796062251649084e-03 1.270446955752731243e-03 -7.632219933419195869e-04 0.000000000000000000e+00 -2.871243069411058167e-04 -1.267068644715651626e-03 -9.644039764860873451e-05 6.021951612472954945e-04 1.594088291465724618e-04
-1.154830893492048930e-04 -3.747234694959472026e-04 7.954338821498486240e-04 -8.010058921389530233e-04 -2.783824216094280121e-04 -8.765616011113394818e-05 -2.871243069411058167e-04 0.000000000000000000e+00 -5.668417563843818887e-04 -7.604522075710803356e-04 -4.520256131920172868e-04 -7.873231592396833260e-05
-3.993921332042929605e-04 1.227327354465445990e-03 1.110518394599928045e-03 -3.469017433039037700e-04 1.427253464911358615e-03 5.576656017723965022e-04 -1.267068644715651626e-03 -5.668417563843818887e-04 0.000000000000000000e+00 -8.071641454096725558e-04 -7.441057102625644527e-05 -2.539449034368131936e-05
1.344677020805501216e-04 2.871833354890873484e-04 1.522314909525825295e-04 -4.126924111006077779e-05 -2.404135330560633777e-05 -4.638979278770730889e-04 -9.644039764860873451e-05 -7.604522075710803356e-04 -8.071641454096725558e-04 0.000000000000000000e+00 2.189129846168073922e-04 6.227127480864608168e-04
1.234134801055222655e-04 -1.404545227863447394e-03 9.360208006975017639e-04 7.372202221170401663e-04 2.557274087575266597e-04 -1.039510295280277632e-04 6.021951612472954945e-04 -4.520256131920172868e-04 -7.441057102625644527e-05 2.189129846168073922e-04 0.000000000000000000e+00 1.926381958669234234e-04
4.048719095599435101e-05 -1.725994969367949418e-03 8.004521690555413752e-04 -4.077274639024963676e-04 5.765610095431085566e-04 4.609331424752805153e-05 1.594088291465724618e-04 -7.873231592396833260e-05 -2.539449034368131936e-05 6.227127480864608168e-04 1.926381958669234234e-04 0.000000000000000000e+00
