0.000000000000000000e+00 -8.554254895366473739e-04 -8.626546829753434803e-06 2.188515677905919369e-04 -4.410846469094762442e-04 -2.597499570914331077e-04 -9.140141058685867861e-04 1.129927021125504841e-05 -1.275301808860088018e-03 -1.712243167657270511e-04 -4.549748401509685685e-04 -1.903211924426748830e-04
-8.554254895366473739e-04 0.000000000000000000e+00 3.701867812562732664e-04 1.341178721311077435e-03 1.182287801231518597e-03 7.085256437948618188e-04 7.017679602991331862e-05 8.176313374035720739e-04 1.043910877979694696e-03 2.659730813599733065e-04 1.619297233609728469e-04 2.582631570058189401e-04
-8.626546829753434803e-06 3.701867812562732664e-04 0.000000000000000000e+00 4.616717629248901790e-04 2.964627342718552952e-05 -2.379091894421346022e-04 2.238709057370311215e-04 3.266244729064537652e-04 -2.574747323390827022e-05 -2.203241796849973364e-04 -3.956316776203677157e-04 1.176648708546289594e-04
2.188515677905919369e-04 1.341178721311077435e-03 4.616717629248901790e-04 0.000000000000000000e+00 4.448428721640373148e-04 -4.154342112027646487e-04 7.497361970129422888e-04 3.060877671523484539e-04 1.137618285814367362e-03 -6.842894391096521027e-04 4.031924731996548326e-04 -1.228150205791332010e-03
-4.410846469094762442e-04 1.182287801231518597e-03 2.964627342718552952e-05 4.448428721640373148e-04 0.000000000000000000e+00 -1.487654262522002764e-03 -2.796597171563670881e-04 -6.727479041591064328e-04 3.731666641662292005e-04 2.608863010788843128e-04 1.039970243207008656e-03 -4.377667038890054279e-04
-2.597499570914331077e-04 7.085256437948618188e-04 -2.379091894421346022e-04 -4.154342112027646487e-04 -1.487654262522002764e-03 0.000000000000000000e+00 -2.038474208127957982e-04 2.632887571294254296e-04 1.004346566417944593e-03 3.475828821779880290e-04 1.450188210136192342e-03 -9.071788935279028387e-05
-9.140141058685867861e-04 7.017679602991331862e-05 2.238709057370311215e-04 7.497361970129422888e-04 -2.796597171563670881e-04 -2.038474208127957982e-04 0.000000000000000000e+00 2.541528857435877437e-04 -1.033693402588091578e-04 -1.377744296026140207e-04 -4.356415042810399523e-04 4.490408389261923462e-04
1.129927021125504841e-05 8.176313374035720739e-04 3.266244729064537652e-04 3.060877671523484539e-04 -6.727479041591064328e-04 2.632887571294254296e-04 2.541528857435877437e-04 0.000000000000000000e+00 6.071599102896532447e-04 -1.400351487302041475e-04 -8.601484192538751388e-04 1.166362281167684754e-04
-1.275301808860088018e-03 1.043910877979694696e-03 -2.574747323390827022e-05 1.137618285814367362e-03 3.731666641662292005e-04 1.004346566417944593e-03 -1.033693402588091578e-04 6.071599102896532447e-04 0.000000000000000000e+00 7.533331535808046684e-04 -1.115477083564746837e-03 -1.119471198945066722e-03
-1.712243167657270511e-04 2.659730813599733065e-04 -2.203241796849973364e-04 -6.842894391096521027e-04 2.608863010788843128e-04 3.475828821779880290e-04 -1.377744296026140207e-04 -1.400351487302041475e-04 7.533331535808046684e-04 0.000000000000000000e+00 -6.686706383543227503e-04 -2.092158201314969844e-04
-4.549748401509685685e-04 1.619297233609728469e-04 -3.956316776203677157e-04 4.031924731996548326e-04 1.039970243207008656e-03 1.450188210136192342e-03 -4.356415042810399523e-04 -8.601484192538751388e-04 -1.115477083564746837e-03 -6.686706383543227503e-04 0.000000000000000000e+00 8.284743662887152299e-04
-1.903211924426748830e-04 2.582631570058189401e-04 1.176648708546289594e-04 -1.228150205791332010e-03 -4.377667038890054279e-04 -9.071788935279028387e-05 4.490408389261923462e-04 1.166362281167684754e-04 -1.119471198945066722e-03 -2.092158201314969844e-04 8.284743662887152299e-04 0.000000000000000000e+00
