0.000000000000000000e+00 -1.939243560015302794e-04 -3.291789316803612900e-04 -8.637392362679015972e-04 1.025544541232148704e-04 -2.364415588287903120e-04 -5.624499609182176987e-05 -7.538512412729119578e-04 -6.860797299245190769e-04 1.629557476100244797e-04 6.185527060538567341e-04 -1.276894103584928493e-04
-1.939243560015302794e-04 0.000000000000000000e+00 -3.778245778236603044e-04 3.224959423406601779e-03 -1.683321860252337890e-03 -7.832020167263546630e-04 -1.175265540397263386e-03 7.897914956140487984e-04 -4.438835212393958674e-03 -5.295211676843432184e-04 3.209501222138479073e-03 4.328906922280008969e-04
-3.291789316803612900e-04 -3.778245778236603044e-04 0.000000000000000000e+00 -4.624546511047686803e-04 6.842328418709620530e-04 -1.935337152777697584e-04 5.103688416348150126e-05 4.017926114242996227e-05 -9.363339467422309662e-04 2.566171259364258923e-04 8.126869204568523035e-04 3.068712638050715476e-04
-8.637392362679015972e-04 3.224959423406601779e-03 -4.624546511047686803e-04 0.000000000000000000e+00 -1.808606166203589015e-03 1.681807626954391838e-03 -4.539260032985093104e-04 -1.604060717085850694e-04 2.791632932385265404e-03 7.187572747484433869e-04 1.858012999174722592e-03 9.076511071533705823e-04
1.025544541232148704e-04 -1.683321860252337890e-03 6.842328418709620530e-04 -1.808606166203589015e-03 0.000000000000000000e+00 7.636666691909660713e-04 6.634928160763305452e-04 4.670128394740888557e-05 -2.362854067016355742e-03 5.464622035157065119e-04 3.710778942029173850e-05 2.808437439034836480e-04
-2.364415588287903120e-04 -7.832020167263546630e-04 -1.935337152777697584e-04 1.681807626954391838e-03 7.636666691909660713e-04 0.000000000000000000e+00 4.213750066171852984e-04 -1.439013299580161947e-04 1.620888804699350139e-03 -3.263267652158803990e-05 5.753355061843829898e-04 -5.854738336765248239e-04
-5.624499609182176987e-05 -1.175265540397263386e-03 5.103688416348150126e-05 -4.539260032985093104e-04 6.634928160763305452e-04 4.213750066171852984e-04 0.000000000000000000e+00 -2.947046627670933390e-04 3.167083299133860159e-04 -3.907815038576385389e-04 1.191560550436046497e-03 2.744651230800627386e-04
-7.538512412729119578e-04 7.897914956140487984e-04 4.017926114242996227e-05 -1.604060717085850694e-04 4.670128394740888557e-05 -1.439013299580161947e-04 -2.947046627670933390e-04 0.000000000000000000e+00 -5.611183111452692617e-04 -3.478704952019130329e-05 -5.639039819293608855e-04 -1.865174818550884126e-04
-6.860797299245190769e-04 -4.438835212393958674e-03 -9.363339467422309662e-04 2.791632932385265404e-03 -2.362854067016355742e-03 1.620888804699350139e-03 3.167083299133860159e-04 -5.611183111452692617e-04 0.000000000000000000e+00 4.375121592713549293e-04 -2.282341172518041316e-03 1.150430517527132967e-04
1.629557476100244797e-04 -5.295211676843432184e-04 2.566171259364258923e-04 7.187572747484433869e-04 5.464622035157065119e-04 -3.263267652158803990e-05 -3.907815038576385389e-04 -3.478704952019130329e-05 4.375121592713549293e-04 0.000000000000000000e+00 -8.837979599414124874e-05 5.885412307181862434e-04
6.185527060538567341e-04 3.209501222138479073e-03 8.126869204568523035e-04 1.858012999174722592e-03 3.710778942029173850e-05 5.753355061843829898e-04 1.191560550436046497e-03 -5.639039819293608855e-04 -2.282341172518041316e-03 -8.837979599414124874e-05 0.000000000000000000e+00 7.442908419789842629e-06
-1.276894103584928493e-04 4.328906922280008969e-04 3.068712638050715476e-04 9.076511071533705823e-04 2.808437439034836480e-04 -5.854738336765248239e-04 2.744651230800627386e-04 -1.865174818550884126e-04 1.150430517527132967e-04 5.885412307181862434e-04 7.442908419789842629e-06 0.000000000000000000e+00
