0.000000000000000000e+00 3.136303887154855445e-04 -2.435886838484618930e-04 9.189478183642587738e-04 1.557233075927668493e-04 -3.324858881807669832e-04 7.261481302959147104e-04 -6.797397797105081592e-05 1.059692687869066060e-03 -1.317231121903326930e-04 3.333996505005510052e-04 6.516014363929133668e-04
3.136303887154855445e-04 0.000000000000000000e+00 8.828376688460294825e-04 -2.281271423065300917e-04 5.053491123389495469e-04 -5.834403233743103590e-04 -1.352066359299413647e-03 3.197802811961357981e-04 -9.294603012928731459e-04 6.873372045373969978e-04 5.161889804834283871e-04 1.311145815956474368e-03
-2.435886838484618930e-04 8.828376688460294825e-04 0.000000000000000000e+00 6.897667495364470918e-04 -4.310687317059946227e-04 -9.649415216256180823e-05 4.622193806165795279e-04 -3.134259745147706258e-04 -5.686532614079007697e-04 2.292775287729991623e-04 -2.563310292854090546e-04 -3.153450858413923952e-04
9.189478183642587738e-04 -2.281271423065300917e-04 6.897667495364470918e-04 0.000000000000000000e+00 -1.695311227138844969e-03 2.626966517580662792e-04 -1.103194899530830948e-03 2.277437562427978533e-04 2.071279527678391522e-03 -1.134269872044355433e-04 -2.588993373414167796e-04 -5.329213162119200405e-04
1.557233075927668493e-04 5.053491123389495469e-04 -4.310687317059946227e-04 -1.695311227138844969e-03 0.000000000000000000e+00 6.849287131295888744e-06 4.940182068276636508e-04 6.361036307029702152e-05 -2.827994938283914556e-04 -2.315267194161322562e-05 -1.220122657636763972e-03 -5.175344312899203851e-04
-3.324858881807669832e-04 -5.834403233743103590e-04 -9.649415216256180823e-05 2.626966517580662792e-04 6.849287131295888744e-06 0.000000000000000000e+00 6.288399687735657774e-04 2.072720255117033086e-04 -1.427756533846598677e-04 2.571183148263212360e-04 6.643715861981134597e-04 4.641949347972600744e-04
7.261481302959147104e-04 -1.352066359299413647e-03 4.622193806165795279e-04 -1.103194899530830948e-03 4.940182068276636508e-04 6.288399687735657774e-04 0.000000000000000000e+00 -1.918752957736681326e-04 8.181045528795920967e-04 -2.824435677433471872e-04 6.678116137563618483e-04 -1.221606560391837615e-04
-6.797397797105081592e-05 3.197802811961357981e-04 -3.134259745147706258e-04 2.277437562427978533e-04 6.361036307029702152e-05 2.072720255117033086e-04 -1.918752957736681326e-04 0.000000000000000000e+00 -7.874250083513671412e-04 -3.686136614983839582e-04 2.191599075301359136e-04 -2.437392641537797200e-04
1.059692687869066060e-03 -9.294603012928731459e-04 -5.686532614079007697e-04 2.071279527678391522e-03 -2.827994938283914556e-04 -1.427756533846598677e-04 8.181045528795920967e-04 -7.874250083513671412e-04 0.000000000000000000e+00 3.093332667983296187e-05 1.966204228137396169e-03 -1.356653804522601299e-03
-1.317231121903326930e-04 6.873372045373969978e-04 2.292775287729991623e-04 -1.134269872044355433e-04 -2.315267194161322562e-05 2.571183148263212360e-04 -2.824435677433471872e-04 -3.686136614983839582e-04 3.093332667983296187e-05 0.000000000000000000e+00 8.778554708419344552e-05 -2.532949090175987063e-04
3.333996505005510052e-04 5.161889804834283871e-04 -2.563310292854090546e-04 -2.588993373414167796e-04 -1.220122657636763972e-03 6.643715861981134597e-04 6.678116137563618483e-04 2.191599075301359136e-04 1.966204228137396169e-03 8.778554708419344552e-05 0.000000000000000000e+00 4.517738572310289313e-04
6.516014363929133668e-04 1.311145815956474368e-03 -3.153450858413923952e-04 -5.329213162119200405e-04 -5.175344312899203851e-04 4.641949347972600744e-04 -1.221606560391837615e-04 -2.437392641537797200e-04 -1.356653804522601299e-03 -2.532949090175987063e-04 4.517738572310289313e-04 0.000000000000000000e+00
