0.000000000000000000e+00 -7.419268373945831028e-04 -5.225149468071002426e-04 8.177904797704051414e-04 -9.946461579932871448e-04 5.962477725555110990e-05 -3.344065330355297603e-04 2.083276163197788082e-04 -2.930127700155894235e-04 -5.337889787184537808e-05 6.199176518838276197e-04 1.466398816462381966e-04
-7.419268373945831028e-04 0.000000000000000000e+00 2.678710005121295477e-04 2.174083905054144741e-03 -2.012080077418529778e-03 1.106169277243350835e-03 -5.251997694887367918e-04 -9.040043417985284182e-04 2.150722760499779781e-03 -6.171531755650767502e-04 -1.115323430018271927e-04 4.183153179568150607e-04
-5.225149468071002426e-04 2.678710005121295477e-04 0.000000000000000000e+00 3.759569755115195889e-04 -5.747932248448820629e-04 2.479888832120473192e-04 5.431360880032668360e-04 -4.459116241092878031e-04 -2.821553193839763767e-04 -1.801335527445841443e-04 -6.625052544073374008e-04 1.033928173156654154e-05
8.177904797704051414e-04 2.174083905054144741e-03 3.759569755115195889e-04 0.000000000000000000e+00 -2.411535622948050156e-03 4.250320940376779732e-04 -6.452454529697839889e-04 7.725149172415011469e-04 3.164923608495065575e-04 -4.914262185241195834e-04 -2.887717529671857846e-04 5.785205723444435512e-04
-9.946461579932871448e-04 -2.012080077418529778e-03 -5.747932248448820629e-04 -2.411535622948050156e-03 0.000000000000000000e+00 9.871315782299034444e-04 -9.358708179200397447e-04 1.150754148684144079e-04 1.912138887151249890e-03 -1.064108696463717397e-04 1.085515852271752959e-03 -2.115335914527027546e-04
5.962477725555110990e-05 1.106169277243350835e-03 2.479888832120473192e-04 4.250320940376779732e-04 9.871315782299034444e-04 0.000000000000000000e+00 3.384234817098905859e-04 4.716663940505757592e-05 7.671295883658139350e-04 2.477695554686950262e-06 -6.123702474983959030e-04 -1.382576917332974879e-04
-3.344065330355297603e-04 -5.251997694887367918e-04 5.431360880032668360e-04 -6.452454529697839889e-04 -9.358708179200397447e-04 3.384234817098905859e-04 0.000000000000000000e+00 -2.683383445090095545e-04 -1.493966045495697054e-03 2.999225670364527780e-04 8.323799273701159825e-04 -6.761362063890305734e-04
2.083276163197788082e-04 -9.040043417985284182e-04 -4.459116241092878031e-04 7.725149172415011469e-04 1.150754148684144079e-04 4.716663940505757592e-05 -2.683383445090095545e-04 0.000000000000000000e+00 1.138113846787674354e-04 2.311228137165496406e-05 -7.415620651003034837e-04 -2.267202502847262102e-04
-2.930127700155894235e-04 2.150722760499779781e-03 -2.821553193839763767e-04 3.164923608495065575e-04 1.912138887151249890e-03 7.671295883658139350e-04 -1.493966045495697054e-03 1.138113846787674354e-04 0.000000000000000000e+00 -6.291093780082188938e-04 8.830900387111076735e-04 -8.467804342812306807e-05
-5.337889787184537808e-05 -6.171531755650767502e-04 -1.801335527445841443e-04 -4.914262185241195834e-04 -1.064108696463717397e-04 2.477695554686950262e-06 2.999225670364527780e-04 2.311228137165496406e-05 -6.291093780082188938e-04 0.000000000000000000e+00 -2.479002110567833867e-04 1.643775365414045420e-04
6.199176518838276197e-04 -1.115323430018271927e-04 -6.625052544073374008e-04 -2.887717529671857846e-04 1.085515852271752959e-03 -6.123702474983959030e-04 8.323799273701159825e-04 -7.415620651003034837e-04 8.830900387111076735e-04 -2.479002110567833867e-04 0.000000000000000000e+00 4.390722389004964856e-04
1.466398816462381966e-04 4.183153179568150607e-04 1.033928173156654154e-05 5.785205723444435512e-04 -2.115335914527027546e-04 -1.382576917332974879e-04 -6.761362063890305734e-04 -2.267202502847262102e-04 -8.467804342812306807e-05 1.643775365414045420e-04 4.390722389004964856e-04 0.000000000000000000e+00
