0.000000000000000000e+00 1.402519546343890180e-04 3.361791509768023841e-04 3.522956498532148878e-04 2.528699754939198546e-05 -2.131194103008746598e-04 -7.705812842513904380e-04 -3.044441000122535186e-05 -9.649000950069039090e-04 2.610899230294273527e-04 -3.486551939515233141e-04 1.188451226849217968e-04
1.402519546343890180e-04 0.000000000000000000e+00 -1.791790196392802331e-05 -6.751480709735603429e-04 3.313230418942393380e-04 4.618478181865820552e-04 4.942600254228415131e-04 -4.301663128504584852e-04 -2.720188012094789808e-04 -4.089332313885558272e-04 -2.819800723085065679e-05 -6.372195522003546277e-04
3.361791509768023841e-04 -1.791790196392802331e-05 0.000000000000000000e+00 5.446387315448851735e-04 -2.301384756088565361e-04 1.299673516922804524e-04 -4.580961669374686361e-04 -2.749388435292703212e-04 -8.636135324799824702e-04 -1.006333574332435657e-03 4.413220492537743588e-04 5.355970395819700412e-04
3.522956498532148878e-04 -6.751480709735603429e-04 5.446387315448851735e-04 0.000000000000000000e+00 -2.731506932167748888e-04 -3.904163639133370026e-04 1.279065859185945933e-03 -5.838662755699951641e-05 -5.565944573115228422e-04 4.067750965966239365e-04 -1.981558070761342658e-04 -3.259241407602410877e-04
2.528699754939198546e-05 3.313230418942393380e-04 -2.301384756088565361e-04 -2.731506932167748888e-04 0.000000000000000000e+00 -2.273861953615409850e-04 -1.811558478744615137e-04 1.533186244805948646e-04 -6.976819443810833342e-04 2.093390326780237946e-03 9.591670708038281057e-04 -7.128825395793059010e-04
-2.131194103008746598e-04 4.618478181865820552e-04 1.299673516922804524e-04 -3.904163639133370026e-04 -2.273861953615409850e-04 0.000000000000000000e+00 -5.452043667749058905e-04 2.779399555345674012e-05 9.625726812712606567e-06 -1.359471985131222049e-04 -2.498795248282461266e-04 -1.868195235989460353e-04
-7.705812842513904380e-04 4.942600254228415131e-04 -4.580961669374686361e-04 1.279065859185945933e-03 -1.811558478744615137e-04 -5.452043667749058905e-04 0.000000000000000000e+00 3.203110550129531129e-04 3.286883548498096327e-03 6.547063045868528261e-04 -1.436802033208014074e-03 -4.700110651112749294e-04
-3.044441000122535186e-05 -4.301663128504584852e-04 -2.749388435292703212e-04 -5.838662755699951641e-05 1.533186244805948646e-04 2.779399555345674012e-05 3.203110550129531129e-04 0.000000000000000000e+00 1.650129128525200807e-04 9.000842486516646848e-05 -1.380723951500202509e-04 -4.739832655178034685e-04
-9.649000950069039090e-04 -2.720188012094789808e-04 -8.636135324799824702e-04 -5.565944573115228422e-04 -6.976819443810833342e-04 9.625726812712606567e-06 3.286883548498096327e-03 1.650129128525200807e-04 0.000000000000000000e+00 -2.947129954082506297e-03 9.319275231180524396e-05 2.258450277212080502e-03
2.610899230294273527e-04 -4.089332313885558272e-04 -1.006333574332435657e-03 4.067750965966239365e-04 2.093390326780237946e-03 -1.359471985131222049e-04 6.547063045868528261e-04 9.000842486516646848e-05 -2.947129954082506297e-03 0.000000000000000000e+00 -1.330705129300054773e-03 -1.459023224450460598e-04
-3.486551939515233141e-04 -2.819800723085065679e-05 4.413220492537743588e-04 -1.981558070761342658e-04 9.591670708038281057e-04 -2.498795248282461266e-04 -1.436802033208014074e-03 -1.380723951500202509e-04 9.319275231180524396e-05 -1.330705129300054773e-03 0.000000000000000000e+00 4.204253091661061146e-04
1.188451226849217968e-04 -6.372195522003546277e-04 5.355970395819700412e-04 -3.259241407602410877e-04 -7.128825395793059010e-04 -1.868195235989460353e-04 -4.700110651112749294e-04 -4.739832655178034685e-04 2.258450277212080502e-03 -1.459023224450460598e-04 4.204253091661061146e-04 0.000000000000000000e+00
