0.000000000000000000e+00 3.861429443036876706e-04 -2.279382670414647452e-04 6.180439830213599285e-04 7.136912344109518254e-04 -3.571691861500291562e-04 -3.236919543797904487e-04 7.130725940193478765e-05 2.158133814038803229e-04 5.435980216440078295e-04 -3.938534815118504098e-04 -7.032478396067377022e-04
3.861429443036876706e-04 0.000000000000000000e+00 7.421528250520130834e-04 2.887395829060404270e-04 -1.314761293550413806e-03 6.889506890157588855e-05 1.154607954735306641e-03 2.652742706176858343e-04 -8.307510692620889182e-04 4.532862118459205360e-04 -2.494993547598191682e-05 6.505755484939749816e-04
-2.279382670414647452e-04 7.421528250520130834e-04 0.000000000000000000e+00 1.042772858451143745e-04 7.489424870639665782e-04 -6.680884171466114742e-05 1.377343872990314643e-03 -1.454403536663531004e-05 -4.809848850032830071e-04 5.060048225098904943e-04 1.501970761584125829e-04 -1.755674540391690905e-04
6.180439830213599285e-04 2.887395829060404270e-04 1.042772858451143745e-04 0.000000000000000000e+00 1.680166371890296471e-04 -1.954187804661011892e-04 1.130711410077448164e-04 -6.351533215398914552e-05 -3.868135319175114591e-04 -1.004508207469331305e-03 3.167529020816243568e-04 5.914236923293062897e-04
7.136912344109518254e-04 -1.314761293550413806e-03 7.489424870639665782e-04 1.680166371890296471e-04 0.000000000000000000e+00 -2.449672040334450475e-04 4.013698658720723914e-04 1.482359191335489541e-04 1.000197934408223084e-03 -8.473156304765432209e-04 8.683534883482393277e-04 -1.331658287618498349e-03
-3.571691861500291562e-04 6.889506890157588855e-05 -6.680884171466114742e-05 -1.954187804661011892e-04 -2.449672040334450475e-04 0.000000000000000000e+00 2.533812161193372756e-04 -1.582074140534811156e-04 8.945657472661896256e-04 1.183446493727966170e-03 3.391672150856538505e-04 -1.855690949692785196e-04
-3.236919543797904487e-04 1.154607954735306641e-03 1.377343872990314643e-03 1.130711410077448164e-04 4.013698658720723914e-04 2.533812161193372756e-04 0.000000000000000000e+00 -4.871633093533329190e-04 1.941264389622039113e-03 -2.533609747787650412e-03 -2.102644399419754950e-03 -6.085110874876712437e-04
7.130725940193478765e-05 2.652742706176858343e-04 -1.454403536663531004e-05 -6.351533215398914552e-05 1.482359191335489541e-04 -1.582074140534811156e-04 -4.871633093533329190e-04 0.000000000000000000e+00 4.896629186313462053e-04 -4.969543642147591271e-04 4.872656514743481729e-04 -3.051844440824178764e-04
2.158133814038803229e-04 -8.307510692620889182e-04 -4.809848850032830071e-04 -3.868135319175114591e-04 1.000197934408223084e-03 8.945657472661896256e-04 1.941264389622039113e-03 4.896629186313462053e-04 0.000000000000000000e+00 -1.562099062043002416e-03 -7.516443875678493298e-05 5.110738852907899124e-04
5.435980216440078295e-04 4.532862118459205360e-04 5.060048225098904943e-04 -1.004508207469331305e-03 -8.473156304765432209e-04 1.183446493727966170e-03 -2.533609747787650412e-03 -4.969543642147591271e-04 -1.562099062043002416e-03 0.000000000000000000e+00 -1.806424359864340580e-04 -2.876469172248614665e-03
-3.938534815118504098e-04 -2.494993547598191682e-05 1.501970761584125829e-04 3.167529020816243568e-04 8.683534883482393277e-04 3.391672150856538505e-04 -2.102644399419754950e-03 4.872656514743481729e-04 -7.516443875678493298e-05 -1.806424359864340580e-04 0.000000000000000000e+00 1.053340413028366548e-03
-7.032478396067377022e-04 6.505755484939749816e-04 -1.755674540391690905e-04 5.914236923293062897e-04 -1.331658287618498349e-03 -1.855690949692785196e-04 -6.085110874876712437e-04 -3.051844440824178764e-04 5.110738852907899124e-04 -2.876469172248614665e-03 1.053340413028366548e-03 0.000000000000000000e+00
