0.000000000000000000e+00 -3.561845678401639450e-04 -3.539101861914456483e-04 4.204550492370770606e-04 -1.047232611799437654e-03 -3.666736588210719474e-04 -1.094795281608201788e-03 3.809397359915586657e-04 -6.485884486349244218e-04 2.405861567204153624e-04 -1.817517933900899695e-04 -4.962642829133821244e-04
-3.561845678401639450e-04 0.000000000000000000e+00 -2.226477161097226252e-04 -2.118290705682492905e-04 -7.505940167597533515e-04 4.729254564746945941e-04 -7.871083364568571801e-04 3.260012920323736909e-05 -7.750794555875267127e-04 -3.747131106729707762e-04 -7.569580921668678459e-04 -7.078516915748343016e-04
-3.539101861914456483e-04 -2.226477161097226252e-04 0.000000000000000000e+00 -1.886316580501320756e-04 4.018641209173563007e-04 -3.036508227879115146e-04 9.378036040117111640e-04 4.341075784453253127e-04 1.070772669549173374e-04 -9.674389200072683282e-04 5.933324094657004043e-04 -6.886226403868412737e-04
4.204550492370770606e-04 -2.118290705682492905e-04 -1.886316580501320756e-04 0.000000000000000000e+00 -1.883857625671933166e-04 -2.662888201069654607e-04 1.231940642420002556e-04 -1.344954028404681424e-04 -1.389826354586640267e-05 -7.469857085067902695e-04 -5.950060015706344933e-04 -5.779237904495242379e-04
-1.047232611799437654e-03 -7.505940167597533515e-04 4.018641209173563007e-04 -1.883857625671933166e-04 0.000000000000000000e+00 2.822697473080146009e-04 1.468532286867299053e-03 -1.312345726408440424e-04 -1.541812169895728172e-03 2.379823975818331182e-03 2.195117642092941598e-04 7.935543879068456680e-04
-3.666736588210719474e-04 4.729254564746945941e-04 -3.036508227879115146e-04 -2.662888201069654607e-04 2.822697473080146009e-04 0.000000000000000000e+00 -1.243388469287510329e-03 -4.721692974523714889e-05 9.331783303966768438e-05 -2.351041819101889631e-05 -1.295510020203748819e-04 -2.352998290259683556e-04
-1.094795281608201788e-03 -7.871083364568571801e-04 9.378036040117111640e-04 1.231940642420002556e-04 1.468532286867299053e-03 -1.243388469287510329e-03 0.000000000000000000e+00 2.829238097417604344e-04 1.633625987176822152e-03 7.145492533971967587e-04 3.852491128714396226e-04 -1.086661217192314531e-03
3.809397359915586657e-04 3.260012920323736909e-05 4.341075784453253127e-04 -1.344954028404681424e-04 -1.312345726408440424e-04 -4.721692974523714889e-05 2.829238097417604344e-04 0.000000000000000000e+00 2.664308683333955390e-04 9.510197464583387134e-04 -1.325237334249016808e-04 3.126965399893329818e-04
-6.485884486349244218e-04 -7.750794555875267127e-04 1.070772669549173374e-04 -1.389826354586640267e-05 -1.541812169895728172e-03 9.331783303966768438e-05 1.633625987176822152e-03 2.664308683333955390e-04 0.000000000000000000e+00 -1.278527680880511700e-03 5.276775113322389708e-04 -1.285943127571704831e-03
2.405861567204153624e-04 -3.747131106729707762e-04 -9.674389200072683282e-04 -7.469857085067902695e-04 2.379823975818331182e-03 -2.351041819101889631e-05 7.145492533971967587e-04 9.510197464583387134e-04 -1.278527680880511700e-03 0.000000000000000000e+00 -8.981863429627175068e-04 1.077908895448175496e-03
-1.817517933900899695e-04 -7.569580921668678459e-04 5.933324094657004043e-04 -5.950060015706344933e-04 2.195117642092941598e-04 -1.295510020203748819e-04 3.852491128714396226e-04 -1.325237334249016808e-04 5.276775113322389708e-04 -8.981863429627175068e-04 0.000000000000000000e+00 5.963202225410199099e-04
-4.962642829133821244e-04 -7.078516915748343016e-04 -6.886226403868412737e-04 -5.779237904495242379e-04 7.935543879068456680e-04 -2.352998290259683556e-04 -1.086661217192314531e-03 3.126965399893329818e-04 -1.285943127571704831e-03 1.077908895448175496e-03 5.963202225410199099e-04 0.000000000000000000e+00
