0.000000000000000000e+00 -3.176178394189630686e-04 1.452515714509145786e-04 9.861742485380664374e-05 -1.474511401718972775e-04 -1.420962079776119094e-03 8.269625383575055898e-04 -5.683253942183507301e-04 5.110884237191910644e-04 6.173750054026202767e-04 -8.838860972288738920e-04 -5.528771672557988501e-04
-3.176178394189630686e-04 0.000000000000000000e+00 -4.136624781996531860e-04 -6.517740518738912342e-05 1.429216637449914982e-03 -1.844294406380187108e-03 9.811405399634407420e-05 2.039442586664277305e-03 7.229070745459056447e-04 4.844501791182300528e-04 -1.325414756719712735e-03 -1.200544446931252644e-03
1.452515714509145786e-04 -4.136624781996531860e-04 0.000000000000000000e+00 2.424221812760112417e-04 1.430496129535331876e-05 -6.912072299069416809e-04 -1.559758623233605413e-04 -8.366831452968935068e-04 -1.692274286026175740e-04 -3.894732522534434375e-04 2.402630247552953614e-04 4.923913395100905149e-04
9.861742485380664374e-05 -6.517740518738912342e-05 2.424221812760112417e-04 0.000000000000000000e+00 -2.090421897715545856e-04 -7.857029824068774936e-05 -1.003115635518707328e-04 -3.729914504273554283e-05 -9.788923415602961923e-05 2.600192910665945515e-04 1.003321033981380885e-04 2.987191013306560825e-05
-1.474511401718972775e-04 1.429216637449914982e-03 1.430496129535331876e-05 -2.090421897715545856e-04 0.000000000000000000e+00 -3.558195417440572234e-04 -6.911092947195995005e-04 -1.254205335480933171e-03 9.594397808849015007e-05 6.484244289302125127e-04 -2.103883258683390052e-04 -2.887178626269024930e-04
-1.420962079776119094e-03 -1.844294406380187108e-03 -6.912072299069416809e-04 -7.857029824068774936e-05 -3.558195417440572234e-04 0.000000000000000000e+00 -8.162183274638357350e-04 -1.592628771992721497e-03 4.978719111225093528e-04 -4.587502545605921258e-04 1.521428670104319489e-04 -2.435126718231765859e-03
8.269625383575055898e-04 9.811405399634407420e-05 -1.559758623233605413e-04 -1.003115635518707328e-04 -6.911092947195995005e-04 -8.162183274638357350e-04 0.000000000000000000e+00 5.154051713396054024e-04 4.637362806622735391e-05 -1.771347145710247897e-04 8.087021765384981315e-04 -6.113981321941325698e-04
-5.683253942183507301e-04 2.039442586664277305e-03 -8.366831452968935068e-04 -3.729914504273554283e-05 -1.254205335480933171e-03 -1.592628771992721497e-03 5.154051713396054024e-04 0.000000000000000000e+00 -2.311116087630075229e-04 5.962384076527572734e-04 1.139791558289213380e-05 1.209425132757938190e-03
5.110884237191910644e-04 7.229070745459056447e-04 -1.692274286026175740e-04 -9.788923415602961923e-05 9.594397808849015007e-05 4.978719111225093528e-04 4.637362806622735391e-05 -2.311116087630075229e-04 0.000000000000000000e+00 -9.204980191203970060e-05 1.405480695807715069e-04 6.049138508938347756e-04
6.173750054026202767e-04 4.844501791182300528e-04 -3.894732522534434375e-04 2.600192910665945515e-04 6.484244289302125127e-04 -4.587502545605921258e-04 -1.771347145710247897e-04 5.962384076527572734e-04 -9.204980191203970060e-05 0.000000000000000000e+00 -4.335441457725087099e-04 -6.320897923947344215e-04
-8.838860972288738920e-04 -1.325414756719712735e-03 2.402630247552953614e-04 1.003321033981380885e-04 -2.103883258683390052e-04 1.521428670104319489e-04 8.087021765384981315e-04 1.139791558289213380e-05 1.405480695807715069e-04 -4.335441457725087099e-04 0.000000000000000000e+00 1.901506810044441319e-03
-5.528771672557988501e-04 -1.200544446931252644e-03 4.923913395100905149e-04 2.987191013306560825e-05 -2.887178626269024930e-04 -2.435126718231765859e-03 -6.113981321941325698e-04 1.209425132757938190e-03 6.049138508938347756e-04 -6.320897923947344215e-04 1.901506810044441319e-03 0.000000000000000000e+00
