0.000000000000000000e+00 3.400826559959792316e-04 1.220374204983178037e-04 1.932652912335720895e-04 5.961147494018659938e-04 1.032657819114764924e-03 -5.273889585349901500e-04 -6.704243983119390722e-04 -5.931258225350807475e-04 -7.623074325621164880e-04 -1.963639706219313431e-04 -7.449852890071264819e-04
3.400826559959792316e-04 0.000000000000000000e+00 4.845168852615521003e-04 1.259737624813502055e-05 1.136015584430165488e-03 -1.626633964592257356e-03 1.835470924504170978e-06 1.166858736201376772e-03 1.807288184561742402e-03 6.467551248988856645e-04 -9.453321299142382296e-04 1.012549382104657118e-03
1.220374204983178037e-04 4.845168852615521003e-04 0.000000000000000000e+00 2.516629487893928943e-05 9.187047558044998284e-04 -5.872734972530148324e-04 1.158419278740359783e-04 7.215978694576092450e-04 -4.134411438410472693e-04 -2.472628336231605644e-04 4.196140235177488491e-04 -2.574220140845294848e-04
1.932652912335720895e-04 1.259737624813502055e-05 2.516629487893928943e-05 0.000000000000000000e+00 -1.763739097052478854e-04 4.312314820190722448e-04 2.316951231218659978e-04 3.198329222914932687e-04 2.712531558479952618e-04 5.556813083143620724e-05 -3.635432354906533163e-04 3.320790743802530857e-04
5.961147494018659938e-04 1.136015584430165488e-03 9.187047558044998284e-04 -1.763739097052478854e-04 0.000000000000000000e+00 -1.899964316189262353e-03 6.641525142493535970e-04 -1.192778210712475270e-03 -5.040573843880748932e-04 1.545299486707982597e-04 4.447196386323875689e-05 1.488429719243833209e-03
1.032657819114764924e-03 -1.626633964592257356e-03 -5.872734972530148324e-04 4.312314820190722448e-04 -1.899964316189262353e-03 0.000000000000000000e+00 -3.553087662317353217e-04 -2.020950931445823339e-03 6.331612541113216435e-04 -1.145731442201093327e-03 1.407911144911391018e-03 3.032179096287959674e-03
-5.273889585349901500e-04 1.835470924504170978e-06 1.158419278740359783e-04 2.316951231218659978e-04 6.641525142493535970e-04 -3.553087662317353217e-04 0.000000000000000000e+00 -4.242078873318685310e-04 -6.148184613440497081e-04 4.575742066503715451e-04 -2.898106751429130302e-04 -3.699743280618400282e-04
-6.704243983119390722e-04 1.166858736201376772e-03 7.215978694576092450e-04 3.198329222914932687e-04 -1.192778210712475270e-03 -2.020950931445823339e-03 -4.242078873318685310e-04 0.000000000000000000e+00 5.488201410373075723e-05 2.995578393247027215e-04 5.787225192094285772e-05 -9.737409313159946581e-04
-5.931258225350807475e-04 1.807288184561742402e-03 -4.134411438410472693e-04 2.712531558479952618e-04 -5.040573843880748932e-04 6.331612541113216435e-04 -6.148184613440497081e-04 5.488201410373075723e-05 0.000000000000000000e+00 -1.543012495035505228e-04 -1.114660184886598284e-04 1.736994490233931309e-03
-7.623074325621164880e-04 6.467551248988856645e-04 -2.472628336231605644e-04 5.556813083143620724e-05 1.545299486707982597e-04 -1.145731442201093327e-03 4.575742066503715451e-04 2.995578393247027215e-04 -1.543012495035505228e-04 0.000000000000000000e+00 9.552230748882693313e-05 8.758725849892592692e-04
-1.963639706219313431e-04 -9.453321299142382296e-04 4.196140235177488491e-04 -3.635432354906533163e-04 4.447196386323875689e-05 1.407911144911391018e-03 -2.898106751429130302e-04 5.787225192094285772e-05 -1.114660184886598284e-04 9.552230748882693313e-05 0.000000000000000000e+00 1.244091438010145744e-04
-7.449852890071264819e-04 1.012549382104657118e-03 -2.574220140845294848e-04 3.320790743802530857e-04 1.488429719243833209e-03 3.032179096287959674e-03 -3.699743280618400282e-04 -9.737409313159946581e-04 1.736994490233931309e-03 8.758725849892592692e-04 1.244091438010145744e-04 0.000000000000000000e+00
