0.000000000000000000e+00 -5.243474104150462264e-04 -5.376084555393065463e-04 -1.238056712163998691e-04 4.794442548691719226e-04 1.484951538922684887e-03 3.553675581379274104e-04 1.331613633069753892e-03 7.436033960155606377e-04 1.540525884152780720e-04 -3.866744771525106907e-04 5.639442187048052764e-04
-5.243474104150462264e-04 0.000000000000000000e+00 3.268789102826080359e-04 -1.830870129273364649e-04 3.693056695631751428e-04 -2.064238438942509000e-03 6.785483247181144399e-04 1.159735938334229824e-03 -1.360988950159795936e-04 -1.598254644351627951e-03 -7.352505955573639595e-04 -1.479559065163432675e-03
-5.376084555393065463e-04 3.268789102826080359e-04 0.000000000000000000e+00 3.059940894628604847e-04 -3.268608242697781897e-04 1.296943278706914372e-03 2.645952625427550704e-04 6.905792148882135360e-04 -5.054142837320285773e-04 2.242311238228809867e-04 -3.138206798343948071e-04 -4.750611354641093146e-04
-1.238056712163998691e-04 -1.830870129273364649e-04 3.059940894628604847e-04 0.000000000000000000e+00 -2.072484741459076137e-04 3.263144108068819675e-04 3.261155597550467614e-04 -4.489855299938672051e-04 -4.688941424767750614e-05 1.428522813168190764e-04 -1.500618883759656714e-04 -6.442597777011742919e-04
4.794442548691719226e-04 3.693056695631751428e-04 -3.268608242697781897e-04 -2.072484741459076137e-04 0.000000000000000000e+00 1.110258588351815896e-04 8.334039929580798305e-04 2.250906044259001738e-04 -1.173001435575710415e-04 -6.091016966386810080e-04 4.611107494638326098e-04 1.015864936572487536e-03
1.484951538922684887e-03 -2.064238438942509000e-03 1.296943278706914372e-03 3.263144108068819675e-04 1.110258588351815896e-04 0.000000000000000000e+00 1.706915716543216130e-04 2.039640904138924869e-03 2.615809841552967801e-04 1.015347981079197694e-03 9.620395926151860183e-04 -1.526413080380996682e-03
3.553675581379274104e-04 6.785483247181144399e-04 2.645952625427550704e-04 3.261155597550467614e-04 8.334039929580798305e-04 1.706915716543216130e-04 0.000000000000000000e+00 -6.793281215950278682e-04 3.168094825007470375e-06 -1.404013059786104632e-04 -4.563624083229359885e-04 -7.014916783896017055e-04
1.331613633069753892e-03 1.159735938334229824e-03 6.905792148882135360e-04 -4.489855299938672051e-04 2.250906044259001738e-04 2.039640904138924869e-03 -6.793281215950278682e-04 0.000000000000000000e+00 -2.531294082708977159e-04 -6.018265467279599636e-04 2.140233942860128634e-04 8.603217053791458726e-04
7.436033960155606377e-04 -1.360988950159795936e-04 -5.054142837320285773e-04 -4.688941424767750614e-05 -1.173001435575710415e-04 2.615809841552967801e-04 3.168094825007470375e-06 -2.531294082708977159e-04 0.000000000000000000e+00 1.209947147094174631e-04 -3.587369064539157413e-04 -1.222755669737140595e-03
1.540525884152780720e-04 -1.598254644351627951e-03 2.242311238228809867e-04 1.428522813168190764e-04 -6.091016966386810080e-04 1.015347981079197694e-03 -1.404013059786104632e-04 -6.018265467279599636e-04 1.209947147094174631e-04 0.000000000000000000e+00 -3.604693113371440884e-04 6.639554790556115131e-04
-3.866744771525106907e-04 -7.352505955573639595e-04 -3.138206798343948071e-04 -1.500618883759656714e-04 4.611107494638326098e-04 9.620395926151860183e-04 -4.563624083229359885e-04 2.140233942860128634e-04 -3.587369064539157413e-04 -3.604693113371440884e-04 0.000000000000000000e+00 -2.853379731414980506e-05
5.639442187048052764e-04 -1.479559065163432675e-03 -4.750611354641093146e-04 -6.442597777011742919e-04 1.015864936572487536e-03 -1.526413080380996682e-03 -7.014916783896017055e-04 8.603217053791458726e-04 -1.222755669737140595e-03 6.639554790556115131e-04 -2.853379731414980506e-05 0.000000000000000000e+00
