0.000000000000000000e+00 -5.688859195662354261e-04 2.731662085912031073e-05 5.078829055342065114e-04 -9.345296250967341642e-04 1.932787108493747887e-03 2.032196065021702976e-04 4.081298624429263960e-04 2.440111070941484962e-04 3.172984997365713351e-04 6.794940536106609374e-04 -1.575568632137644811e-03
-5.688859195662354261e-04 0.000000000000000000e+00 7.671090393349239665e-04 4.641160311498802957e-04 -1.406055438684616216e-03 3.657497769029570932e-03 1.587378697522160440e-03 1.833001773343909645e-03 -1.111524135714836306e-03 -5.280155794090458671e-04 6.815331157653467531e-04 2.625441291945244948e-03
2.731662085912031073e-05 7.671090393349239665e-04 0.000000000000000000e+00 3.827512796753463535e-05 1.113937317537334626e-04 2.654218185109755287e-04 -1.605083949997033175e-04 -3.871181523114980384e-04 -3.448652424339825290e-04 1.579583191169788080e-04 3.027186344140928172e-04 -7.709984061009605375e-04
5.078829055342065114e-04 4.641160311498802957e-04 3.827512796753463535e-05 0.000000000000000000e+00 -2.124446062807619506e-04 -6.370550212213838947e-04 -1.752337174951176075e-04 1.972966837835698215e-04 1.315455721588574850e-04 -2.125800049667641157e-04 -3.419728946187215084e-04 -2.728607389247476563e-04
-9.345296250967341642e-04 -1.406055438684616216e-03 1.113937317537334626e-04 -2.124446062807619506e-04 0.000000000000000000e+00 1.501192332720940577e-03 -4.757336069262123519e-04 1.234984368123646318e-03 -6.271776511350839233e-04 -6.523076633393420877e-04 -2.138178453876167517e-04 -2.030158886521821453e-03
1.932787108493747887e-03 3.657497769029570932e-03 2.654218185109755287e-04 -6.370550212213838947e-04 1.501192332720940577e-03 0.000000000000000000e+00 -1.290135480730814077e-03 1.488820421632011930e-03 -2.124222347376537520e-03 9.109668534396942732e-04 -6.218879858129530832e-04 3.150150172639464355e-03
2.032196065021702976e-04 1.587378697522160440e-03 -1.605083949997033175e-04 -1.752337174951176075e-04 -4.757336069262123519e-04 -1.290135480730814077e-03 0.000000000000000000e+00 5.907975121979566844e-04 -8.041824519914675482e-04 2.028697374195778734e-04 3.167521227304206672e-04 -6.318265027462916916e-04
4.081298624429263960e-04 1.833001773343909645e-03 -3.871181523114980384e-04 1.972966837835698215e-04 1.234984368123646318e-03 1.488820421632011930e-03 5.907975121979566844e-04 0.000000000000000000e+00 2.580665517733325828e-04 -1.428898292727732739e-04 -1.839506970382749444e-04 -1.645046959301180211e-03
2.440111070941484962e-04 -1.111524135714836306e-03 -3.448652424339825290e-04 1.315455721588574850e-04 -6.271776511350839233e-04 -2.124222347376537520e-03 -8.041824519914675482e-04 2.580665517733325828e-04 0.000000000000000000e+00 -1.744282644921307703e-04 -1.661367544918653839e-04 6.211685319238640724e-04
3.172984997365713351e-04 -5.280155794090458671e-04 1.579583191169788080e-04 -2.125800049667641157e-04 -6.523076633393420877e-04 9.109668534396942732e-04 2.028697374195778734e-04 -1.428898292727732739e-04 -1.744282644921307703e-04 0.000000000000000000e+00 4.797877895587916849e-04 7.828685693208952637e-04
6.794940536106609374e-04 6.815331157653467531e-04 3.027186344140928172e-04 -3.419728946187215084e-04 -2.138178453876167517e-04 -6.218879858129530832e-04 3.167521227304206672e-04 -1.839506970382749444e-04 -1.661367544918653839e-04 4.797877895587916849e-04 0.000000000000000000e+00 -7.162384508885950244e-04
-1.575568632137644811e-03 2.625441291945244948e-03 -7.709984061009605375e-04 -2.728607389247476563e-04 -2.030158886521821453e-03 3.150150172639464355e-03 -6.318265027462916916e-04 -1.645046959301180211e-03 6.211685319238640724e-04 7.828685693208952637e-04 -7.162384508885950244e-04 0.000000000000000000e+00
