0.000000000000000000e+00 -1.767513020630856902e-03 -6.356490134817586362e-04 -5.950056131380483757e-04 1.332431629819554606e-03 -5.522627313046110306e-04 8.221040720440409412e-05 -1.190029596730169184e-03 -8.380879245409585490e-05 4.864600928796131542e-04 8.832460644912703087e-06 -4.333580244873090517e-04
-1.767513020630856902e-03 0.000000000000000000e+00 4.919774696550297064e-04 5.565221773927148249e-04 4.196605736361692495e-04 1.960211220790908891e-03 1.521325982548128600e-03 1.583919207681022808e-03 1.365538654464394262e-04 -4.795705310435696505e-04 1.018308890339394328e-03 -7.520599284305388467e-04
-6.356490134817586362e-04 4.919774696550297064e-04 0.000000000000000000e+00 -1.829303488349349354e-04 -6.381309690315084820e-05 -3.425617337753363522e-04 -2.055243300857866723e-04 2.767848943438542078e-04 -3.757566070791037690e-04 -3.220263531283328322e-04 -1.279060697175907820e-04 4.584059329204287340e-04
-5.950056131380483757e-04 5.565221773927148249e-04 -1.829303488349349354e-04 0.000000000000000000e+00 -4.289530415604284768e-04 -3.760285768747329720e-04 1.598266383676883113e-04 -2.319714573026112573e-04 -1.789682999672260783e-04 6.315755605704023495e-05 3.046615290490536595e-04 -1.022767502666207216e-03
1.332431629819554606e-03 4.196605736361692495e-04 -6.381309690315084820e-05 -4.289530415604284768e-04 0.000000000000000000e+00 2.070910723587336341e-03 -1.264740543016090518e-03 1.506561516093441865e-03 3.947624885417378251e-04 -4.255805673809017571e-04 -1.403662178871417643e-04 -8.499164020764903059e-04
-5.522627313046110306e-04 1.960211220790908891e-03 -3.425617337753363522e-04 -3.760285768747329720e-04 2.070910723587336341e-03 0.000000000000000000e+00 -1.054946785265258166e-03 -3.094146658237197392e-06 -6.230646698681325309e-04 6.369517619939056574e-04 -8.875427630792284478e-04 -1.754698930357822964e-03
8.221040720440409412e-05 1.521325982548128600e-03 -2.055243300857866723e-04 1.598266383676883113e-04 -1.264740543016090518e-03 -1.054946785265258166e-03 0.000000000000000000e+00 6.599927860310265959e-04 -3.060727446050530609e-06 4.533327518053619724e-04 -5.051245027033471812e-04 3.701891796319973863e-06
-1.190029596730169184e-03 1.583919207681022808e-03 2.767848943438542078e-04 -2.319714573026112573e-04 1.506561516093441865e-03 -3.094146658237197392e-06 6.599927860310265959e-04 0.000000000000000000e+00 -1.009581122973136918e-04 4.387140854014359649e-04 2.624962345342018218e-04 1.572435824030959202e-03
-8.380879245409585490e-05 1.365538654464394262e-04 -3.757566070791037690e-04 -1.789682999672260783e-04 3.947624885417378251e-04 -6.230646698681325309e-04 -3.060727446050530609e-06 -1.009581122973136918e-04 0.000000000000000000e+00 1.633062418325150844e-04 2.516607339047828248e-04 4.602797356695782771e-04
4.864600928796131542e-04 -4.795705310435696505e-04 -3.220263531283328322e-04 6.315755605704023495e-05 -4.255805673809017571e-04 6.369517619939056574e-04 4.533327518053619724e-04 4.387140854014359649e-04 1.633062418325150844e-04 0.000000000000000000e+00 3.716647061546768041e-05 7.900247874882762589e-04
8.832460644912703087e-06 1.018308890339394328e-03 -1.279060697175907820e-04 3.046615290490536595e-04 -1.403662178871417643e-04 -8.875427630792284478e-04 -5.051245027033471812e-04 2.624962345342018218e-04 2.516607339047828248e-04 3.716647061546768041e-05 0.000000000000000000e+00 7.674534398538597956e-04
-4.333580244873090517e-04 -7.520599284305388467e-04 4.584059329204287340e-04 -1.022767502666207216e-03 -8.499164020764903059e-04 -1.754698930357822964e-03 3.701891796319973863e-06 1.572435824030959202e-03 4.602797356695782771e-04 7.900247874882762589e-04 7.674534398538597956e-04 0.000000000000000000e+00
