0.000000000000000000e+00 1.262699423682113041e-04 -2.657431873063432126e-04 9.640673567137152990e-04 -1.618110196015287738e-04 1.616472399027672757e-03 1.072191715966995042e-05 8.822350784551711645e-04 -1.019690839816509050e-03 -1.170837473168934980e-04 2.024081210935965529e-04 8.889544269897457123e-04
1.262699423682113041e-04 0.000000000000000000e+00 -9.173628531414077967e-05 3.642167259304204141e-05 -4.243557696445238517e-04 -7.885644881051063083e-04 -3.578818976966052540e-04 -4.959622379801152886e-04 -1.025105223837019562e-03 -1.534702009068350385e-04 -3.122440840545301420e-04 -4.016302454477063645e-04
-2.657431873063432126e-04 -9.173628531414077967e-05 0.000000000000000000e+00 5.812371549614295713e-05 -1.824216399107992563e-04 -9.356266834041650758e-05 -1.810133469566588477e-04 -1.766400221052387171e-04 -9.645194900701079205e-04 -6.796162696108969418e-04 5.653132350074688614e-05 1.199531171040799354e-03
9.640673567137152990e-04 3.642167259304204141e-05 5.812371549614295713e-05 0.000000000000000000e+00 -4.987351680128146404e-04 -4.707957472120671578e-04 3.380735847085671411e-04 9.769918130106470568e-04 1.588763458850923926e-04 -3.921335963369093993e-04 -1.135150174592806574e-04 -7.519270820753615886e-04
-1.618110196015287738e-04 -4.243557696445238517e-04 -1.824216399107992563e-04 -4.987351680128146404e-04 0.000000000000000000e+00 -8.065270936733732283e-04 -2.276746164182225118e-04 -4.737921198261414203e-04 -1.117683638257405083e-04 -6.033797707651054106e-04 -3.337614824346814149e-04 8.518747947398212306e-04
1.616472399027672757e-03 -7.885644881051063083e-04 -9.356266834041650758e-05 -4.707957472120671578e-04 -8.065270936733732283e-04 0.000000000000000000e+00 -7.339286382939063475e-04 9.852774884334439785e-04 -1.959126273206527713e-04 7.686886960332189184e-04 6.521426743534000300e-04 1.551856955872449664e-03
1.072191715966995042e-05 -3.578818976966052540e-04 -1.810133469566588477e-04 3.380735847085671411e-04 -2.276746164182225118e-04 -7.339286382939063475e-04 0.000000000000000000e+00 -4.194758665122961519e-04 -1.176299494768254803e-03 1.115382265055304360e-03 4.888751174803654398e-04 8.709758611994007074e-04
8.822350784551711645e-04 -4.959622379801152886e-04 -1.766400221052387171e-04 9.769918130106470568e-04 -4.737921198261414203e-04 9.852774884334439785e-04 -4.194758665122961519e-04 0.000000000000000000e+00 -1.771682679370183275e-03 1.620233029324843988e-03 2.304542944884842434e-04 -1.769318943310768449e-03
-1.019690839816509050e-03 -1.025105223837019562e-03 -9.645194900701079205e-04 1.588763458850923926e-04 -1.117683638257405083e-04 -1.959126273206527713e-04 -1.176299494768254803e-03 -1.771682679370183275e-03 0.000000000000000000e+00 -1.696226075925101606e-03 3.700879446623940540e-04 -2.737595292485007353e-03
-1.170837473168934980e-04 -1.534702009068350385e-04 -6.796162696108969418e-04 -3.921335963369093993e-04 -6.033797707651054106e-04 7.686886960332189184e-04 1.115382265055304360e-03 1.620233029324843988e-03 -1.696226075925101606e-03 0.000000000000000000e+00 2.919682233631609551e-04 2.456337988666400327e-03
2.024081210935965529e-04 -3.122440840545301420e-04 5.653132350074688614e-05 -1.135150174592806574e-04 -3.337614824346814149e-04 6.521426743534000300e-04 4.888751174803654398e-04 2.304542944884842434e-04 3.700879446623940540e-04 2.919682233631609551e-04 0.000000000000000000e+00 1.608246286285188289e-03
8.889544269897457123e-04 -4.016302454477063645e-04 1.199531171040799354e-03 -7.519270820753615886e-04 8.518747947398212306e-04 1.551856955872449664e-03 8.709758611994007074e-04 -1.769318943310768449e-03 -2.737595292485007353e-03 2.456337988666400327e-03 1.608246286285188289e-03 0.000000000000000000e+00
