0.000000000000000000e+00 -1.295600735438236727e-04 1.296204894176570047e-04 1.088213961163829067e-03 2.090817234466962253e-04 4.673031518728834859e-04 6.886310434615213697e-04 6.173295578860501121e-05 1.676479923930162446e-03 1.969509860958479244e-04 1.506949130807299394e-04 -1.722130030784094342e-03
-1.295600735438236727e-04 0.000000000000000000e+00 -1.943465023373838470e-04 -3.908344074362034878e-04 1.768272568657320871e-04 -4.616413917059658339e-04 3.386981494498666144e-04 5.789760545005230531e-04 1.909486906573917397e-04 -4.101281184186783470e-04 2.236013171202773603e-04 7.909414331799358998e-06
1.296204894176570047e-04 -1.943465023373838470e-04 0.000000000000000000e+00 1.776029342571458939e-05 4.452194547006678590e-04 6.198493037327063113e-04 -5.337590438233157141e-04 -1.701717300609173131e-04 -3.561139028293024448e-04 -1.461348101949074680e-04 3.825693570981225319e-04 3.378755395635315087e-04
1.088213961163829067e-03 -3.908344074362034878e-04 1.776029342571458939e-05 0.000000000000000000e+00 1.945601385367349070e-04 -1.160716365576163747e-03 -1.187720362556542072e-04 3.250588247117680379e-04 -5.034551049448167089e-04 4.634034518379464879e-04 6.361025631541876869e-05 1.788348966731288705e-03
2.090817234466962253e-04 1.768272568657320871e-04 4.452194547006678590e-04 1.945601385367349070e-04 0.000000000000000000e+00 4.631870421144769267e-05 -3.204710735033281140e-04 1.564725282257425540e-04 -7.229099637213118323e-04 6.745763225215128337e-04 4.715386457696995118e-04 -5.078924723126794407e-04
4.673031518728834859e-04 -4.616413917059658339e-04 6.198493037327063113e-04 -1.160716365576163747e-03 4.631870421144769267e-05 0.000000000000000000e+00 -1.095213113963592515e-03 -8.234653154595074787e-04 1.812696359983364007e-03 -1.207256253385657159e-03 -5.624447368124768599e-04 -2.717273313170763711e-03
6.886310434615213697e-04 3.386981494498666144e-04 -5.337590438233157141e-04 -1.187720362556542072e-04 -3.204710735033281140e-04 -1.095213113963592515e-03 0.000000000000000000e+00 -8.224369762044323514e-04 -6.754831049172833543e-04 -3.111207351305578976e-04 4.718170755943119407e-06 -6.256832275419395338e-04
6.173295578860501121e-05 5.789760545005230531e-04 -1.701717300609173131e-04 3.250588247117680379e-04 1.564725282257425540e-04 -8.234653154595074787e-04 -8.224369762044323514e-04 0.000000000000000000e+00 3.919042905440481782e-04 6.303524217708205649e-04 -7.265755740234880597e-04 1.742016438981182878e-03
1.676479923930162446e-03 1.909486906573917397e-04 -3.561139028293024448e-04 -5.034551049448167089e-04 -7.229099637213118323e-04 1.812696359983364007e-03 -6.754831049172833543e-04 3.919042905440481782e-04 0.000000000000000000e+00 -5.615981865535920855e-04 -3.430881983174765957e-05 -2.183092762006359246e-03
1.969509860958479244e-04 -4.101281184186783470e-04 -1.461348101949074680e-04 4.634034518379464879e-04 6.745763225215128337e-04 -1.207256253385657159e-03 -3.111207351305578976e-04 6.303524217708205649e-04 -5.615981865535920855e-04 0.000000000000000000e+00 -8.691574703567136063e-04 -1.629863007407682165e-03
1.506949130807299394e-04 2.236013171202773603e-04 3.825693570981225319e-04 6.361025631541876869e-05 4.715386457696995118e-04 -5.624447368124768599e-04 4.718170755943119407e-06 -7.265755740234880597e-04 -3.430881983174765957e-05 -8.691574703567136063e-04 0.000000000000000000e+00 7.458843876882241238e-04
-1.722130030784094342e-03 7.909414331799358998e-06 3.378755395635315087e-04 1.788348966731288705e-03 -5.078924723126794407e-04 -2.717273313170763711e-03 -6.256832275419395338e-04 1.742016438981182878e-03 -2.183092762006359246e-03 -1.629863007407682165e-03 7.458843876882241238e-04 0.000000000000000000e+00
