0.000000000000000000e+00 3.642220083053101447e-04 -6.275939356443970495e-05 4.496929838109084751e-05 5.190635548072410023e-04 -1.153522022832172248e-04 1.179639371151199685e-04 -4.896230876093661706e-04 -1.909657787099274147e-03 2.554906351697817154e-04 -8.699029477636899916e-04 2.661348487164308472e-03
3.642220083053101447e-04 0.000000000000000000e+00 1.209871746564294276e-04 4.315074498968148850e-05 -2.529346185872606394e-04 3.346411172057978524e-04 -3.638870209762399177e-04 -2.707827851067136468e-04 2.809076547180977697e-04 4.348396318147983576e-05 -7.220861737307532108e-05 -5.564658844497035991e-04
-6.275939356443970495e-05 1.209871746564294276e-04 0.000000000000000000e+00 2.500093190639857198e-04 5.420134011867203491e-05 -6.313032733916300234e-04 -3.643874782567448956e-04 6.885830001851160186e-04 -6.554291769361402039e-06 3.631317714753464051e-05 -5.499834854312843851e-05 -5.829675011977738120e-04
4.496929838109084751e-05 4.315074498968148850e-05 2.500093190639857198e-04 0.000000000000000000e+00 -7.511665295695582872e-05 5.783866559925959251e-04 2.784866153550620343e-04 1.199857465107630742e-04 -2.912369560523532801e-04 -5.624499989149371170e-05 -6.345341364928774592e-05 5.859331273110593343e-04
5.190635548072410023e-04 -2.529346185872606394e-04 5.420134011867203491e-05 -7.511665295695582872e-05 0.000000000000000000e+00 5.666296495789234456e-04 -2.125181164955670184e-04 1.243512484691261630e-04 1.207753304972654411e-04 2.340879599854101586e-04 5.730936718182874125e-04 -6.955910268531859770e-04
-1.153522022832172248e-04 3.346411172057978524e-04 -6.313032733916300234e-04 5.783866559925959251e-04 5.666296495789234456e-04 0.000000000000000000e+00 1.569349749841336857e-03 -1.012948452663304686e-03 -2.572301869640223476e-03 1.366656319704732470e-04 8.250018912488021200e-05 -3.069176230012762591e-03
1.179639371151199685e-04 -3.638870209762399177e-04 -3.643874782567448956e-04 2.784866153550620343e-04 -2.125181164955670184e-04 1.569349749841336857e-03 0.000000000000000000e+00 -6.005139363843237056e-04 8.335084318204033851e-04 2.071693818323987559e-04 -3.844536534157895610e-04 9.115473532221186198e-04
-4.896230876093661706e-04 -2.707827851067136468e-04 6.885830001851160186e-04 1.199857465107630742e-04 1.243512484691261630e-04 -1.012948452663304686e-03 -6.005139363843237056e-04 0.000000000000000000e+00 -5.121213384798753519e-04 -6.166326936083979179e-04 -2.317523768844886509e-04 -9.249384950677775035e-04
-1.909657787099274147e-03 2.809076547180977697e-04 -6.554291769361402039e-06 -2.912369560523532801e-04 1.207753304972654411e-04 -2.572301869640223476e-03 8.335084318204033851e-04 -5.121213384798753519e-04 0.000000000000000000e+00 8.806646212139902655e-04 5.545194030009311910e-04 2.567009308987330384e-03
2.554906351697817154e-04 4.348396318147983576e-05 3.631317714753464051e-05 -5.624499989149371170e-05 2.340879599854101586e-04 1.366656319704732470e-04 2.071693818323987559e-04 -6.166326936083979179e-04 8.806646212139902655e-04 0.000000000000000000e+00 2.947406057801582819e-04 7.116452846934942641e-04
-8.699029477636899916e-04 -7.220861737307532108e-05 -5.499834854312843851e-05 -6.345341364928774592e-05 5.730936718182874125e-04 8.250018912488021200e-05 -3.844536534157895610e-04 -2.317523768844886509e-04 5.545194030009311910e-04 2.947406057801582819e-04 0.000000000000000000e+00 8.482886353401804973e-05
2.661348487164308472e-03 -5.564658844497035991e-04 -5.829675011977738120e-04 5.859331273110593343e-04 -6.955910268531859770e-04 -3.069176230012762591e-03 9.115473532221186198e-04 -9.249384950677775035e-04 2.567009308987330384e-03 7.116452846934942641e-04 8.482886353401804973e-05 0.000000000000000000e+00
