0.000000000000000000e+00 4.062960932553212720e-04 7.340166676298942811e-04 -3.316179478370158851e-04 3.011543378388188610e-04 -1.525748921160831372e-03 1.602051403974087478e-04 9.463746947097507068e-04 -8.189533469194339122e-04 9.795160741973292073e-04 7.896239335517810575e-04 -1.635028306837458178e-03
4.062960932553212720e-04 0.000000000000000000e+00 1.697361743863580040e-04 -5.929190876866115181e-05 -3.026410270916655857e-04 2.254220431245924363e-04 1.452856914898289001e-04 -1.380253817277372636e-04 7.425839049528274111e-04 -2.700065954332175324e-04 4.568781614724467133e-04 -6.439912244213851292e-04
7.340166676298942811e-04 1.697361743863580040e-04 0.000000000000000000e+00 -2.777912471313556328e-04 7.172230088108774704e-05 2.528694095472066076e-04 4.606654052233861453e-05 1.639649195745260680e-04 2.680699719920638874e-05 1.384546923106625970e-05 7.903322983893151094e-05 9.908477671289361616e-05
-3.316179478370158851e-04 -5.929190876866115181e-05 -2.777912471313556328e-04 0.000000000000000000e+00 -2.853141222005041639e-04 -4.488903547627129333e-04 -3.312083855777306503e-04 -5.421357421732927789e-04 3.453197440008311768e-04 4.127113859455858332e-04 1.720427038484554749e-04 2.135715321934845859e-04
3.011543378388188610e-04 -3.026410270916655857e-04 7.172230088108774704e-05 -2.853141222005041639e-04 0.000000000000000000e+00 -1.052881407911964492e-03 -6.887644394852924720e-04 4.646547960393138799e-05 -4.268253309178381420e-04 2.300052072955586526e-04 -2.386834690689365298e-04 -1.007218700633866508e-03
-1.525748921160831372e-03 2.254220431245924363e-04 2.528694095472066076e-04 -4.488903547627129333e-04 -1.052881407911964492e-03 0.000000000000000000e+00 -1.241931476174772727e-03 7.997043900533823196e-04 -9.003537712764528647e-04 -8.326142892499485042e-04 2.487120334105679116e-05 2.652185990448557417e-03
1.602051403974087478e-04 1.452856914898289001e-04 4.606654052233861453e-05 -3.312083855777306503e-04 -6.887644394852924720e-04 -1.241931476174772727e-03 0.000000000000000000e+00 -4.533349867893848579e-04 -5.722403098580668406e-04 3.569028640401979569e-05 -9.517215968562720517e-05 -2.100196252872415907e-04
9.463746947097507068e-04 -1.380253817277372636e-04 1.639649195745260680e-04 -5.421357421732927789e-04 4.646547960393138799e-05 7.997043900533823196e-04 -4.533349867893848579e-04 0.000000000000000000e+00 -1.347266041679597666e-03 3.516518904448033664e-04 -6.435384513253506584e-05 -9.343020763745202338e-04
-8.189533469194339122e-04 7.425839049528274111e-04 2.680699719920638874e-05 3.453197440008311768e-04 -4.268253309178381420e-04 -9.003537712764528647e-04 -5.722403098580668406e-04 -1.347266041679597666e-03 0.000000000000000000e+00 -2.679567411115320276e-04 4.645214138353656271e-04 -2.851600432200195913e-03
9.795160741973292073e-04 -2.700065954332175324e-04 1.384546923106625970e-05 4.127113859455858332e-04 2.300052072955586526e-04 -8.326142892499485042e-04 3.569028640401979569e-05 3.516518904448033664e-04 -2.679567411115320276e-04 0.000000000000000000e+00 -9.252723341857701893e-04 -2.425847062188358268e-03
7.896239335517810575e-04 4.568781614724467133e-04 7.903322983893151094e-05 1.720427038484554749e-04 -2.386834690689365298e-04 2.487120334105679116e-05 -9.517215968562720517e-05 -6.435384513253506584e-05 4.645214138353656271e-04 -9.252723341857701893e-04 0.000000000000000000e+00 3.642890221115053975e-04
-1.635028306837458178e-03 -6.439912244213851292e-04 9.908477671289361616e-05 2.135715321934845859e-04 -1.007218700633866508e-03 2.652185990448557417e-03 -2.100196252872415907e-04 -9.343020763745202338e-04 -2.851600432200195913e-03 -2.425847062188358268e-03 3.642890221115053975e-04 0.000000000000000000e+00
