0.000000000000000000e+00 -6.278486957057784375e-04 7.776224254177628147e-04 -4.975627682701642875e-04 2.497792032523094008e-04 3.369272767284831678e-04 4.078392405489737076e-04 -2.950764900991627694e-04 5.368381874381254851e-05 5.170709706719718449e-04 -6.345752694726889158e-04 -1.367936547629220335e-03
-6.278486957057784375e-04 0.000000000000000000e+00 -1.122053772159099273e-03 1.068390269659715572e-03 5.973450548026042889e-04 -3.981200285818196536e-04 -8.217461856023592628e-04 -1.286886641150344077e-03 -8.091456765972380267e-04 -5.594425257901900882e-04 -8.498931380086238458e-04 7.999364183885061385e-04
7.776224254177628147e-04 -1.122053772159099273e-03 0.000000000000000000e+00 -1.195968464836972758e-04 1.722058717272768522e-04 5.957143463107811678e-04 7.860643072918570545e-04 -4.240241672068178406e-04 -1.382528749536172333e-03 -1.623306309762147172e-04 -1.301495272980119581e-03 1.107520931263769734e-03
-4.975627682701642875e-04 1.068390269659715572e-03 -1.195968464836972758e-04 0.000000000000000000e+00 5.135027591389213793e-05 2.595287831832969959e-04 2.371853580831162728e-04 3.490893103433175774e-04 -1.118878843797856256e-05 2.365777218784919820e-04 5.440807102295436423e-04 1.745612584074487245e-03
2.497792032523094008e-04 5.973450548026042889e-04 1.722058717272768522e-04 5.135027591389213793e-05 0.000000000000000000e+00 -9.394340568139040228e-06 -2.166690869185573212e-04 -5.672209783121646845e-04 2.912407124236668365e-04 -1.313736673835336948e-04 4.222158583565911900e-05 4.725126443144933791e-04
3.369272767284831678e-04 -3.981200285818196536e-04 5.957143463107811678e-04 2.595287831832969959e-04 -9.394340568139040228e-06 0.000000000000000000e+00 -1.012292430529527872e-05 -4.290113879980179268e-05 3.331442719891766855e-04 -4.124417949394308951e-04 -1.240558453239498399e-04 -3.132812120279782888e-04
4.078392405489737076e-04 -8.217461856023592628e-04 7.860643072918570545e-04 2.371853580831162728e-04 -2.166690869185573212e-04 -1.012292430529527872e-05 0.000000000000000000e+00 2.354260047749031346e-04 9.317463921591977811e-05 1.762686052953912430e-04 1.647000643921061138e-04 -8.673861254582886614e-04
-2.950764900991627694e-04 -1.286886641150344077e-03 -4.240241672068178406e-04 3.490893103433175774e-04 -5.672209783121646845e-04 -4.290113879980179268e-05 2.354260047749031346e-04 0.000000000000000000e+00 -7.082595314465644999e-05 -7.155257989341338065e-05 -4.234985666770039493e-04 1.026409182651416389e-03
5.368381874381254851e-05 -8.091456765972380267e-04 -1.382528749536172333e-03 -1.118878843797856256e-05 2.912407124236668365e-04 3.331442719891766855e-04 9.317463921591977811e-05 -7.082595314465644999e-05 0.000000000000000000e+00 1.539459370256780280e-04 1.003121857753092342e-03 -8.584006006268952733e-04
5.170709706719718449e-04 -5.594425257901900882e-04 -1.623306309762147172e-04 2.365777218784919820e-04 -1.313736673835336948e-04 -4.124417949394308951e-04 1.762686052953912430e-04 -7.155257989341338065e-05 1.539459370256780280e-04 0.000000000000000000e+00 2.623938289571032981e-04 -3.019003265028489202e-04
-6.345752694726889158e-04 -8.498931380086238458e-04 -1.301495272980119581e-03 5.440807102295436423e-04 4.222158583565911900e-05 -1.240558453239498399e-04 1.647000643921061138e-04 -4.234985666770039493e-04 1.003121857753092342e-03 2.623938289571032981e-04 0.000000000000000000e+00 1.660449006164697048e-03
-1.367936547629220335e-03 7.999364183885061385e-04 1.107520931263769734e-03 1.745612584074487245e-03 4.725126443144933791e-04 -3.132812120279782888e-04 -8.673861254582886614e-04 1.026409182651416389e-03 -8.584006006268952733e-04 -3.019003265028489202e-04 1.660449006164697048e-03 0.000000000000000000e+00
