0.000000000000000000e+00 3.082298048245965950e-04 -1.018044796162286556e-03 -5.200859088608760904e-04 -1.238189089783046665e-04 8.251557305813754224e-05 8.098740474742690144e-04 -3.993992933801164135e-04 -2.285431406139456687e-04 1.621991713663244476e-04 1.082476191995567633e-03 9.808647132536754340e-04
3.082298048245965950e-04 0.000000000000000000e+00 -1.964039876676010755e-03 4.503870535442116088e-04 -2.387381457753452762e-04 -6.682374785581294500e-04 -5.461672293626466772e-04 -9.752668630664108971e-04 -7.323513114695190222e-04 -9.381998494772066967e-04 1.225045216616671992e-03 4.094596683826327529e-04
-1.018044796162286556e-03 -1.964039876676010755e-03 0.000000000000000000e+00 1.582265396037380750e-04 6.508028284473584783e-04 -4.537665929015403422e-04 -1.442093525743056218e-04 -3.964541157270245575e-04 1.138579121574586359e-03 -1.804052927418093926e-03 -8.832905455183900174e-04 3.012267635301779179e-04
-5.200859088608760904e-04 4.503870535442116088e-04 1.582265396037380750e-04 0.000000000000000000e+00 -1.366825253668596930e-04 4.194321642967531417e-04 -1.071781581552895633e-03 1.002589013512229224e-03 6.124751678913499585e-05 -1.597791892222665206e-04 1.490190226350835605e-03 5.791121501451265913e-04
-1.238189089783046665e-04 -2.387381457753452762e-04 6.508028284473584783e-04 -1.366825253668596930e-04 0.000000000000000000e+00 -3.714193821451913075e-04 1.756398638153568669e-04 -1.527220487482864328e-04 4.058491767041087664e-04 2.530295788668739695e-04 -5.362839803985128495e-05 9.022886252273453790e-04
8.251557305813754224e-05 -6.682374785581294500e-04 -4.537665929015403422e-04 4.194321642967531417e-04 -3.714193821451913075e-04 0.000000000000000000e+00 3.981471796212493605e-04 7.036969674272460797e-05 -2.136526434292369944e-05 5.816409470645689744e-05 3.699085365255911089e-04 1.466740826896342049e-04
8.098740474742690144e-04 -5.461672293626466772e-04 -1.442093525743056218e-04 -1.071781581552895633e-03 1.756398638153568669e-04 3.981471796212493605e-04 0.000000000000000000e+00 4.949290470788265185e-05 2.395630409785010659e-04 -9.034877201180398156e-05 -1.127234865174889320e-04 6.065675168566398660e-04
-3.993992933801164135e-04 -9.752668630664108971e-04 -3.964541157270245575e-04 1.002589013512229224e-03 -1.527220487482864328e-04 7.036969674272460797e-05 4.949290470788265185e-05 0.000000000000000000e+00 -1.428096983530737819e-04 1.180148416212223978e-03 1.170681097651494768e-03 1.202839560663951336e-04
-2.285431406139456687e-04 -7.323513114695190222e-04 1.138579121574586359e-03 6.124751678913499585e-05 4.058491767041087664e-04 -2.136526434292369944e-05 2.395630409785010659e-04 -1.428096983530737819e-04 0.000000000000000000e+00 3.669015695636639084e-04 4.326129256445530023e-04 -1.141223636384464243e-03
1.621991713663244476e-04 -9.381998494772066967e-04 -1.804052927418093926e-03 -1.597791892222665206e-04 2.530295788668739695e-04 5.816409470645689744e-05 -9.034877201180398156e-05 1.180148416212223978e-03 3.669015695636639084e-04 0.000000000000000000e+00 7.869964054578163946e-04 -9.547833113894594204e-04
1.082476191995567633e-03 1.225045216616671992e-03 -8.832905455183900174e-04 1.490190226350835605e-03 -5.362839803985128495e-05 3.699085365255911089e-04 -1.127234865174889320e-04 1.170681097651494768e-03 4.326129256445530023e-04 7.869964054578163946e-04 0.000000000000000000e+00 -8.233648498920503314e-04
9.808647132536754340e-04 4.094596683826327529e-04 3.012267635301779179e-04 5.791121501451265913e-04 9.022886252273453790e-04 1.466740826896342049e-04 6.065675168566398660e-04 1.202839560663951336e-04 -1.141223636384464243e-03 -9.547833113894594204e-04 -8.233648498920503314e-04 0.000000000000000000e+00
