0.000000000000000000e+00 6.450730615040347433e-04 -4.636354363461751772e-04 7.165086441247392555e-04 3.717944557316064762e-04 -3.734949519976613519e-04 -2.870379214911709899e-04 2.227626086506860777e-04 5.159552943465042178e-04 2.536486911294395753e-04 2.570183825851198598e-04 9.636753729196031754e-04
6.450730615040347433e-04 0.000000000000000000e+00 -9.095972451772210265e-04 -9.577666618986453544e-04 3.410564031279125709e-04 -8.250650264499603207e-04 1.103099302258045596e-03 -1.061206290445919570e-03 2.571553469926272112e-05 -1.281245875777282375e-03 1.045955619430833310e-04 1.203078707727263299e-03
-4.636354363461751772e-04 -9.095972451772210265e-04 0.000000000000000000e+00 -1.275599100176183194e-03 6.208304465075395505e-04 -3.699587736445577430e-04 -1.122582136497482161e-03 -1.916731278818492243e-03 9.507143368463929876e-07 9.425003632587739509e-04 5.989294969104885574e-04 5.037697834210335518e-05
7.165086441247392555e-04 -9.577666618986453544e-04 -1.275599100176183194e-03 0.000000000000000000e+00 2.012807259821737071e-04 -6.058540416910854426e-05 -1.448472470667335583e-04 -4.922540582727857872e-06 2.497388488257227092e-04 2.566428937593969633e-04 6.873679198095449710e-04 -2.033926047933372252e-03
3.717944557316064762e-04 3.410564031279125709e-04 6.208304465075395505e-04 2.012807259821737071e-04 0.000000000000000000e+00 2.553377437598295611e-04 -1.124327243174173883e-04 -7.787199423239981249e-06 6.840171206851877077e-05 -1.267765360262881826e-04 -1.288647010707747755e-04 8.934983049457822244e-04
-3.734949519976613519e-04 -8.250650264499603207e-04 -3.699587736445577430e-04 -6.058540416910854426e-05 2.553377437598295611e-04 0.000000000000000000e+00 2.721660021340262551e-04 5.533802480410444273e-04 3.566576963439526305e-04 -4.391238991922930836e-04 1.813726599646097739e-04 -7.071148678032981947e-04
-2.870379214911709899e-04 1.103099302258045596e-03 -1.122582136497482161e-03 -1.448472470667335583e-04 -1.124327243174173883e-04 2.721660021340262551e-04 0.000000000000000000e+00 2.433655350553929176e-06 4.571524456673406000e-04 -8.700007674154786356e-05 9.468207532302224620e-04 3.956692529057427034e-04
2.227626086506860777e-04 -1.061206290445919570e-03 -1.916731278818492243e-03 -4.922540582727857872e-06 -7.787199423239981249e-06 5.533802480410444273e-04 2.433655350553929176e-06 0.000000000000000000e+00 8.471062384255739926e-05 5.802688150219374123e-04 -7.614180657255169684e-04 3.345320835158467707e-03
5.159552943465042178e-04 2.571553469926272112e-05 9.507143368463929876e-07 2.497388488257227092e-04 6.840171206851877077e-05 3.566576963439526305e-04 4.571524456673406000e-04 8.471062384255739926e-05 0.000000000000000000e+00 1.255671723747581430e-04 6.805761607267250173e-04 -2.503540470433455599e-04
2.536486911294395753e-04 -1.281245875777282375e-03 9.425003632587739509e-04 2.566428937593969633e-04 -1.267765360262881826e-04 -4.391238991922930836e-04 -8.700007674154786356e-05 5.802688150219374123e-04 1.255671723747581430e-04 0.000000000000000000e+00 8.980747938144426805e-04 1.440123215290388349e-03
2.570183825851198598e-04 1.045955619430833310e-04 5.989294969104885574e-04 6.873679198095449710e-04 -1.288647010707747755e-04 1.813726599646097739e-04 9.468207532302224620e-04 -7.614180657255169684e-04 6.805761607267250173e-04 8.980747938144426805e-04 0.000000000000000000e+00 2.722910028379718541e-04
9.636753729196031754e-04 1.203078707727263299e-03 5.037697834210335518e-05 -2.033926047933372252e-03 8.934983049457822244e-04 -7.071148678032981947e-04 3.956692529057427034e-04 3.345320835158467707e-03 -2.503540470433455599e-04 1.440123215290388349e-03 2.722910028379718541e-04 0.000000000000000000e+00
