0.000000000000000000e+00 -8.956679423681895066e-04 -1.863980124898327031e-03 -3.884207596888827625e-04 -1.085385132100185327e-04 2.508194040687404883e-05 4.469212360470397965e-04 4.735203444150285672e-04 -5.247480440660310004e-04 -6.019653609174381755e-04 -2.616193675972195267e-04 -4.028999737628162232e-04
-8.956679423681895066e-04 0.000000000000000000e+00 -2.816277010847309872e-03 -1.861997138679635051e-04 3.340682840562776050e-04 -1.007183126875929070e-03 2.396743790812376013e-05 -2.512811268718099416e-04 8.786185887796110674e-04 -6.755524091070974277e-05 1.223583769619947942e-03 2.380061493263424619e-03
-1.863980124898327031e-03 -2.816277010847309872e-03 0.000000000000000000e+00 4.637474850915621646e-04 -9.659489595849048106e-05 -1.033376557791104234e-03 7.420170892506995847e-04 -3.728106520929506040e-04 -2.965028941130345617e-04 1.336332035928197021e-03 -1.510458606472916271e-03 -4.291342715887035489e-03
-3.884207596888827625e-04 -1.861997138679635051e-04 4.637474850915621646e-04 0.000000000000000000e+00 -4.695958974652582704e-05 8.338841076883196201e-05 -3.189731618421032060e-04 -1.029948311259299733e-03 1.532593948163905905e-04 -3.491948930262196412e-04 -4.177908991067190588e-04 -3.625291670232852828e-04
-1.085385132100185327e-04 3.340682840562776050e-04 -9.659489595849048106e-05 -4.695958974652582704e-05 0.000000000000000000e+00 -1.558841109969100278e-04 -4.043545265927567028e-04 2.698994840383772666e-06 -1.108249705324837334e-04 -3.311003973992964378e-04 -8.639798180628116542e-05 7.486254408667372641e-04
2.508194040687404883e-05 -1.007183126875929070e-03 -1.033376557791104234e-03 8.338841076883196201e-05 -1.558841109969100278e-04 0.000000000000000000e+00 5.746987174801924513e-04 -3.367941738394274599e-04 -1.189169007211412116e-04 4.010312287452653945e-04 -3.808469108821504199e-04 1.261345277354709166e-03
4.469212360470397965e-04 2.396743790812376013e-05 7.420170892506995847e-04 -3.189731618421032060e-04 -4.043545265927567028e-04 5.746987174801924513e-04 0.000000000000000000e+00 -9.166365837632976538e-05 1.109180090184645073e-04 1.678781261795211173e-04 8.262572249930043170e-04 -1.127912314607314387e-03
4.735203444150285672e-04 -2.512811268718099416e-04 -3.728106520929506040e-04 -1.029948311259299733e-03 2.698994840383772666e-06 -3.367941738394274599e-04 -9.166365837632976538e-05 0.000000000000000000e+00 -6.208412961422272644e-05 -1.498924947428643733e-04 -1.034104448768359595e-03 -5.985897052029318143e-04
-5.247480440660310004e-04 8.786185887796110674e-04 -2.965028941130345617e-04 1.532593948163905905e-04 -1.108249705324837334e-04 -1.189169007211412116e-04 1.109180090184645073e-04 -6.208412961422272644e-05 0.000000000000000000e+00 -1.793561217515058043e-04 2.815347553239782273e-04 6.048504047049285161e-04
-6.019653609174381755e-04 -6.755524091070974277e-05 1.336332035928197021e-03 -3.491948930262196412e-04 -3.311003973992964378e-04 4.010312287452653945e-04 1.678781261795211173e-04 -1.498924947428643733e-04 -1.793561217515058043e-04 0.000000000000000000e+00 -1.178948690622655176e-03 3.036526861281590214e-03
-2.616193675972195267e-04 1.223583769619947942e-03 -1.510458606472916271e-03 -4.177908991067190588e-04 -8.639798180628116542e-05 -3.808469108821504199e-04 8.262572249930043170e-04 -1.034104448768359595e-03 2.815347553239782273e-04 -1.178948690622655176e-03 0.000000000000000000e+00 -3.222727679807020022e-03
-4.028999737628162232e-04 2.380061493263424619e-03 -4.291342715887035489e-03 -3.625291670232852828e-04 7.486254408667372641e-04 1.261345277354709166e-03 -1.127912314607314387e-03 -5.985897052029318143e-04 6.048504047049285161e-04 3.036526861281590214e-03 -3.222727679807020022e-03 0.000000000000000000e+00
