0.000000000000000000e+00 -3.801720730973967522e-04 2.385586622663986376e-05 -1.276428228778189126e-04 9.661846672034213139e-05 4.042102344824787430e-04 -2.968105882228540509e-04 4.255957736693195478e-04 -7.336418410515753539e-05 5.286760261747948126e-04 3.474674374248402854e-04 -1.696495045022271839e-03
-3.801720730973967522e-04 0.000000000000000000e+00 -2.377831180138744154e-03 -1.686127019803133464e-03 -1.473021534801174839e-04 -2.755149731979469039e-04 -1.822857117087343937e-04 7.838076541798872070e-04 3.653486273438241727e-04 -1.381821290943350449e-03 4.600166770568521468e-04 -2.639245610090194209e-03
2.385586622663986376e-05 -2.377831180138744154e-03 0.000000000000000000e+00 -2.368292297075969433e-03 -2.712647221613286329e-06 -4.065386124805068124e-04 1.855672731814232636e-04 1.019422143615904059e-05 4.642352643732577315e-04 -5.541626060786472010e-04 -1.309645749906241828e-03 3.099514498501893672e-03
-1.276428228778189126e-04 -1.686127019803133464e-03 -2.368292297075969433e-03 0.000000000000000000e+00 -2.649225248458738561e-04 -1.907128780127013350e-04 3.581748189277402937e-04 9.854395373833966880e-05 4.642964656799207328e-04 5.600399962329083653e-04 -4.899277698526240598e-04 -1.427206993434645185e-03
9.661846672034213139e-05 -1.473021534801174839e-04 -2.712647221613286329e-06 -2.649225248458738561e-04 0.000000000000000000e+00 5.166193037527542944e-05 -1.165609120822300637e-04 2.209564201980074012e-04 1.148886293818958182e-04 1.562868491791653543e-04 2.965694959084622974e-04 7.547141292069249694e-04
4.042102344824787430e-04 -2.755149731979469039e-04 -4.065386124805068124e-04 -1.907128780127013350e-04 5.166193037527542944e-05 0.000000000000000000e+00 -1.878677525622931990e-04 -3.361437663557479143e-04 -3.389981608311931128e-04 7.323428138795709183e-04 8.990368960741460663e-04 4.422257292907726578e-04
-2.968105882228540509e-04 -1.822857117087343937e-04 1.855672731814232636e-04 3.581748189277402937e-04 -1.165609120822300637e-04 -1.878677525622931990e-04 0.000000000000000000e+00 -5.697150256463048932e-04 -4.257447240716608463e-04 -1.718590425167192939e-04 7.750263080352495998e-04 1.490940893490732633e-03
4.255957736693195478e-04 7.838076541798872070e-04 1.019422143615904059e-05 9.854395373833966880e-05 2.209564201980074012e-04 -3.361437663557479143e-04 -5.697150256463048932e-04 0.000000000000000000e+00 -1.712369442638891513e-04 -7.466996939250358963e-04 2.369550384032111773e-04 -5.126960177900309352e-04
-7.336418410515753539e-05 3.653486273438241727e-04 4.642352643732577315e-04 4.642964656799207328e-04 1.148886293818958182e-04 -3.389981608311931128e-04 -4.257447240716608463e-04 -1.712369442638891513e-04 0.000000000000000000e+00 -2.999378664007512304e-04 7.386505929540622449e-04 7.536398332593679302e-04
5.286760261747948126e-04 -1.381821290943350449e-03 -5.541626060786472010e-04 5.600399962329083653e-04 1.562868491791653543e-04 7.323428138795709183e-04 -1.718590425167192939e-04 -7.466996939250358963e-04 -2.999378664007512304e-04 0.000000000000000000e+00 -5.607643284151127587e-04 6.656477599748181076e-04
3.474674374248402854e-04 4.600166770568521468e-04 -1.309645749906241828e-03 -4.899277698526240598e-04 2.965694959084622974e-04 8.990368960741460663e-04 7.750263080352495998e-04 2.369550384032111773e-04 7.386505929540622449e-04 -5.607643284151127587e-04 0.000000000000000000e+00 3.086808181905144072e-03
-1.696495045022271839e-03 -2.639245610090194209e-03 3.099514498501893672e-03 -1.427206993434645185e-03 7.547141292069249694e-04 4.422257292907726578e-04 1.490940893490732633e-03 -5.126960177900309352e-04 7.536398332593679302e-04 6.656477599748181076e-04 3.086808181905144072e-03 0.000000000000000000e+00
