0.000000000000000000e+00 -9.116203521212317253e-04 4.006469876255284502e-04 1.874585273477004127e-04 -4.360992106403747850e-04 -3.413030890365330782e-04 6.058668532827459364e-04 5.382070002445597627e-04 2.155416386014689673e-03 6.737876440957623128e-04 1.113149152407033870e-04 -3.478720900776268820e-04
-9.116203521212317253e-04 0.000000000000000000e+00 8.991483845852227220e-04 1.998209861681886357e-03 4.518244831991968303e-05 -2.736656205167769889e-04 -2.151928743266875565e-03 -9.625972845055777742e-04 1.682912436943082360e-03 -6.184692767796408364e-04 -1.104142602160378893e-04 -2.778631379716812728e-04
4.006469876255284502e-04 8.991483845852227220e-04 0.000000000000000000e+00 -3.482029118903454991e-05 1.718580232739590880e-04 2.100913184747334064e-04 -1.285378017538735219e-03 -4.627013570783421420e-04 2.064911319393493102e-04 4.105341821559773644e-04 2.178629781048461761e-04 3.849283996903873255e-04
1.874585273477004127e-04 1.998209861681886357e-03 -3.482029118903454991e-05 0.000000000000000000e+00 -5.771452181263616362e-04 2.168220331505759583e-04 3.527850393707072062e-03 7.789923212677881412e-04 1.415968368737240103e-04 -3.917103113519758060e-04 1.066247869390088117e-03 -1.239249888173018198e-03
-4.360992106403747850e-04 4.518244831991968303e-05 1.718580232739590880e-04 -5.771452181263616362e-04 0.000000000000000000e+00 6.678985895387950004e-05 9.128710246595741823e-04 6.057744961987267512e-04 -5.884682395578571439e-04 -1.093855781480460498e-04 -4.137219817534520310e-05 6.328845466521470587e-05
-3.413030890365330782e-04 -2.736656205167769889e-04 2.100913184747334064e-04 2.168220331505759583e-04 6.678985895387950004e-05 0.000000000000000000e+00 9.039877432259344132e-05 -4.511326764079843414e-04 -8.507565930469947971e-04 4.000108634177181413e-04 1.978068082705285676e-05 -4.130080593714909867e-04
6.058668532827459364e-04 -2.151928743266875565e-03 -1.285378017538735219e-03 3.527850393707072062e-03 9.128710246595741823e-04 9.039877432259344132e-05 0.000000000000000000e+00 3.560492326588752984e-05 8.107460841344563390e-04 -7.670132489906401549e-04 -3.168104177625633640e-04 -1.051461959177785871e-03
5.382070002445597627e-04 -9.625972845055777742e-04 -4.627013570783421420e-04 7.789923212677881412e-04 6.057744961987267512e-04 -4.511326764079843414e-04 3.560492326588752984e-05 0.000000000000000000e+00 -5.110623334669222141e-04 2.420387714117405047e-04 3.344673979326456240e-04 5.291786119926370494e-05
2.155416386014689673e-03 1.682912436943082360e-03 2.064911319393493102e-04 1.415968368737240103e-04 -5.884682395578571439e-04 -8.507565930469947971e-04 8.107460841344563390e-04 -5.110623334669222141e-04 0.000000000000000000e+00 -6.361796780557294655e-04 8.537182955506662709e-05 -3.879591023838613751e-04
6.737876440957623128e-04 -6.184692767796408364e-04 4.105341821559773644e-04 -3.917103113519758060e-04 -1.093855781480460498e-04 4.000108634177181413e-04 -7.670132489906401549e-04 2.420387714117405047e-04 -6.361796780557294655e-04 0.000000000000000000e+00 2.213318237299588759e-04 -1.022900404177980670e-04
1.113149152407033870e-04 -1.104142602160378893e-04 2.178629781048461761e-04 1.066247869390088117e-03 -4.137219817534520310e-05 1.978068082705285676e-05 -3.168104177625633640e-04 3.344673979326456240e-04 8.537182955506662709e-05 2.213318237299588759e-04 0.000000000000000000e+00 1.531322965312056743e-04
-3.478720900776268820e-04 -2.778631379716812728e-04 3.849283996903873255e-04 -1.239249888173018198e-03 6.328845466521470587e-05 -4.130080593714909867e-04 -1.051461959177785871e-03 5.291786119926370494e-05 -3.879591023838613751e-04 -1.022900404177980670e-04 1.531322965312056743e-04 0.000000000000000000e+00
