0.000000000000000000e+00 3.485484443030446703e-04 1.020151395660444225e-04 -3.634114101152107878e-04 6.334450436286712637e-04 6.446122935194718850e-04 1.309507474872048704e-03 3.953088653985669656e-04 -2.492737346945241819e-04 -4.701712375903687878e-04 -1.334427006153740395e-04 4.556832611689921615e-04
3.485484443030446703e-04 0.000000000000000000e+00 -1.372797584943108418e-04 -9.180435069490009044e-04 6.357162494161533494e-04 -5.554927512637923732e-04 -1.675565555066951340e-03 4.331176220528450594e-04 9.708151512796009148e-04 -4.774480196590388283e-04 3.043259980024196759e-04 5.369773128290185544e-04
1.020151395660444225e-04 -1.372797584943108418e-04 0.000000000000000000e+00 6.729539996891800756e-04 -4.648051692986129358e-04 3.308875944821444248e-04 -9.027399087722219216e-04 -2.100448550549811346e-04 9.497324790275435500e-04 9.876656106089725480e-05 1.535719366039345161e-04 -4.219992936618441326e-04
-3.634114101152107878e-04 -9.180435069490009044e-04 6.729539996891800756e-04 0.000000000000000000e+00 4.523650610177874310e-04 1.158488488881766068e-03 -3.871340524154474405e-04 -1.540179801743266205e-03 2.983936640590989509e-03 1.339556789874357104e-03 1.467171186234789279e-03 1.378255276266975114e-03
6.334450436286712637e-04 6.357162494161533494e-04 -4.648051692986129358e-04 4.523650610177874310e-04 0.000000000000000000e+00 -6.006696321309132249e-04 -7.414546508650891529e-04 -9.449994378402181794e-05 9.471210849070144577e-04 -2.301962106330101687e-04 -4.277615591234277051e-04 -5.323240670919004297e-04
6.446122935194718850e-04 -5.554927512637923732e-04 3.308875944821444248e-04 1.158488488881766068e-03 -6.006696321309132249e-04 0.000000000000000000e+00 -5.036657488201211818e-04 3.893547084673366215e-04 1.101370828304242639e-03 -2.405632613071575869e-04 1.656525056923632746e-04 -1.245664546442347756e-04
1.309507474872048704e-03 -1.675565555066951340e-03 -9.027399087722219216e-04 -3.871340524154474405e-04 -7.414546508650891529e-04 -5.036657488201211818e-04 0.000000000000000000e+00 -8.571911033370316259e-04 1.900468999123358475e-03 1.059657584686781083e-05 -1.212529521238119891e-03 -2.408578459634807460e-04
3.953088653985669656e-04 4.331176220528450594e-04 -2.100448550549811346e-04 -1.540179801743266205e-03 -9.449994378402181794e-05 3.893547084673366215e-04 -8.571911033370316259e-04 0.000000000000000000e+00 -9.262393043500267683e-04 1.974573461840770680e-04 2.765946860075742210e-04 -2.930398086744703617e-04
-2.492737346945241819e-04 9.708151512796009148e-04 9.497324790275435500e-04 2.983936640590989509e-03 9.471210849070144577e-04 1.101370828304242639e-03 1.900468999123358475e-03 -9.262393043500267683e-04 0.000000000000000000e+00 -1.244195715774174763e-03 -1.444669232106108193e-03 -1.455826062428425510e-04
-4.701712375903687878e-04 -4.774480196590388283e-04 9.876656106089725480e-05 1.339556789874357104e-03 -2.301962106330101687e-04 -2.405632613071575869e-04 1.059657584686781083e-05 1.974573461840770680e-04 -1.244195715774174763e-03 0.000000000000000000e+00 3.353667421925867137e-04 1.640953142283212401e-04
-1.334427006153740395e-04 3.043259980024196759e-04 1.535719366039345161e-04 1.467171186234789279e-03 -4.277615591234277051e-04 1.656525056923632746e-04 -1.212529521238119891e-03 2.765946860075742210e-04 -1.444669232106108193e-03 3.353667421925867137e-04 0.000000000000000000e+00 1.720462839878235449e-04
4.556832611689921615e-04 5.369773128290185544e-04 -4.219992936618441326e-04 1.378255276266975114e-03 -5.323240670919004297e-04 -1.245664546442347756e-04 -2.408578459634807460e-04 -2.930398086744703617e-04 -1.455826062428425510e-04 1.640953142283212401e-04 1.720462839878235449e-04 0.000000000000000000e+00
