0.000000000000000000e+00 5.181521528493100541e-04 -4.416891359999188926e-04 1.773078152844682637e-03 1.179365022724175984e-03 -5.396287716090786106e-04 -7.161783798562535884e-04 -2.053212958104304396e-04 -1.042170666543074890e-03 -2.482078673186392348e-05 -3.831740372389007255e-04 1.168233226868576789e-04
5.181521528493100541e-04 0.000000000000000000e+00 2.883379231194191220e-04 -1.158081655145199633e-03 4.680953760141862282e-04 -2.817003184636408713e-05 -1.769073031080747643e-04 -2.452209851606567065e-04 7.890841078500344680e-04 -9.504583230825089336e-04 6.241246838269352793e-04 3.081657486224377508e-04
-4.416891359999188926e-04 2.883379231194191220e-04 0.000000000000000000e+00 -1.032207194230411532e-03 3.440242735959361201e-04 4.206416097301270379e-04 6.634536715141801369e-04 4.687319209694911079e-04 -3.978447598401949493e-04 4.115098918657509632e-04 -4.687100997586818958e-04 2.130604982191400124e-04
1.773078152844682637e-03 -1.158081655145199633e-03 -1.032207194230411532e-03 0.000000000000000000e+00 1.193628327630222611e-03 6.064818783091897782e-04 3.383282898247308825e-04 1.127916165792673285e-03 4.175855487261578326e-03 1.172441643258576808e-03 1.671403958961200070e-03 -6.153677394869081418e-04
1.179365022724175984e-03 4.680953760141862282e-04 3.440242735959361201e-04 1.193628327630222611e-03 0.000000000000000000e+00 -6.387928676697173305e-04 -1.369998148941344160e-03 5.686737923757605000e-04 -1.775039070026637874e-03 1.921903394861484635e-04 4.143440575471207441e-04 8.862630590752781793e-04
-5.396287716090786106e-04 -2.817003184636408713e-05 4.206416097301270379e-04 6.064818783091897782e-04 -6.387928676697173305e-04 0.000000000000000000e+00 -1.010524865637488614e-03 3.759768580381538810e-05 -8.331232968248293222e-04 -1.087428214800709755e-05 8.670118799759818362e-04 -6.635561280002864101e-04
-7.161783798562535884e-04 -1.769073031080747643e-04 6.634536715141801369e-04 3.383282898247308825e-04 -1.369998148941344160e-03 -1.010524865637488614e-03 0.000000000000000000e+00 3.682263114289031003e-04 4.443225717873383433e-03 -7.178083179640289493e-05 -1.057451675426599900e-03 1.435837849480014247e-03
-2.053212958104304396e-04 -2.452209851606567065e-04 4.687319209694911079e-04 1.127916165792673285e-03 5.686737923757605000e-04 3.759768580381538810e-05 3.682263114289031003e-04 0.000000000000000000e+00 1.052848433565799257e-03 -3.273756554608119583e-04 4.033244390823593280e-04 -1.701453626146952336e-04
-1.042170666543074890e-03 7.890841078500344680e-04 -3.978447598401949493e-04 4.175855487261578326e-03 -1.775039070026637874e-03 -8.331232968248293222e-04 4.443225717873383433e-03 1.052848433565799257e-03 0.000000000000000000e+00 -1.929172000389625229e-04 7.837634243461614103e-05 -2.705481758277168870e-05
-2.482078673186392348e-05 -9.504583230825089336e-04 4.115098918657509632e-04 1.172441643258576808e-03 1.921903394861484635e-04 -1.087428214800709755e-05 -7.178083179640289493e-05 -3.273756554608119583e-04 -1.929172000389625229e-04 0.000000000000000000e+00 7.157602989416123680e-05 5.831951908462869641e-05
-3.831740372389007255e-04 6.241246838269352793e-04 -4.687100997586818958e-04 1.671403958961200070e-03 4.143440575471207441e-04 8.670118799759818362e-04 -1.057451675426599900e-03 4.033244390823593280e-04 7.837634243461614103e-05 7.157602989416123680e-05 0.000000000000000000e+00 3.980383689082141706e-04
1.168233226868576789e-04 3.081657486224377508e-04 2.130604982191400124e-04 -6.153677394869081418e-04 8.862630590752781793e-04 -6.635561280002864101e-04 1.435837849480014247e-03 -1.701453626146952336e-04 -2.705481758277168870e-05 5.831951908462869641e-05 3.980383689082141706e-04 0.000000000000000000e+00
