0.000000000000000000e+00 -9.507171300083873140e-04 5.935998886102959076e-04 -1.713525394406577741e-03 -1.066537174545475103e-04 1.505721529378643798e-04 1.347072851131954786e-03 -8.754146776182109230e-04 -7.884623934806430073e-04 4.548925391301472990e-05 -2.424900573425724400e-04 -1.589114959349160420e-04
-9.507171300083873140e-04 0.000000000000000000e+00 3.287780218244884534e-04 6.058464234341389342e-05 6.082963238265928513e-04 5.317937516291972727e-04 1.280326954388667521e-03 2.524228710726435167e-04 -1.425421134222295671e-03 3.203157049621968794e-05 1.238804862047849695e-04 5.876643199523272224e-04
5.935998886102959076e-04 3.287780218244884534e-04 0.000000000000000000e+00 -7.481384058823439820e-04 1.274241957296872645e-04 3.840706229153012909e-04 4.501617781705136243e-04 -5.695961511320731235e-04 -4.133787374350034682e-04 3.391572823278026080e-04 -1.513724624969528586e-04 -2.419903262515523366e-04
-1.713525394406577741e-03 6.058464234341389342e-05 -7.481384058823439820e-04 0.000000000000000000e+00 -8.394792629268495805e-05 -1.215848098436265708e-03 1.978828233098141234e-03 -8.170837535359757198e-04 -3.900348800550295422e-04 -1.008831332315132949e-04 3.625495478580671141e-04 1.206512436438862126e-03
-1.066537174545475103e-04 6.082963238265928513e-04 1.274241957296872645e-04 -8.394792629268495805e-05 0.000000000000000000e+00 -4.299312555880047408e-04 4.152323923589330747e-04 -2.310330328420248170e-04 2.414476531016239100e-04 -9.685919010140091811e-05 5.058515191517999783e-04 -2.713368971166209048e-04
1.505721529378643798e-04 5.317937516291972727e-04 3.840706229153012909e-04 -1.215848098436265708e-03 -4.299312555880047408e-04 0.000000000000000000e+00 1.145278204147610933e-03 -1.041521135786208617e-04 1.240791274321359668e-03 3.630084817449949204e-04 -2.725402314421042404e-04 -1.039883896371012373e-04
1.347072851131954786e-03 1.280326954388667521e-03 4.501617781705136243e-04 1.978828233098141234e-03 4.152323923589330747e-04 1.145278204147610933e-03 0.000000000000000000e+00 -4.928243154354662635e-04 -5.508952231275875090e-04 3.751294966420810634e-04 -5.559206404071691384e-04 2.645920904799301519e-04
-8.754146776182109230e-04 2.524228710726435167e-04 -5.695961511320731235e-04 -8.170837535359757198e-04 -2.310330328420248170e-04 -1.041521135786208617e-04 -4.928243154354662635e-04 0.000000000000000000e+00 2.370052712131262963e-04 -2.216260342689565642e-04 -6.363531816177020082e-05 -1.858445614362604699e-04
-7.884623934806430073e-04 -1.425421134222295671e-03 -4.133787374350034682e-04 -3.900348800550295422e-04 2.414476531016239100e-04 1.240791274321359668e-03 -5.508952231275875090e-04 2.370052712131262963e-04 0.000000000000000000e+00 -5.813776477094763319e-04 5.106927051366332015e-04 8.138434772394427009e-04
4.548925391301472990e-05 3.203157049621968794e-05 3.391572823278026080e-04 -1.008831332315132949e-04 -9.685919010140091811e-05 3.630084817449949204e-04 3.751294966420810634e-04 -2.216260342689565642e-04 -5.813776477094763319e-04 0.000000000000000000e+00 -1.446017557839257117e-04 -4.447056520064901312e-04
-2.424900573425724400e-04 1.238804862047849695e-04 -1.513724624969528586e-04 3.625495478580671141e-04 5.058515191517999783e-04 -2.725402314421042404e-04 -5.559206404071691384e-04 -6.363531816177020082e-05 5.106927051366332015e-04 -1.446017557839257117e-04 0.000000000000000000e+00 4.977044281292327668e-04
-1.589114959349160420e-04 5.876643199523272224e-04 -2.419903262515523366e-04 1.206512436438862126e-03 -2.713368971166209048e-04 -1.039883896371012373e-04 2.645920904799301519e-04 -1.858445614362604699e-04 8.138434772394427009e-04 -4.447056520064901312e-04 4.977044281292327668e-04 0.000000000000000000e+00
