0.000000000000000000e+00 1.050538329310072216e-03 -1.564647378846613162e-04 -3.367910406499114237e-05 -4.693998500816287970e-04 4.615550027085454053e-04 1.168269333740740764e-03 -6.385994590597771732e-04 -1.794580789930042214e-03 -2.441746358238986933e-03 -5.187865842409774587e-04 -9.988711423610527676e-04
1.050538329310072216e-03 0.000000000000000000e+00 -3.930638910291276789e-04 -7.211536949871307639e-04 3.088106650080092914e-04 2.802009723065204336e-04 -3.249292287630465973e-04 3.247915473892772987e-04 -8.926173206080451668e-04 -3.515827210589717229e-04 -7.142006860004775732e-04 1.422563116695681120e-04
-1.564647378846613162e-04 -3.930638910291276789e-04 0.000000000000000000e+00 -7.453133845876435759e-04 -5.113362740911168124e-04 -1.285930434978335430e-04 -8.093336295508105419e-04 -1.633780630209843662e-04 -1.343278707777753773e-03 8.392132115454536837e-04 -9.162645776339357678e-04 -3.817050151358900240e-04
-3.367910406499114237e-05 -7.211536949871307639e-04 -7.453133845876435759e-04 0.000000000000000000e+00 5.433306986542598424e-04 -6.585270465847460489e-04 2.604886297626461287e-04 -4.722059886029473445e-04 -5.761578391877593148e-04 7.242568943793707746e-05 1.451060000905354678e-03 -3.506846742136066346e-04
-4.693998500816287970e-04 3.088106650080092914e-04 -5.113362740911168124e-04 5.433306986542598424e-04 0.000000000000000000e+00 1.167010778439401625e-04 -4.692769323269026086e-04 -3.267481583384843286e-04 6.282871753381817420e-04 8.883763249775657655e-04 -2.124618262372538510e-04 -1.519762890490148493e-04
4.615550027085454053e-04 2.802009723065204336e-04 -1.285930434978335430e-04 -6.585270465847460489e-04 1.167010778439401625e-04 0.000000000000000000e+00 -2.498070716465293148e-04 3.250460068639556433e-04 -5.830514398486952386e-04 -1.848279046429799764e-04 9.317826368301797670e-04 -2.981343919421650048e-04
1.168269333740740764e-03 -3.249292287630465973e-04 -8.093336295508105419e-04 2.604886297626461287e-04 -4.692769323269026086e-04 -2.498070716465293148e-04 0.000000000000000000e+00 3.309368233817409802e-04 7.858655018365246587e-04 -1.512257845579388768e-03 1.080185352717020087e-03 1.657087169229960462e-04
-6.385994590597771732e-04 3.247915473892772987e-04 -1.633780630209843662e-04 -4.722059886029473445e-04 -3.267481583384843286e-04 3.250460068639556433e-04 3.309368233817409802e-04 0.000000000000000000e+00 -7.139048472508956493e-04 -7.567683975653323014e-05 8.355856445381617918e-04 1.042169203118142981e-04
-1.794580789930042214e-03 -8.926173206080451668e-04 -1.343278707777753773e-03 -5.761578391877593148e-04 6.282871753381817420e-04 -5.830514398486952386e-04 7.858655018365246587e-04 -7.139048472508956493e-04 0.000000000000000000e+00 -3.040668145011422852e-03 -1.971131212332560920e-03 9.529163817284752678e-04
-2.441746358238986933e-03 -3.515827210589717229e-04 8.392132115454536837e-04 7.242568943793707746e-05 8.883763249775657655e-04 -1.848279046429799764e-04 -1.512257845579388768e-03 -7.567683975653323014e-05 -3.040668145011422852e-03 0.000000000000000000e+00 4.413840824261505008e-03 1.402421983042476681e-03
-5.187865842409774587e-04 -7.142006860004775732e-04 -9.162645776339357678e-04 1.451060000905354678e-03 -2.124618262372538510e-04 9.317826368301797670e-04 1.080185352717020087e-03 8.355856445381617918e-04 -1.971131212332560920e-03 4.413840824261505008e-03 0.000000000000000000e+00 -7.654964524744530376e-04
-9.988711423610527676e-04 1.422563116695681120e-04 -3.817050151358900240e-04 -3.506846742136066346e-04 -1.519762890490148493e-04 -2.981343919421650048e-04 1.657087169229960462e-04 1.042169203118142981e-04 9.529163817284752678e-04 1.402421983042476681e-03 -7.654964524744530376e-04 0.000000000000000000e+00
