0.000000000000000000e+00 1.351684300918610962e-04 -3.165074116988630948e-04 2.619240198292936109e-04 2.700189730802713783e-04 -4.421293666035731634e-04 -8.585402737706551018e-04 3.579021602091831625e-04 -1.989613496253786647e-03 5.559151976925571278e-04 -1.973612359026368553e-03 -1.989712551998441565e-04
1.351684300918610962e-04 0.000000000000000000e+00 -3.006645077283732538e-04 1.514498431678624405e-04 -1.322494094081027704e-04 -1.947645248981332532e-04 4.677855706766388330e-04 -4.008544164953226812e-04 -2.625314592796015303e-04 5.402881970130644874e-04 1.074297688150265386e-03 3.709036730401112558e-05
-3.165074116988630948e-04 -3.006645077283732538e-04 0.000000000000000000e+00 -9.841975824162074347e-05 -6.913550516192763686e-05 5.347400497960263718e-04 -6.084386921346049372e-04 5.476528238130966590e-04 -2.118252149423897890e-03 2.210113418649981652e-05 1.858359874468816552e-03 -2.783271177929249707e-04
2.619240198292936109e-04 1.514498431678624405e-04 -9.841975824162074347e-05 0.000000000000000000e+00 -4.767622470952332585e-04 1.668849890809829791e-04 -5.935343752247004313e-04 -5.938671134989693219e-04 4.854753423812106458e-04 1.149384821116693775e-03 -9.721133287235539464e-04 -6.710715829627100868e-04
2.700189730802713783e-04 -1.322494094081027704e-04 -6.913550516192763686e-05 -4.767622470952332585e-04 0.000000000000000000e+00 -3.396199120901758901e-04 -1.600947589345865104e-04 -1.939132487636822659e-05 8.782631993770678106e-04 -7.275631380494897811e-04 2.440000306849545992e-05 2.259012762674151719e-04
-4.421293666035731634e-04 -1.947645248981332532e-04 5.347400497960263718e-04 1.668849890809829791e-04 -3.396199120901758901e-04 0.000000000000000000e+00 -1.851897347630196520e-04 3.548918072638558335e-04 7.887547098235991134e-04 -1.122843540240312660e-03 -3.921256848840306230e-04 3.402917411938259043e-05
-8.585402737706551018e-04 4.677855706766388330e-04 -6.084386921346049372e-04 -5.935343752247004313e-04 -1.600947589345865104e-04 -1.851897347630196520e-04 0.000000000000000000e+00 -7.935237618377894667e-05 -2.082131862347690683e-04 3.731694323560982613e-04 -4.893978393801860479e-04 1.267612916934222119e-04
3.579021602091831625e-04 -4.008544164953226812e-04 5.476528238130966590e-04 -5.938671134989693219e-04 -1.939132487636822659e-05 3.548918072638558335e-04 -7.935237618377894667e-05 0.000000000000000000e+00 7.595876404209480877e-04 9.117564847758020778e-04 1.089057509316595888e-03 -7.881341518378891474e-07
-1.989613496253786647e-03 -2.625314592796015303e-04 -2.118252149423897890e-03 4.854753423812106458e-04 8.782631993770678106e-04 7.887547098235991134e-04 -2.082131862347690683e-04 7.595876404209480877e-04 0.000000000000000000e+00 -2.857295445281626822e-03 1.708620070784863318e-03 5.673486383757530465e-04
5.559151976925571278e-04 5.402881970130644874e-04 2.210113418649981652e-05 1.149384821116693775e-03 -7.275631380494897811e-04 -1.122843540240312660e-03 3.731694323560982613e-04 9.117564847758020778e-04 -2.857295445281626822e-03 0.000000000000000000e+00 -2.537440777351029648e-03 1.372687825338708657e-03
-1.973612359026368553e-03 1.074297688150265386e-03 1.858359874468816552e-03 -9.721133287235539464e-04 2.440000306849545992e-05 -3.921256848840306230e-04 -4.893978393801860479e-04 1.089057509316595888e-03 1.708620070784863318e-03 -2.537440777351029648e-03 0.000000000000000000e+00 -7.622015818032489183e-04
-1.989712551998441565e-04 3.709036730401112558e-05 -2.783271177929249707e-04 -6.710715829627100868e-04 2.259012762674151719e-04 3.402917411938259043e-05 1.267612916934222119e-04 -7.881341518378891474e-07 5.673486383757530465e-04 1.372687825338708657e-03 -7.622015818032489183e-04 0.000000000000000000e+00
