0.000000000000000000e+00 5.739019374773045865e-04 -9.930525145418710436e-04 -5.867136414058975701e-04 -1.096925913848599771e-03 3.798368435355698857e-04 1.318663850403479544e-04 7.065612599367619478e-05 -1.019415647736569104e-03 -1.139254203346309760e-03 -9.257079185289348840e-04 3.848030816755808716e-04
5.739019374773045865e-04 0.000000000000000000e+00 -2.832342852503565850e-04 -2.784520803529787160e-04 -3.955770866609743060e-05 1.598948756073383960e-04 1.725754482322196042e-04 -6.909555146373809291e-05 -4.703531107946093415e-04 -1.235094798259107852e-03 2.558244822080770527e-04 1.343376776766052528e-06
-9.930525145418710436e-04 -2.832342852503565850e-04 0.000000000000000000e+00 8.265438850712885071e-04 6.007872872413471147e-04 -2.359727340064223032e-04 2.986763641272321620e-04 -6.955453243342001176e-04 -1.092807764734582627e-03 -1.015558421964285951e-03 -1.819736723860448544e-03 -1.313125208175814913e-04
-5.867136414058975701e-04 -2.784520803529787160e-04 8.265438850712885071e-04 0.000000000000000000e+00 2.610638738764387316e-04 1.211634558640110415e-04 8.646277208789888546e-04 -8.993103200534333889e-05 1.172191406137593987e-03 -3.364608355903958049e-03 1.791804994142834166e-03 -1.163018155248971079e-04
-1.096925913848599771e-03 -3.955770866609743060e-05 6.007872872413471147e-04 2.610638738764387316e-04 0.000000000000000000e+00 1.335378111791938899e-04 -4.837708406737001662e-05 -1.501424467818793696e-04 -1.093555152951069739e-03 1.782860335089285790e-03 1.001857733121359071e-03 2.843262774894322583e-04
3.798368435355698857e-04 1.598948756073383960e-04 -2.359727340064223032e-04 1.211634558640110415e-04 1.335378111791938899e-04 0.000000000000000000e+00 -3.150920394444829426e-04 -2.284661863630177685e-04 4.209520786706865330e-05 -1.221125116976558419e-03 4.951938535618458787e-04 3.664048363512469085e-04
1.318663850403479544e-04 1.725754482322196042e-04 2.986763641272321620e-04 8.646277208789888546e-04 -4.837708406737001662e-05 -3.150920394444829426e-04 0.000000000000000000e+00 2.468766525489002090e-04 6.680544875907719685e-04 -3.528580048999665564e-04 -7.262879300740974304e-04 5.587750494802689108e-04
7.065612599367619478e-05 -6.909555146373809291e-05 -6.955453243342001176e-04 -8.993103200534333889e-05 -1.501424467818793696e-04 -2.284661863630177685e-04 2.468766525489002090e-04 0.000000000000000000e+00 4.343528534223370765e-04 1.575032416080656122e-03 4.129674483904771242e-04 -4.688140152863386293e-05
-1.019415647736569104e-03 -4.703531107946093415e-04 -1.092807764734582627e-03 1.172191406137593987e-03 -1.093555152951069739e-03 4.209520786706865330e-05 6.680544875907719685e-04 4.343528534223370765e-04 0.000000000000000000e+00 -1.601703157529221061e-04 3.996581898113520212e-04 2.855416961159039564e-04
-1.139254203346309760e-03 -1.235094798259107852e-03 -1.015558421964285951e-03 -3.364608355903958049e-03 1.782860335089285790e-03 -1.221125116976558419e-03 -3.528580048999665564e-04 1.575032416080656122e-03 -1.601703157529221061e-04 0.000000000000000000e+00 -1.017611630862883063e-03 9.805083504428127334e-04
-9.257079185289348840e-04 2.558244822080770527e-04 -1.819736723860448544e-03 1.791804994142834166e-03 1.001857733121359071e-03 4.951938535618458787e-04 -7.262879300740974304e-04 4.129674483904771242e-04 3.996581898113520212e-04 -1.017611630862883063e-03 0.000000000000000000e+00 -7.358389020876569039e-04
3.848030816755808716e-04 1.343376776766052528e-06 -1.313125208175814913e-04 -1.163018155248971079e-04 2.843262774894322583e-04 3.664048363512469085e-04 5.587750494802689108e-04 -4.688140152863386293e-05 2.855416961159039564e-04 9.805083504428127334e-04 -7.358389020876569039e-04 0.000000000000000000e+00
