0.000000000000000000e+00 1.977038944004150050e-04 -7.875435512611281405e-04 8.784736720034914308e-04 -5.453864394661934697e-05 5.595422971203843979e-04 -6.694820712816529958e-04 1.878932817544574777e-04 2.524284862131908735e-04 1.445436916604721570e-04 -6.682599935952574345e-04 1.214072694780128246e-03
1.977038944004150050e-04 0.000000000000000000e+00 2.168722633115333369e-04 5.830414013313837789e-04 4.479231089973010130e-04 1.320606893223675844e-05 -8.976551061856685720e-05 -1.516126812608815813e-04 -3.743358899511715671e-04 6.989844168525304003e-04 -5.764477338527894141e-04 -3.760938373221776095e-04
-7.875435512611281405e-04 2.168722633115333369e-04 0.000000000000000000e+00 -1.021311400062230529e-03 4.665159948872128298e-05 -6.232137783706657302e-04 -4.563278583120931490e-05 -2.418090040329185593e-04 -7.369390107543670552e-04 2.102362409072384454e-03 -1.224554518001718870e-03 -4.116325756923768994e-04
8.784736720034914308e-04 5.830414013313837789e-04 -1.021311400062230529e-03 0.000000000000000000e+00 -4.410075081492854411e-04 -2.114839826010279358e-04 -8.718312935199284096e-04 -3.686762846234999721e-04 2.808520900088112772e-04 -8.295198602733958385e-04 -2.704508405402469839e-04 -8.988883177714167413e-04
-5.453864394661934697e-05 4.479231089973010130e-04 4.665159948872128298e-05 -4.410075081492854411e-04 0.000000000000000000e+00 -2.896823269531547448e-05 -9.450420030196285696e-05 -1.590497358717290588e-04 -2.958371865612104568e-04 -3.651893811448552905e-04 -5.701777761933200664e-04 2.779905519772949123e-04
5.595422971203843979e-04 1.320606893223675844e-05 -6.232137783706657302e-04 -2.114839826010279358e-04 -2.896823269531547448e-05 0.000000000000000000e+00 -1.360104564809695813e-04 -6.211572517641751568e-05 -7.511467375470382620e-04 -6.221757361211867777e-04 -1.485081978931336241e-04 -2.300635391719096435e-04
-6.694820712816529958e-04 -8.976551061856685720e-05 -4.563278583120931490e-05 -8.718312935199284096e-04 -9.450420030196285696e-05 -1.360104564809695813e-04 0.000000000000000000e+00 -3.866297216828016681e-04 2.164475959660336129e-04 1.586770474118375570e-03 7.363907141095415347e-04 3.222407708130787754e-05
1.878932817544574777e-04 -1.516126812608815813e-04 -2.418090040329185593e-04 -3.686762846234999721e-04 -1.590497358717290588e-04 -6.211572517641751568e-05 -3.866297216828016681e-04 0.000000000000000000e+00 8.045795470516079340e-04 3.268211612613417167e-04 -2.012638511037247700e-04 2.548717630415219416e-04
2.524284862131908735e-04 -3.743358899511715671e-04 -7.369390107543670552e-04 2.808520900088112772e-04 -2.958371865612104568e-04 -7.511467375470382620e-04 2.164475959660336129e-04 8.045795470516079340e-04 0.000000000000000000e+00 -2.482609631022015227e-03 -9.480937210437022887e-04 -2.002426519942513653e-04
1.445436916604721570e-04 6.989844168525304003e-04 2.102362409072384454e-03 -8.295198602733958385e-04 -3.651893811448552905e-04 -6.221757361211867777e-04 1.586770474118375570e-03 3.268211612613417167e-04 -2.482609631022015227e-03 0.000000000000000000e+00 -3.051849594352115842e-03 1.081866892662436061e-03
-6.682599935952574345e-04 -5.764477338527894141e-04 -1.224554518001718870e-03 -2.704508405402469839e-04 -5.701777761933200664e-04 -1.485081978931336241e-04 7.363907141095415347e-04 -2.012638511037247700e-04 -9.480937210437022887e-04 -3.051849594352115842e-03 0.000000000000000000e+00 -2.614700334647483086e-04
1.214072694780128246e-03 -3.760938373221776095e-04 -4.116325756923768994e-04 -8.988883177714167413e-04 2.779905519772949123e-04 -2.300635391719096435e-04 3.222407708130787754e-05 2.548717630415219416e-04 -2.002426519942513653e-04 1.081866892662436061e-03 -2.614700334647483086e-04 0.000000000000000000e+00
