0.000000000000000000e+00 6.861408366756258223e-04 -2.202685046524887041e-03 2.876368397285007867e-04 4.400257981573966505e-04 2.616986110280036804e-04 3.864653739931194127e-04 9.731926346596365875e-04 -5.236682128902954815e-04 1.966702803321152080e-03 -1.169396853432097191e-03 -1.424787895907760906e-04
6.861408366756258223e-04 0.000000000000000000e+00 -6.327111237508202405e-04 1.303898892805819946e-04 1.104413276813213490e-04 -2.442720048898513498e-04 2.491926459679783421e-05 -4.578989659076469830e-04 -7.698378408535475927e-04 1.203545852050400813e-03 1.105651150614374084e-03 4.613482201697595821e-04
-2.202685046524887041e-03 -6.327111237508202405e-04 0.000000000000000000e+00 -1.110660714041093202e-04 -9.843935846139837884e-05 -7.808688101746795061e-04 4.601416543966528171e-04 2.365646633847664517e-04 9.534388441701884247e-04 2.696118399248951560e-03 -1.348490480505284798e-03 4.682707569492529126e-04
2.876368397285007867e-04 1.303898892805819946e-04 -1.110660714041093202e-04 0.000000000000000000e+00 -5.670622519419095137e-04 -7.899833398297122103e-05 9.140634998395629754e-04 4.742926950035148814e-04 -1.664271077538216235e-04 -1.026009522911019642e-03 -1.760237069834709846e-04 -2.274148596049662026e-04
4.400257981573966505e-04 1.104413276813213490e-04 -9.843935846139837884e-05 -5.670622519419095137e-04 0.000000000000000000e+00 3.780888316311641095e-05 -1.029454081102897551e-04 -3.830571554172743347e-04 -3.299818779885953712e-04 -3.550741474130244776e-04 -7.396777081088080257e-04 1.327515525237405426e-05
2.616986110280036804e-04 -2.442720048898513498e-04 -7.808688101746795061e-04 -7.899833398297122103e-05 3.780888316311641095e-05 0.000000000000000000e+00 -7.435870680934898659e-05 6.635677900068238726e-05 8.263706054523590290e-04 -3.359481188446395632e-04 -6.278092192727281274e-04 1.219339994553950997e-04
3.864653739931194127e-04 2.491926459679783421e-05 4.601416543966528171e-04 9.140634998395629754e-04 -1.029454081102897551e-04 -7.435870680934898659e-05 0.000000000000000000e+00 1.337046756420089534e-04 1.781367072847048335e-04 2.346692792597616155e-05 -6.234026822702212550e-05 -6.486118978441382304e-04
9.731926346596365875e-04 -4.578989659076469830e-04 2.365646633847664517e-04 4.742926950035148814e-04 -3.830571554172743347e-04 6.635677900068238726e-05 1.337046756420089534e-04 0.000000000000000000e+00 -5.515410818885656003e-04 1.954292199719354713e-04 -9.137700556143039075e-04 3.552898905772229406e-06
-5.236682128902954815e-04 -7.698378408535475927e-04 9.534388441701884247e-04 -1.664271077538216235e-04 -3.299818779885953712e-04 8.263706054523590290e-04 1.781367072847048335e-04 -5.515410818885656003e-04 0.000000000000000000e+00 9.854432617617573612e-04 3.552216106758052994e-04 -1.284861926812106163e-04
1.966702803321152080e-03 1.203545852050400813e-03 2.696118399248951560e-03 -1.026009522911019642e-03 -3.550741474130244776e-04 -3.359481188446395632e-04 2.346692792597616155e-05 1.954292199719354713e-04 9.854432617617573612e-04 0.000000000000000000e+00 1.942378820965123874e-04 -6.619063383122836524e-04
-1.169396853432097191e-03 1.105651150614374084e-03 -1.348490480505284798e-03 -1.760237069834709846e-04 -7.396777081088080257e-04 -6.278092192727281274e-04 -6.234026822702212550e-05 -9.137700556143039075e-04 3.552216106758052994e-04 1.942378820965123874e-04 0.000000000000000000e+00 -4.605153817300196013e-04
-1.424787895907760906e-04 4.613482201697595821e-04 4.682707569492529126e-04 -2.274148596049662026e-04 1.327515525237405426e-05 1.219339994553950997e-04 -6.486118978441382304e-04 3.552898905772229406e-06 -1.284861926812106163e-04 -6.619063383122836524e-04 -4.605153817300196013e-04 0.000000000000000000e+00
