0.000000000000000000e+00 -8.320141309709249485e-05 -8.223163661983694988e-04 2.062110481033789815e-04 6.910874588881606032e-04 1.292388071961257008e-05 -3.678627842904873681e-04 4.609070346402174899e-04 5.583783592097994508e-05 -3.621680085520577225e-04 -1.174340198938588152e-05 9.727661380431916135e-05
-8.320141309709249485e-05 0.000000000000000000e+00 1.451099079595679405e-03 3.760106176298730536e-04 6.360235193357919193e-04 3.862355796224886955e-04 -4.045563241321041396e-06 -4.633594714926575183e-05 3.383985115022840047e-04 3.715818163818484674e-04 2.975972421736834813e-04 1.824838785587678039e-04
-8.223163661983694988e-04 1.451099079595679405e-03 0.000000000000000000e+00 -1.819301436809198352e-03 2.691040951419985776e-03 3.295672611738726873e-04 9.970039377216618440e-05 -1.617424320339979488e-03 -3.672553393029466887e-03 -4.099223302086986106e-04 -7.128286897003743806e-04 1.476911728338324787e-03
2.062110481033789815e-04 3.760106176298730536e-04 -1.819301436809198352e-03 0.000000000000000000e+00 -1.976205514978734545e-03 -1.040720092951168162e-04 -9.286854440865422279e-04 7.920430286414624444e-04 -3.159791162764443752e-03 -3.607134869301744046e-05 -9.628471760717235723e-04 5.312073518739448289e-05
6.910874588881606032e-04 6.360235193357919193e-04 2.691040951419985776e-03 -1.976205514978734545e-03 0.000000000000000000e+00 -3.965782756605561052e-05 -7.033481677654316623e-04 -3.867467789169971317e-04 2.678069212828861783e-04 -3.018762698424018085e-04 -7.099258422522223156e-04 -1.145786271529356491e-03
1.292388071961257008e-05 3.862355796224886955e-04 3.295672611738726873e-04 -1.040720092951168162e-04 -3.965782756605561052e-05 0.000000000000000000e+00 -1.305045806781580464e-04 -1.061101133578385173e-03 4.389338610907721661e-04 1.984766566030890674e-04 3.842190965765720725e-05 2.759401498242767007e-04
-3.678627842904873681e-04 -4.045563241321041396e-06 9.970039377216618440e-05 -9.286854440865422279e-04 -7.033481677654316623e-04 -1.305045806781580464e-04 0.000000000000000000e+00 2.264789790609685917e-04 -8.195639764864342874e-04 1.574687973263183292e-05 7.794220822838689199e-05 -1.428269480674892111e-04
4.609070346402174899e-04 -4.633594714926575183e-05 -1.617424320339979488e-03 7.920430286414624444e-04 -3.867467789169971317e-04 -1.061101133578385173e-03 2.264789790609685917e-04 0.000000000000000000e+00 -1.964741216142150936e-03 1.667207127699964295e-04 2.266891730505048858e-05 -1.346653459460926401e-04
5.583783592097994508e-05 3.383985115022840047e-04 -3.672553393029466887e-03 -3.159791162764443752e-03 2.678069212828861783e-04 4.389338610907721661e-04 -8.195639764864342874e-04 -1.964741216142150936e-03 0.000000000000000000e+00 9.176631280760660144e-04 1.437268324614916336e-03 -1.737301718102506835e-04
-3.621680085520577225e-04 3.715818163818484674e-04 -4.099223302086986106e-04 -3.607134869301744046e-05 -3.018762698424018085e-04 1.984766566030890674e-04 1.574687973263183292e-05 1.667207127699964295e-04 9.176631280760660144e-04 0.000000000000000000e+00 -4.921639395976503328e-04 -8.205781785424123029e-05
-1.174340198938588152e-05 2.975972421736834813e-04 -7.128286897003743806e-04 -9.628471760717235723e-04 -7.099258422522223156e-04 3.842190965765720725e-05 7.794220822838689199e-05 2.266891730505048858e-05 1.437268324614916336e-03 -4.921639395976503328e-04 0.000000000000000000e+00 7.402419511236868520e-04
9.727661380431916135e-05 1.824838785587678039e-04 1.476911728338324787e-03 5.312073518739448289e-05 -1.145786271529356491e-03 2.759401498242767007e-04 -1.428269480674892111e-04 -1.346653459460926401e-04 -1.737301718102506835e-04 -8.205781785424123029e-05 7.402419511236868520e-04 0.000000000000000000e+00
