0.000000000000000000e+00 5.923596839192860975e-04 4.093612238199604626e-04 -7.672027022611617973e-04 5.021696945181033022e-04 8.604571579576688820e-04 -1.614789693035858023e-04 4.238310114336813145e-04 -7.671121447887037825e-05 1.883265270423334131e-04 -3.329875618598518048e-04 2.887716424287041506e-04
5.923596839192860975e-04 0.000000000000000000e+00 7.741691879571561399e-04 -1.891490934220490150e-04 -2.822174719149347813e-04 4.089949074703161033e-04 5.560837326680612798e-04 2.589498757449425637e-04 4.957622176718344022e-04 -2.186872038617061233e-04 3.563135401229740719e-05 -6.370183532806931569e-04
4.093612238199604626e-04 7.741691879571561399e-04 0.000000000000000000e+00 1.644683081901261897e-03 -1.851167277524335027e-03 7.299314563195967616e-04 4.672947316584100618e-04 2.364757539318279264e-04 -1.604363170418275121e-03 -3.048341951760437591e-04 -2.470195347689816074e-04 -4.094343972687826730e-04
-7.672027022611617973e-04 -1.891490934220490150e-04 1.644683081901261897e-03 0.000000000000000000e+00 -1.169015980192974558e-03 -9.347206202804046174e-04 -7.757173204890210503e-04 9.774428922001091730e-04 3.022361590306286375e-03 7.459589834946921302e-07 1.262228740561728482e-03 -1.761416675740913769e-03
5.021696945181033022e-04 -2.822174719149347813e-04 -1.851167277524335027e-03 -1.169015980192974558e-03 0.000000000000000000e+00 -4.796450848764325487e-04 -5.809592987996472753e-04 -1.063136062633606316e-03 -3.249257405669449608e-03 -3.816282866526703632e-04 -4.195514401470494992e-04 -1.726323242594762514e-03
8.604571579576688820e-04 4.089949074703161033e-04 7.299314563195967616e-04 -9.347206202804046174e-04 -4.796450848764325487e-04 0.000000000000000000e+00 -2.088133961555045540e-04 -4.846875350048841747e-04 1.043919813995860873e-03 -2.025103568961943851e-04 1.205774374289752924e-04 4.383736898844057726e-04
-1.614789693035858023e-04 5.560837326680612798e-04 4.672947316584100618e-04 -7.757173204890210503e-04 -5.809592987996472753e-04 -2.088133961555045540e-04 0.000000000000000000e+00 3.957028214304314333e-04 3.165254793004854323e-04 -9.416349234061565016e-05 -8.109135943526654114e-04 2.857902759844620154e-05
4.238310114336813145e-04 2.589498757449425637e-04 2.364757539318279264e-04 9.774428922001091730e-04 -1.063136062633606316e-03 -4.846875350048841747e-04 3.957028214304314333e-04 0.000000000000000000e+00 -1.870700044230488726e-03 -6.181616940811455237e-04 2.021560154120979967e-04 -1.791860507031690821e-04
-7.671121447887037825e-05 4.957622176718344022e-04 -1.604363170418275121e-03 3.022361590306286375e-03 -3.249257405669449608e-03 1.043919813995860873e-03 3.165254793004854323e-04 -1.870700044230488726e-03 0.000000000000000000e+00 -2.325133171089434076e-04 -1.207862895860729435e-03 5.769850843808671135e-04
1.883265270423334131e-04 -2.186872038617061233e-04 -3.048341951760437591e-04 7.459589834946921302e-07 -3.816282866526703632e-04 -2.025103568961943851e-04 -9.416349234061565016e-05 -6.181616940811455237e-04 -2.325133171089434076e-04 0.000000000000000000e+00 2.529640374924636685e-04 -2.751257929748633234e-04
-3.329875618598518048e-04 3.563135401229740719e-05 -2.470195347689816074e-04 1.262228740561728482e-03 -4.195514401470494992e-04 1.205774374289752924e-04 -8.109135943526654114e-04 2.021560154120979967e-04 -1.207862895860729435e-03 2.529640374924636685e-04 0.000000000000000000e+00 -2.864894921818674335e-04
2.887716424287041506e-04 -6.370183532806931569e-04 -4.094343972687826730e-04 -1.761416675740913769e-03 -1.726323242594762514e-03 4.383736898844057726e-04 2.857902759844620154e-05 -1.791860507031690821e-04 5.769850843808671135e-04 -2.751257929748633234e-04 -2.864894921818674335e-04 0.000000000000000000e+00
