0.000000000000000000e+00 -5.272794085086501311e-07 9.879747414240670766e-04 -1.999317411643874662e-04 1.820521909280787783e-04 1.153624602288690233e-04 -3.854475890487229638e-04 -1.577390888283775982e-04 -6.390172257170671864e-04 -9.374359583825932012e-05 -1.421348890019784013e-04 -3.620996551804431056e-04
-5.272794085086501311e-07 0.000000000000000000e+00 -8.879919915541649228e-04 -1.458604617518954912e-05 8.311468744015471002e-04 9.429535022630144189e-05 -1.262338380974763023e-04 2.122228706094238021e-04 -1.886380909709284032e-03 -2.267323582466634511e-04 5.513349591664256505e-04 -7.344682095147289733e-04
9.879747414240670766e-04 -8.879919915541649228e-04 0.000000000000000000e+00 1.541060451294092503e-03 -1.604495525258949236e-03 -4.743882319611533683e-04 -9.068709294831815530e-04 9.561849569517732539e-04 3.793124407329177914e-03 -1.785029205968236053e-04 -2.512201402993839916e-05 3.018158907641626089e-04
-1.999317411643874662e-04 -1.458604617518954912e-05 1.541060451294092503e-03 0.000000000000000000e+00 -1.956174708952487188e-03 9.740437257109489742e-04 -5.671057567864599275e-04 3.273672260324209820e-04 -2.720703427003240155e-03 3.700455735475958628e-04 -3.243084818070306728e-04 5.247750549231217174e-04
1.820521909280787783e-04 8.311468744015471002e-04 -1.604495525258949236e-03 -1.956174708952487188e-03 0.000000000000000000e+00 1.284648988535280105e-03 -4.976710934919703497e-05 1.257233673125043730e-03 -6.257015921628818992e-05 6.389552648840494519e-04 7.587177208589381406e-05 8.573023405898439787e-04
1.153624602288690233e-04 9.429535022630144189e-05 -4.743882319611533683e-04 9.740437257109489742e-04 1.284648988535280105e-03 0.000000000000000000e+00 4.138421813296396033e-04 -5.883342656374978196e-04 -6.986160488553210413e-04 1.422143335567328977e-04 4.858829900504801642e-04 3.648964701694490257e-04
-3.854475890487229638e-04 -1.262338380974763023e-04 -9.068709294831815530e-04 -5.671057567864599275e-04 -4.976710934919703497e-05 4.138421813296396033e-04 0.000000000000000000e+00 8.309733893794618749e-04 -5.422130874180626373e-04 4.820677863765399258e-04 5.425969647084750037e-04 -2.808118253050186129e-04
-1.577390888283775982e-04 2.122228706094238021e-04 9.561849569517732539e-04 3.273672260324209820e-04 1.257233673125043730e-03 -5.883342656374978196e-04 8.309733893794618749e-04 0.000000000000000000e+00 -1.282579484453583640e-03 -2.527536594711441808e-04 -4.655777090162441039e-04 9.352052407351562442e-04
-6.390172257170671864e-04 -1.886380909709284032e-03 3.793124407329177914e-03 -2.720703427003240155e-03 -6.257015921628818992e-05 -6.986160488553210413e-04 -5.422130874180626373e-04 -1.282579484453583640e-03 0.000000000000000000e+00 2.609118264084720460e-04 9.667491227031509268e-05 -1.300188955781201661e-03
-9.374359583825932012e-05 -2.267323582466634511e-04 -1.785029205968236053e-04 3.700455735475958628e-04 6.389552648840494519e-04 1.422143335567328977e-04 4.820677863765399258e-04 -2.527536594711441808e-04 2.609118264084720460e-04 0.000000000000000000e+00 4.430220381769183337e-04 1.590547663739754283e-04
-1.421348890019784013e-04 5.513349591664256505e-04 -2.512201402993839916e-05 -3.243084818070306728e-04 7.587177208589381406e-05 4.858829900504801642e-04 5.425969647084750037e-04 -4.655777090162441039e-04 9.667491227031509268e-05 4.430220381769183337e-04 0.000000000000000000e+00 1.039247561169336130e-03
-3.620996551804431056e-04 -7.344682095147289733e-04 3.018158907641626089e-04 5.247750549231217174e-04 8.573023405898439787e-04 3.648964701694490257e-04 -2.808118253050186129e-04 9.352052407351562442e-04 -1.300188955781201661e-03 1.590547663739754283e-04 1.039247561169336130e-03 0.000000000000000000e+00
