0.000000000000000000e+00 3.199997094878471722e-04 2.199778447562832334e-04 -7.742288449948444282e-05 -8.459916108028134232e-04 -9.380892178717473596e-04 -4.299347107348461196e-04 -9.410286987328344535e-06 6.664403224499755975e-05 -1.534892031740018323e-03 -3.503827057029178628e-04 9.453643418756337838e-04
3.199997094878471722e-04 0.000000000000000000e+00 1.725138588259338243e-04 6.366158732787041133e-04 -3.086024471352916804e-04 -4.069801428898241961e-04 3.501402471721090388e-04 5.530731481340409039e-04 -7.476094375227689817e-04 6.119103426968544156e-04 -1.022516796955970841e-03 4.991812983529683246e-04
2.199778447562832334e-04 1.725138588259338243e-04 0.000000000000000000e+00 2.528212054309805193e-04 -2.142284023393478828e-04 -4.229181545442327632e-04 5.666663740568783116e-04 5.604838950306475446e-04 2.805699494347493224e-05 -6.120097939252168570e-04 -9.901705578793935751e-04 -2.957482516970851320e-04
-7.742288449948444282e-05 6.366158732787041133e-04 2.528212054309805193e-04 0.000000000000000000e+00 -1.952300020373815069e-04 -2.091647469969978325e-05 -2.191125238049048177e-04 4.884778123538244731e-04 -4.971868064359239456e-04 -9.920313353353484812e-05 5.752761657225161128e-04 -5.331450753284197770e-04
-8.459916108028134232e-04 -3.086024471352916804e-04 -2.142284023393478828e-04 -1.952300020373815069e-04 0.000000000000000000e+00 7.198889406551217370e-04 1.856814506040516978e-04 -3.049199107521189701e-04 -6.394007144317148889e-04 -6.340335781341556671e-04 -1.151938746368568866e-03 4.645203469784721091e-04
-9.380892178717473596e-04 -4.069801428898241961e-04 -4.229181545442327632e-04 -2.091647469969978325e-05 7.198889406551217370e-04 0.000000000000000000e+00 -4.443241536094512866e-04 8.885127513482958561e-05 5.478357046325286241e-05 -1.280803452067593492e-03 -1.720082987754184382e-03 -1.064247546319298330e-03
-4.299347107348461196e-04 3.501402471721090388e-04 5.666663740568783116e-04 -2.191125238049048177e-04 1.856814506040516978e-04 -4.443241536094512866e-04 0.000000000000000000e+00 -4.563695410777901919e-04 1.329679246497732551e-04 -8.428646471154689840e-04 8.677590517630690481e-04 2.801766856972538419e-04
-9.410286987328344535e-06 5.530731481340409039e-04 5.604838950306475446e-04 4.884778123538244731e-04 -3.049199107521189701e-04 8.885127513482958561e-05 -4.563695410777901919e-04 0.000000000000000000e+00 7.751510059462499679e-04 -2.785360323432340551e-03 -3.161943911209195296e-03 6.335585388355055060e-04
6.664403224499755975e-05 -7.476094375227689817e-04 2.805699494347493224e-05 -4.971868064359239456e-04 -6.394007144317148889e-04 5.478357046325286241e-05 1.329679246497732551e-04 7.751510059462499679e-04 0.000000000000000000e+00 -3.528441664737011420e-04 1.402721496108427779e-03 -7.092194519493549756e-04
-1.534892031740018323e-03 6.119103426968544156e-04 -6.120097939252168570e-04 -9.920313353353484812e-05 -6.340335781341556671e-04 -1.280803452067593492e-03 -8.428646471154689840e-04 -2.785360323432340551e-03 -3.528441664737011420e-04 0.000000000000000000e+00 1.850101152859960846e-03 -7.930381818044747195e-04
-3.503827057029178628e-04 -1.022516796955970841e-03 -9.901705578793935751e-04 5.752761657225161128e-04 -1.151938746368568866e-03 -1.720082987754184382e-03 8.677590517630690481e-04 -3.161943911209195296e-03 1.402721496108427779e-03 1.850101152859960846e-03 0.000000000000000000e+00 -9.633510214508545335e-04
9.453643418756337838e-04 4.991812983529683246e-04 -2.957482516970851320e-04 -5.331450753284197770e-04 4.645203469784721091e-04 -1.064247546319298330e-03 2.801766856972538419e-04 6.335585388355055060e-04 -7.092194519493549756e-04 -7.930381818044747195e-04 -9.633510214508545335e-04 0.000000000000000000e+00
