0.000000000000000000e+00 3.481784132241712428e-05 1.163537394514686189e-04 -1.975916269838399271e-05 -2.085540483238876254e-04 2.074513228618510947e-04 4.811864798112257279e-04 1.336931200853395734e-03 5.180876804898828418e-04 8.085944404533707604e-04 -1.188170872881913752e-04 2.715640994991390346e-04
3.481784132241712428e-05 0.000000000000000000e+00 -1.558182802369032134e-04 -3.197852668774603320e-05 2.412998242731910113e-04 3.755208445333262026e-04 7.387879746639297238e-04 -1.384757993521795565e-03 1.926844116750322394e-04 1.028257047386769507e-03 -4.768628737196493536e-04 -5.684455438063692892e-04
1.163537394514686189e-04 -1.558182802369032134e-04 0.000000000000000000e+00 1.634322080259379163e-05 -5.367653979046834063e-04 5.546205186428848502e-04 -6.473982897033993831e-04 -1.380457748758585380e-03 1.032693422241563112e-04 -1.162528886398812335e-03 -1.062985555551286413e-03 -6.975832279519075590e-04
-1.975916269838399271e-05 -3.197852668774603320e-05 1.634322080259379163e-05 0.000000000000000000e+00 -1.061529378590165315e-04 -5.747456833310940613e-04 -3.347052086071080159e-04 -8.946807983929524100e-05 -2.725105419440760463e-04 7.996154462678649408e-04 -7.461546596753642051e-04 -1.487936169804778398e-04
-2.085540483238876254e-04 2.412998242731910113e-04 -5.367653979046834063e-04 -1.061529378590165315e-04 0.000000000000000000e+00 -6.023286957992627809e-04 1.691662093562311490e-05 2.451246303999909362e-04 3.666842413939739708e-04 4.494134218737146883e-04 4.538301706832593524e-05 -3.014550059622227466e-04
2.074513228618510947e-04 3.755208445333262026e-04 5.546205186428848502e-04 -5.747456833310940613e-04 -6.023286957992627809e-04 0.000000000000000000e+00 -2.461473335746449569e-04 8.372018975034425329e-04 5.437106236543555720e-04 3.407396495301618115e-04 1.992368577728969702e-03 -1.324966555040344210e-04
4.811864798112257279e-04 7.387879746639297238e-04 -6.473982897033993831e-04 -3.347052086071080159e-04 1.691662093562311490e-05 -2.461473335746449569e-04 0.000000000000000000e+00 -8.701681781818463874e-04 3.262589991508586806e-04 -4.711315261432263307e-04 -8.977277891908133590e-04 2.640955188142320251e-04
1.336931200853395734e-03 -1.384757993521795565e-03 -1.380457748758585380e-03 -8.946807983929524100e-05 2.451246303999909362e-04 8.372018975034425329e-04 -8.701681781818463874e-04 0.000000000000000000e+00 1.189455548019599388e-03 3.652934826556771312e-04 1.810347447446997117e-03 1.226744464528240841e-03
5.180876804898828418e-04 1.926844116750322394e-04 1.032693422241563112e-04 -2.725105419440760463e-04 3.666842413939739708e-04 5.437106236543555720e-04 3.262589991508586806e-04 1.189455548019599388e-03 0.000000000000000000e+00 -9.308549172977401013e-04 -8.753165878251414336e-04 -6.164505454022100976e-04
8.085944404533707604e-04 1.028257047386769507e-03 -1.162528886398812335e-03 7.996154462678649408e-04 4.494134218737146883e-04 3.407396495301618115e-04 -4.711315261432263307e-04 3.652934826556771312e-04 -9.308549172977401013e-04 0.000000000000000000e+00 3.280592027944350970e-03 -9.626716268148539403e-04
-1.188170872881913752e-04 -4.768628737196493536e-04 -1.062985555551286413e-03 -7.461546596753642051e-04 4.538301706832593524e-05 1.992368577728969702e-03 -8.977277891908133590e-04 1.810347447446997117e-03 -8.753165878251414336e-04 3.280592027944350970e-03 0.000000000000000000e+00 -5.801567536296303468e-04
2.715640994991390346e-04 -5.684455438063692892e-04 -6.975832279519075590e-04 -1.487936169804778398e-04 -3.014550059622227466e-04 -1.324966555040344210e-04 2.640955188142320251e-04 1.226744464528240841e-03 -6.164505454022100976e-04 -9.626716268148539403e-04 -5.801567536296303468e-04 0.000000000000000000e+00
