0.000000000000000000e+00 4.680875801531676457e-04 1.247402637542144343e-04 7.233654287121826267e-04 -2.371205855834308189e-04 1.022179763662783955e-04 8.674861623787130096e-04 -1.398162236771151182e-03 5.724096606418330830e-04 -1.664635502069488878e-03 -1.408228538407574576e-04 -4.492205786668320745e-04
4.680875801531676457e-04 0.000000000000000000e+00 6.801642102226376123e-04 2.508961218460190241e-04 4.114301265031364264e-04 7.709287442228738001e-04 3.600082321240710356e-04 2.132193800422716497e-03 3.846444950131977622e-04 -8.449376542689997953e-04 2.522835468237325397e-03 -2.794518952787845433e-04
1.247402637542144343e-04 6.801642102226376123e-04 0.000000000000000000e+00 3.097464898025593634e-04 2.939458674237553745e-04 -2.464032142423974421e-04 -7.212590943108927819e-04 9.142563779720393104e-04 1.549457249614819064e-04 -1.320785186558460188e-04 2.855769434437707027e-04 5.636217543415734076e-04
7.233654287121826267e-04 2.508961218460190241e-04 3.097464898025593634e-04 0.000000000000000000e+00 4.303099003954120676e-04 -1.827600781801239061e-05 2.090370908202468828e-04 -6.003979028569658981e-05 2.863332304124527870e-04 -2.507161754154299061e-04 3.566321838288325375e-04 3.412998129498893583e-04
-2.371205855834308189e-04 4.114301265031364264e-04 2.939458674237553745e-04 4.303099003954120676e-04 0.000000000000000000e+00 6.510640497853983780e-04 -5.014888623216315474e-04 -6.311562057519475022e-04 3.767810918947054916e-05 -3.444010703149447150e-04 -3.389155000561925430e-04 -1.769132266846776258e-04
1.022179763662783955e-04 7.709287442228738001e-04 -2.464032142423974421e-04 -1.827600781801239061e-05 6.510640497853983780e-04 0.000000000000000000e+00 1.505416431519939770e-04 1.256929519594131989e-03 5.994997650037871793e-04 4.255656218142387531e-04 1.241284119397344492e-03 8.275817433205547155e-04
8.674861623787130096e-04 3.600082321240710356e-04 -7.212590943108927819e-04 2.090370908202468828e-04 -5.014888623216315474e-04 1.505416431519939770e-04 0.000000000000000000e+00 -1.280124622548945009e-03 -3.613744923633615343e-04 2.827811644788594690e-05 5.843343424854167013e-04 -1.656671999156012019e-04
-1.398162236771151182e-03 2.132193800422716497e-03 9.142563779720393104e-04 -6.003979028569658981e-05 -6.311562057519475022e-04 1.256929519594131989e-03 -1.280124622548945009e-03 0.000000000000000000e+00 1.096680150301944769e-03 1.234423021941714080e-05 -3.633996250772187752e-03 -7.975287940203515153e-05
5.724096606418330830e-04 3.846444950131977622e-04 1.549457249614819064e-04 2.863332304124527870e-04 3.767810918947054916e-05 5.994997650037871793e-04 -3.613744923633615343e-04 1.096680150301944769e-03 0.000000000000000000e+00 -6.618680288298748205e-04 -2.988495818473556266e-04 -5.762764282138381098e-04
-1.664635502069488878e-03 -8.449376542689997953e-04 -1.320785186558460188e-04 -2.507161754154299061e-04 -3.444010703149447150e-04 4.255656218142387531e-04 2.827811644788594690e-05 1.234423021941714080e-05 -6.618680288298748205e-04 0.000000000000000000e+00 -2.847099657893231717e-03 -7.517334515831992816e-05
-1.408228538407574576e-04 2.522835468237325397e-03 2.855769434437707027e-04 3.566321838288325375e-04 -3.389155000561925430e-04 1.241284119397344492e-03 5.843343424854167013e-04 -3.633996250772187752e-03 -2.988495818473556266e-04 -2.847099657893231717e-03 0.000000000000000000e+00 1.374324089804631820e-05
-4.492205786668320745e-04 -2.794518952787845433e-04 5.636217543415734076e-04 3.412998129498893583e-04 -1.769132266846776258e-04 8.275817433205547155e-04 -1.656671999156012019e-04 -7.975287940203515153e-05 -5.762764282138381098e-04 -7.517334515831992816e-05 1.374324089804631820e-05 0.000000000000000000e+00
