0.000000000000000000e+00 -1.337086409847492666e-03 -1.051737728286975936e-04 -2.795940007243176667e-04 1.313425695488916142e-04 3.988470554174133051e-04 6.889806508002385222e-04 2.319354583135752827e-03 -1.650723718132772911e-04 9.884681732949575361e-04 -1.254789352936568287e-03 -1.332830829165167208e-03
-1.337086409847492666e-03 0.000000000000000000e+00 -5.232487768334969725e-04 -2.045415904744025330e-04 3.662546130323561001e-04 2.895189176447625877e-04 1.890953276578079408e-04 -1.629841311078670781e-03 1.547424706915651006e-04 -2.069473547170913239e-03 6.275442308664548672e-05 2.014751211036303568e-05
-1.051737728286975936e-04 -5.232487768334969725e-04 0.000000000000000000e+00 2.277219472663485694e-04 -4.380805403193514152e-04 9.477559907549203740e-04 2.005767582917154963e-04 -1.391234685708195610e-03 -2.956689385869672778e-04 9.642022851549542778e-04 -4.664210012022070744e-04 5.320726524785408564e-06
-2.795940007243176667e-04 -2.045415904744025330e-04 2.277219472663485694e-04 0.000000000000000000e+00 1.510239561763377812e-04 3.643310270917505199e-04 2.926066855798084695e-04 -4.988010292016381748e-04 -9.980036875758692525e-05 4.407579349707643388e-04 4.029208999815902538e-04 2.238444329758926949e-04
1.313425695488916142e-04 3.662546130323561001e-04 -4.380805403193514152e-04 1.510239561763377812e-04 0.000000000000000000e+00 -8.464873139992851658e-05 4.834410685828925474e-04 -2.518001635510787621e-04 -2.084103252974776671e-04 -2.437601773479025147e-04 -8.351953464878977829e-04 1.664586907278619492e-04
3.988470554174133051e-04 2.895189176447625877e-04 9.477559907549203740e-04 3.643310270917505199e-04 -8.464873139992851658e-05 0.000000000000000000e+00 4.715292336687234675e-04 1.502080196415770189e-03 2.496935990435652369e-04 -8.162010070878719702e-04 1.070932036485148803e-04 2.594079352553417778e-04
6.889806508002385222e-04 1.890953276578079408e-04 2.005767582917154963e-04 2.926066855798084695e-04 4.834410685828925474e-04 4.715292336687234675e-04 0.000000000000000000e+00 -1.157613952496319655e-04 4.076049148900111308e-04 2.829494647572144682e-05 9.096682391698563156e-04 1.034620432941819261e-04
2.319354583135752827e-03 -1.629841311078670781e-03 -1.391234685708195610e-03 -4.988010292016381748e-04 -2.518001635510787621e-04 1.502080196415770189e-03 -1.157613952496319655e-04 0.000000000000000000e+00 9.411303213865887659e-04 -3.005115229957809782e-03 -1.545013658936809659e-03 2.388409634459096563e-03
-1.650723718132772911e-04 1.547424706915651006e-04 -2.956689385869672778e-04 -9.980036875758692525e-05 -2.084103252974776671e-04 2.496935990435652369e-04 4.076049148900111308e-04 9.411303213865887659e-04 0.000000000000000000e+00 -9.704529189239508328e-04 1.132555065904235778e-03 -3.909879892025349638e-04
9.884681732949575361e-04 -2.069473547170913239e-03 9.642022851549542778e-04 4.407579349707643388e-04 -2.437601773479025147e-04 -8.162010070878719702e-04 2.829494647572144682e-05 -3.005115229957809782e-03 -9.704529189239508328e-04 0.000000000000000000e+00 2.525597167178406186e-03 -7.344228238084625103e-04
-1.254789352936568287e-03 6.275442308664548672e-05 -4.664210012022070744e-04 4.029208999815902538e-04 -8.351953464878977829e-04 1.070932036485148803e-04 9.096682391698563156e-04 -1.545013658936809659e-03 1.132555065904235778e-03 2.525597167178406186e-03 0.000000000000000000e+00 6.785009521884517421e-04
-1.332830829165167208e-03 2.014751211036303568e-05 5.320726524785408564e-06 2.238444329758926949e-04 1.664586907278619492e-04 2.594079352553417778e-04 1.034620432941819261e-04 2.388409634459096563e-03 -3.909879892025349638e-04 -7.344228238084625103e-04 6.785009521884517421e-04 0.000000000000000000e+00
