0.000000000000000000e+00 -1.785390690777235144e-04 -5.117142310024665316e-04 -5.374735602424824061e-04 -1.932761452441225615e-03 -2.041967355821680335e-04 8.121030291134247788e-04 -4.973304358724021468e-05 -1.776719750328226968e-04 -3.945936165165835475e-04 -1.264610928439310455e-03 1.466856715229420717e-03
-1.785390690777235144e-04 0.000000000000000000e+00 2.072662075960218656e-04 -5.252996776590641848e-04 4.232232063002278467e-04 2.546296288152501185e-04 -4.078711600549626902e-04 1.688124967290981573e-04 -5.199300929079835704e-05 -9.150640848290989243e-05 -2.291715888580598257e-04 1.972507948400522529e-04
-5.117142310024665316e-04 2.072662075960218656e-04 0.000000000000000000e+00 -1.854448836455170396e-03 -1.404411785929446464e-03 4.304792148573535304e-04 5.906681822196643150e-05 -1.572169216293432164e-04 1.776438163600480632e-04 1.894205131703391887e-04 2.020289025495460543e-03 -9.321332058787650194e-04
-5.374735602424824061e-04 -5.252996776590641848e-04 -1.854448836455170396e-03 0.000000000000000000e+00 -4.129636008696292498e-04 2.773194926705189228e-05 -9.908519995330193446e-04 -3.563350751851432634e-04 1.302679934576432032e-03 2.024337328723252905e-04 3.348583758065063008e-03 1.316805700664474025e-03
-1.932761452441225615e-03 4.232232063002278467e-04 -1.404411785929446464e-03 -4.129636008696292498e-04 0.000000000000000000e+00 8.494335229321072541e-04 9.687013078852554299e-07 -4.058539164422120672e-04 2.747228501657698451e-04 -1.534676267832536486e-04 -2.718909742749186630e-03 1.781079962019244079e-03
-2.041967355821680335e-04 2.546296288152501185e-04 4.304792148573535304e-04 2.773194926705189228e-05 8.494335229321072541e-04 0.000000000000000000e+00 4.196878748194467234e-04 -3.130740640975600959e-04 -1.051681608005858797e-04 -1.584155646235345253e-04 1.024623163224198160e-03 -1.278446699954463020e-03
8.121030291134247788e-04 -4.078711600549626902e-04 5.906681822196643150e-05 -9.908519995330193446e-04 9.687013078852554299e-07 4.196878748194467234e-04 0.000000000000000000e+00 4.633600618026358802e-04 1.014607028506167178e-04 -6.974559598061704951e-06 -7.959765221159664523e-04 -3.256352933032428672e-04
-4.973304358724021468e-05 1.688124967290981573e-04 -1.572169216293432164e-04 -3.563350751851432634e-04 -4.058539164422120672e-04 -3.130740640975600959e-04 4.633600618026358802e-04 0.000000000000000000e+00 6.054255199766607259e-04 -2.211340440554527003e-04 -4.052433916921615708e-04 -3.337957772870613874e-04
-1.776719750328226968e-04 -5.199300929079835704e-05 1.776438163600480632e-04 1.302679934576432032e-03 2.747228501657698451e-04 -1.051681608005858797e-04 1.014607028506167178e-04 6.054255199766607259e-04 0.000000000000000000e+00 -4.082276225521490939e-04 7.487803214454745102e-04 2.128260679271475476e-04
-3.945936165165835475e-04 -9.150640848290989243e-05 1.894205131703391887e-04 2.024337328723252905e-04 -1.534676267832536486e-04 -1.584155646235345253e-04 -6.974559598061704951e-06 -2.211340440554527003e-04 -4.082276225521490939e-04 0.000000000000000000e+00 5.376666824759713647e-04 -1.244615538714477292e-04
-1.264610928439310455e-03 -2.291715888580598257e-04 2.020289025495460543e-03 3.348583758065063008e-03 -2.718909742749186630e-03 1.024623163224198160e-03 -7.959765221159664523e-04 -4.052433916921615708e-04 7.487803214454745102e-04 5.376666824759713647e-04 0.000000000000000000e+00 -8.877306384852892565e-04
1.466856715229420717e-03 1.972507948400522529e-04 -9.321332058787650194e-04 1.316805700664474025e-03 1.781079962019244079e-03 -1.278446699954463020e-03 -3.256352933032428672e-04 -3.337957772870613874e-04 2.128260679271475476e-04 -1.244615538714477292e-04 -8.877306384852892565e-04 0.000000000000000000e+00
