0.000000000000000000e+00 -1.295572608773240845e-03 -4.279467695435076511e-04 -7.313195191071977883e-04 -4.485706692907920280e-04 3.513047576705047694e-04 -9.228110955543617844e-04 2.578791783852328839e-04 -2.609676310487481113e-04 1.006652968672717990e-04 -1.391833415063529426e-03 -1.504745129255967515e-03
-1.295572608773240845e-03 0.000000000000000000e+00 -5.242854680635276058e-05 -7.510926017611622193e-05 4.749720002869758386e-04 9.557433853135319495e-06 3.005682682164122145e-04 1.210220295780309096e-04 -4.924583617593518382e-04 5.497627007272212285e-04 7.338701537637726214e-05 -8.260371724373617589e-04
-4.279467695435076511e-04 -5.242854680635276058e-05 0.000000000000000000e+00 1.450650432326297101e-03 1.099833417707752432e-03 -4.185915651545664331e-04 7.529055601998272838e-04 5.804731875152699914e-04 -4.137426311075327807e-05 -7.406231283012053128e-04 2.082507115422128820e-03 -2.267436677882813095e-03
-7.313195191071977883e-04 -7.510926017611622193e-05 1.450650432326297101e-03 0.000000000000000000e+00 -2.980699423480225670e-04 -9.525786443691265648e-04 -9.852519981473372747e-04 -8.673683245021494154e-04 -1.043080311242322762e-03 -4.263390784497986035e-04 -2.368105715557511804e-03 -7.622195505284646818e-04
-4.485706692907920280e-04 4.749720002869758386e-04 1.099833417707752432e-03 -2.980699423480225670e-04 0.000000000000000000e+00 -6.383600596891347454e-04 4.803341070668750996e-05 -1.364407739442825753e-03 -8.807787317284066289e-05 -9.340322707343287861e-05 2.872319477154783481e-03 -2.057469478699184176e-05
3.513047576705047694e-04 9.557433853135319495e-06 -4.185915651545664331e-04 -9.525786443691265648e-04 -6.383600596891347454e-04 0.000000000000000000e+00 -3.826908550864321999e-04 -4.425273749753998111e-04 -2.531918579345371562e-04 4.625810058421539581e-04 1.307323641283362559e-04 -1.550715343593509908e-04
-9.228110955543617844e-04 3.005682682164122145e-04 7.529055601998272838e-04 -9.852519981473372747e-04 4.803341070668750996e-05 -3.826908550864321999e-04 0.000000000000000000e+00 -7.951867100048853150e-04 1.913183641259294141e-04 -5.126197359480803286e-04 -5.891486469879824670e-05 7.115095696204917601e-04
2.578791783852328839e-04 1.210220295780309096e-04 5.804731875152699914e-04 -8.673683245021494154e-04 -1.364407739442825753e-03 -4.425273749753998111e-04 -7.951867100048853150e-04 0.000000000000000000e+00 -1.023796147825869161e-03 -6.858710357641613332e-05 1.050991665696204358e-03 1.239595850790353553e-03
-2.609676310487481113e-04 -4.924583617593518382e-04 -4.137426311075327807e-05 -1.043080311242322762e-03 -8.807787317284066289e-05 -2.531918579345371562e-04 1.913183641259294141e-04 -1.023796147825869161e-03 0.000000000000000000e+00 -3.500411893827946484e-04 9.841954418442675455e-04 -8.499297758646590052e-04
1.006652968672717990e-04 5.497627007272212285e-04 -7.406231283012053128e-04 -4.263390784497986035e-04 -9.340322707343287861e-05 4.625810058421539581e-04 -5.126197359480803286e-04 -6.858710357641613332e-05 -3.500411893827946484e-04 0.000000000000000000e+00 -4.067270068006323879e-04 -3.838543239021215288e-04
-1.391833415063529426e-03 7.338701537637726214e-05 2.082507115422128820e-03 -2.368105715557511804e-03 2.872319477154783481e-03 1.307323641283362559e-04 -5.891486469879824670e-05 1.050991665696204358e-03 9.841954418442675455e-04 -4.067270068006323879e-04 0.000000000000000000e+00 7.630780320382422454e-05
-1.504745129255967515e-03 -8.260371724373617589e-04 -2.267436677882813095e-03 -7.622195505284646818e-04 -2.057469478699184176e-05 -1.550715343593509908e-04 7.115095696204917601e-04 1.239595850790353553e-03 -8.499297758646590052e-04 -3.838543239021215288e-04 7.630780320382422454e-05 0.000000000000000000e+00
