0.000000000000000000e+00 -5.759982499936967338e-04 1.508568320181010835e-04 -9.152227269976259856e-04 -5.622333046837248464e-04 3.019311660489174204e-04 -1.499124799683943855e-04 1.205720767985867469e-04 4.172832642598983698e-04 4.021747277749408863e-04 -1.549060973883363817e-03 5.477385191788101656e-04
-5.759982499936967338e-04 0.000000000000000000e+00 -1.841957655552306256e-04 1.786373929038500435e-04 5.173665670356982686e-05 3.217329164455507698e-04 -4.541579678391194580e-04 2.789936043231220925e-04 -3.062747201650159890e-04 -2.106358155305307055e-05 -2.611923488613926165e-04 -1.667873273137987055e-04
1.508568320181010835e-04 -1.841957655552306256e-04 0.000000000000000000e+00 9.541047778544045838e-04 1.182442864019125499e-04 -3.972974826957900371e-04 -2.729240443482430865e-04 3.651495243423984356e-04 1.668521944667891084e-05 -1.276157511234693074e-04 1.358656745705288937e-03 -1.504214645498548440e-05
-9.152227269976259856e-04 1.786373929038500435e-04 9.541047778544045838e-04 0.000000000000000000e+00 1.255717304589488558e-03 -3.913906208007730434e-06 -8.087491682155204973e-04 5.742381001280023791e-04 3.948671235355406014e-04 5.256298710321987387e-04 8.468031842193852196e-04 -2.507707468133406467e-04
-5.622333046837248464e-04 5.173665670356982686e-05 1.182442864019125499e-04 1.255717304589488558e-03 0.000000000000000000e+00 -6.880236440043976432e-05 -3.075158476159045606e-04 -6.449816287730400196e-04 -5.991959544255233807e-04 6.852468337762049029e-04 -7.536412421040650841e-04 -2.304579174016755608e-03
3.019311660489174204e-04 3.217329164455507698e-04 -3.972974826957900371e-04 -3.913906208007730434e-06 -6.880236440043976432e-05 0.000000000000000000e+00 -4.517848225505316441e-04 -5.839642918072734891e-05 -3.685486660371747490e-04 1.126102684559727779e-04 -4.139896395687248814e-04 7.456860241500146320e-04
-1.499124799683943855e-04 -4.541579678391194580e-04 -2.729240443482430865e-04 -8.087491682155204973e-04 -3.075158476159045606e-04 -4.517848225505316441e-04 0.000000000000000000e+00 -2.827762690903088370e-04 -3.747578851487639944e-04 2.345244222244547870e-04 1.001800805576541411e-03 4.084111292737258015e-04
1.205720767985867469e-04 2.789936043231220925e-04 3.651495243423984356e-04 5.742381001280023791e-04 -6.449816287730400196e-04 -5.839642918072734891e-05 -2.827762690903088370e-04 0.000000000000000000e+00 6.530221817099286080e-05 -1.325808731468391542e-04 -8.227900045760407196e-04 -5.390325895635516431e-06
4.172832642598983698e-04 -3.062747201650159890e-04 1.668521944667891084e-05 3.948671235355406014e-04 -5.991959544255233807e-04 -3.685486660371747490e-04 -3.747578851487639944e-04 6.530221817099286080e-05 0.000000000000000000e+00 -4.975191643458783553e-04 4.909980877160619300e-04 -4.517637655084029142e-04
4.021747277749408863e-04 -2.106358155305307055e-05 -1.276157511234693074e-04 5.256298710321987387e-04 6.852468337762049029e-04 1.126102684559727779e-04 2.345244222244547870e-04 -1.325808731468391542e-04 -4.975191643458783553e-04 0.000000000000000000e+00 -4.262969989105198920e-04 6.901463637379692036e-04
-1.549060973883363817e-03 -2.611923488613926165e-04 1.358656745705288937e-03 8.468031842193852196e-04 -7.536412421040650841e-04 -4.139896395687248814e-04 1.001800805576541411e-03 -8.227900045760407196e-04 4.909980877160619300e-04 -4.262969989105198920e-04 0.000000000000000000e+00 3.362372388422166149e-03
5.477385191788101656e-04 -1.667873273137987055e-04 -1.504214645498548440e-05 -2.507707468133406467e-04 -2.304579174016755608e-03 7.456860241500146320e-04 4.084111292737258015e-04 -5.390325895635516431e-06 -4.517637655084029142e-04 6.901463637379692036e-04 3.362372388422166149e-03 0.000000000000000000e+00
