0.000000000000000000e+00 -9.089038237108469761e-05 -3.988394043763768466e-04 6.498656391311735626e-04 -4.160413610480159438e-04 2.546535320284353887e-04 -8.290947061333774385e-05 2.418906396344101925e-04 -2.593187080279168064e-05 -5.149261540498726534e-04 -4.103776233520243675e-04 -5.523973214918794948e-04
-9.089038237108469761e-05 0.000000000000000000e+00 -3.480823948641460926e-04 -1.842512996808620706e-04 4.931728692373534831e-04 -4.761941943022754832e-04 -5.297238961934190192e-04 3.712564774218107279e-04 -2.936666675849013033e-04 3.302978846761371015e-04 2.367240529023459752e-04 -7.230414470755464019e-04
-3.988394043763768466e-04 -3.480823948641460926e-04 0.000000000000000000e+00 2.714688546588418772e-04 5.104755558004167929e-04 7.317839733974492431e-05 -2.385140585949858786e-04 -1.035580389453933216e-03 -4.514067207693958357e-04 2.970774019177623384e-04 -1.121123416972987950e-03 1.807415776325690298e-03
6.498656391311735626e-04 -1.842512996808620706e-04 2.714688546588418772e-04 0.000000000000000000e+00 -1.479537163014985144e-03 -3.764429858152286011e-04 2.124286992522778181e-04 1.095510695394450200e-03 -4.435707927502987929e-04 7.027732624923614668e-04 -3.254045741801213452e-03 -3.114662908700241602e-03
-4.160413610480159438e-04 4.931728692373534831e-04 5.104755558004167929e-04 -1.479537163014985144e-03 0.000000000000000000e+00 4.850590652526010982e-04 1.168816777881545674e-03 6.690502260355438244e-04 -7.277430139488123622e-04 -2.198756810062491322e-04 2.169994595192727312e-03 1.513857487800016272e-03
2.546535320284353887e-04 -4.761941943022754832e-04 7.317839733974492431e-05 -3.764429858152286011e-04 4.850590652526010982e-04 0.000000000000000000e+00 1.444392542171635458e-04 2.732291016888491230e-04 5.853354191986384538e-04 1.748245066383273386e-04 -7.704508799492562534e-04 1.191735459213589735e-04
-8.290947061333774385e-05 -5.297238961934190192e-04 -2.385140585949858786e-04 2.124286992522778181e-04 1.168816777881545674e-03 1.444392542171635458e-04 0.000000000000000000e+00 -2.567683445673996155e-04 6.278656602731602773e-04 -2.399524665603560596e-04 -1.889184129925653051e-03 -1.226015362338296307e-03
2.418906396344101925e-04 3.712564774218107279e-04 -1.035580389453933216e-03 1.095510695394450200e-03 6.690502260355438244e-04 2.732291016888491230e-04 -2.567683445673996155e-04 0.000000000000000000e+00 -1.092720888905837569e-04 3.622379084605052897e-04 8.299448362556410093e-04 1.227904883893868402e-03
-2.593187080279168064e-05 -2.936666675849013033e-04 -4.514067207693958357e-04 -4.435707927502987929e-04 -7.277430139488123622e-04 5.853354191986384538e-04 6.278656602731602773e-04 -1.092720888905837569e-04 0.000000000000000000e+00 -2.258688024964944406e-04 5.730927959129536887e-04 -1.119184456592344726e-03
-5.149261540498726534e-04 3.302978846761371015e-04 2.970774019177623384e-04 7.027732624923614668e-04 -2.198756810062491322e-04 1.748245066383273386e-04 -2.399524665603560596e-04 3.622379084605052897e-04 -2.258688024964944406e-04 0.000000000000000000e+00 2.261887328459996746e-05 -1.004727599430925867e-03
-4.103776233520243675e-04 2.367240529023459752e-04 -1.121123416972987950e-03 -3.254045741801213452e-03 2.169994595192727312e-03 -7.704508799492562534e-04 -1.889184129925653051e-03 8.299448362556410093e-04 5.730927959129536887e-04 2.261887328459996746e-05 0.000000000000000000e+00 2.553719997018962049e-03
-5.523973214918794948e-04 -7.230414470755464019e-04 1.807415776325690298e-03 -3.114662908700241602e-03 1.513857487800016272e-03 1.191735459213589735e-04 -1.226015362338296307e-03 1.227904883893868402e-03 -1.119184456592344726e-03 -1.004727599430925867e-03 2.553719997018962049e-03 0.000000000000000000e+00
