0.000000000000000000e+00 2.561059547426581574e-04 1.097598085579118638e-03 5.336471849986277943e-04 5.509889851256389182e-04 -5.374850550912315793e-04 7.863455525939299588e-04 7.088148164947288366e-05 3.931759731599778699e-05 -2.407105824130958234e-04 -1.802269056543170760e-04 9.180761698016526480e-04
2.561059547426581574e-04 0.000000000000000000e+00 -6.394138934250574854e-04 -7.234704092322465432e-04 8.216131242746995897e-04 5.837619378607964262e-04 4.304379267841743463e-04 1.767153887385154493e-04 -1.685082729604537395e-04 -2.452679574190522638e-04 -1.291403321105894907e-03 5.505574224282182945e-04
1.097598085579118638e-03 -6.394138934250574854e-04 0.000000000000000000e+00 3.537036577251993080e-04 2.982384694229526980e-04 1.922291285579583314e-05 8.241414581606224194e-04 5.394468030687649823e-04 6.400984828296031723e-05 6.418039755022707119e-05 2.313092141989090886e-04 7.115905538742613515e-04
5.336471849986277943e-04 -7.234704092322465432e-04 3.537036577251993080e-04 0.000000000000000000e+00 -2.433951039469676395e-03 -3.767110633940907094e-04 2.613414498531454609e-04 1.338033139294805482e-04 -9.300017272987747691e-04 3.653970841473170558e-05 1.890087353935970089e-03 9.383704364459912210e-04
5.509889851256389182e-04 8.216131242746995897e-04 2.982384694229526980e-04 -2.433951039469676395e-03 0.000000000000000000e+00 -3.600702040980410259e-04 7.146929072904472605e-04 -1.940048205187197626e-04 -6.190008443789778462e-04 -5.153925435107316886e-04 -1.260248755266336722e-03 6.705147688502331380e-04
-5.374850550912315793e-04 5.837619378607964262e-04 1.922291285579583314e-05 -3.767110633940907094e-04 -3.600702040980410259e-04 0.000000000000000000e+00 4.716457813991670796e-04 6.455566840078975606e-04 -4.336868120174196890e-05 1.228109521255341477e-04 -9.493925692818188083e-04 4.749303408399354665e-04
7.863455525939299588e-04 4.304379267841743463e-04 8.241414581606224194e-04 2.613414498531454609e-04 7.146929072904472605e-04 4.716457813991670796e-04 0.000000000000000000e+00 -3.223323340499519691e-04 4.560955768347830673e-04 -4.710238451680860087e-04 -1.418174242949284299e-03 -1.768406983772172376e-03
7.088148164947288366e-05 1.767153887385154493e-04 5.394468030687649823e-04 1.338033139294805482e-04 -1.940048205187197626e-04 6.455566840078975606e-04 -3.223323340499519691e-04 0.000000000000000000e+00 2.825216071102322458e-04 1.727495029647098477e-04 1.203709602803803040e-03 4.682977194957607192e-04
3.931759731599778699e-05 -1.685082729604537395e-04 6.400984828296031723e-05 -9.300017272987747691e-04 -6.190008443789778462e-04 -4.336868120174196890e-05 4.560955768347830673e-04 2.825216071102322458e-04 0.000000000000000000e+00 1.671835688633876039e-04 -3.655906333230810136e-06 1.005549441981057118e-03
-2.407105824130958234e-04 -2.452679574190522638e-04 6.418039755022707119e-05 3.653970841473170558e-05 -5.153925435107316886e-04 1.228109521255341477e-04 -4.710238451680860087e-04 1.727495029647098477e-04 1.671835688633876039e-04 0.000000000000000000e+00 -8.073845989210969281e-04 6.847126254249005350e-04
-1.802269056543170760e-04 -1.291403321105894907e-03 2.313092141989090886e-04 1.890087353935970089e-03 -1.260248755266336722e-03 -9.493925692818188083e-04 -1.418174242949284299e-03 1.203709602803803040e-03 -3.655906333230810136e-06 -8.073845989210969281e-04 0.000000000000000000e+00 1.933426874551312903e-03
9.180761698016526480e-04 5.505574224282182945e-04 7.115905538742613515e-04 9.383704364459912210e-04 6.705147688502331380e-04 4.749303408399354665e-04 -1.768406983772172376e-03 4.682977194957607192e-04 1.005549441981057118e-03 6.847126254249005350e-04 1.933426874551312903e-03 0.000000000000000000e+00
