0.000000000000000000e+00 5.545843310262546944e-05 -6.325496792771818574e-04 6.104057405725018225e-04 -1.454926361387637584e-04 -7.287900229366502938e-04 2.064111389876529157e-04 2.502073400515665070e-04 -9.015751525776043071e-07 2.038884673545795869e-05 1.860971746606637301e-04 4.303965590217652295e-04
5.545843310262546944e-05 0.000000000000000000e+00 -2.494740073482680509e-03 5.073939529679832243e-05 -8.673146924297833217e-04 -8.150326801449906062e-04 3.699160002741175616e-04 1.565422184731370733e-03 2.111848969137341224e-04 1.572546626184121344e-04 -1.268677982393928965e-03 -2.186727369816325855e-03
-6.325496792771818574e-04 -2.494740073482680509e-03 0.000000000000000000e+00 1.488834960279163339e-03 2.807733054104817605e-03 -3.804196359308931272e-04 -1.490531938264200726e-03 -1.904744131011163171e-03 -2.413539129465701533e-04 1.849302812591366470e-04 -2.283308113715456274e-03 -8.126372726315440279e-04
6.104057405725018225e-04 5.073939529679832243e-05 1.488834960279163339e-03 0.000000000000000000e+00 1.435143980392818548e-05 -9.478812502482323200e-04 -1.010589826830375322e-03 6.034403087111648223e-04 1.111865071285579267e-04 -3.842503861650533193e-04 6.717552306278456054e-04 -4.959276026587922928e-04
-1.454926361387637584e-04 -8.673146924297833217e-04 2.807733054104817605e-03 1.435143980392818548e-05 0.000000000000000000e+00 -4.424500096182742699e-04 7.830866174796598548e-04 1.787157503522877628e-03 2.566071411587284826e-04 1.376934279438797528e-04 -9.925658256104445340e-04 -1.876293160089050754e-03
-7.287900229366502938e-04 -8.150326801449906062e-04 -3.804196359308931272e-04 -9.478812502482323200e-04 -4.424500096182742699e-04 0.000000000000000000e+00 -4.536114111705962459e-04 8.137483392461016853e-04 -3.960197882460271025e-04 -2.741918958927233065e-04 1.931627346179716834e-04 -5.618141158804432602e-04
2.064111389876529157e-04 3.699160002741175616e-04 -1.490531938264200726e-03 -1.010589826830375322e-03 7.830866174796598548e-04 -4.536114111705962459e-04 0.000000000000000000e+00 -4.815472463609853527e-04 5.624710863329187216e-04 -2.198088116183751482e-04 -7.506621006829668772e-04 3.104195641993797447e-04
2.502073400515665070e-04 1.565422184731370733e-03 -1.904744131011163171e-03 6.034403087111648223e-04 1.787157503522877628e-03 8.137483392461016853e-04 -4.815472463609853527e-04 0.000000000000000000e+00 -4.161923973143487007e-04 -2.161062463815496370e-04 1.238754631001678756e-03 -1.982078324804760743e-03
-9.015751525776043071e-07 2.111848969137341224e-04 -2.413539129465701533e-04 1.111865071285579267e-04 2.566071411587284826e-04 -3.960197882460271025e-04 5.624710863329187216e-04 -4.161923973143487007e-04 0.000000000000000000e+00 -7.854925173150792222e-05 2.072391496965036051e-04 4.645045765986702008e-04
2.038884673545795869e-05 1.572546626184121344e-04 1.849302812591366470e-04 -3.842503861650533193e-04 1.376934279438797528e-04 -2.741918958927233065e-04 -2.198088116183751482e-04 -2.161062463815496370e-04 -7.854925173150792222e-05 0.000000000000000000e+00 -9.272791642514348917e-05 3.041095490272853301e-04
1.860971746606637301e-04 -1.268677982393928965e-03 -2.283308113715456274e-03 6.717552306278456054e-04 -9.925658256104445340e-04 1.931627346179716834e-04 -7.506621006829668772e-04 1.238754631001678756e-03 2.072391496965036051e-04 -9.272791642514348917e-05 0.000000000000000000e+00 5.915016778613764329e-04
4.303965590217652295e-04 -2.186727369816325855e-03 -8.126372726315440279e-04 -4.959276026587922928e-04 -1.876293160089050754e-03 -5.618141158804432602e-04 3.104195641993797447e-04 -1.982078324804760743e-03 4.645045765986702008e-04 3.041095490272853301e-04 5.915016778613764329e-04 0.000000000000000000e+00
