0.000000000000000000e+00 -1.041978206887926974e-03 3.300312749295796432e-04 2.067758044598634137e-04 -4.975998102055038605e-04 1.187949641669419116e-04 -6.655457799560790229e-04 -7.519387341857987003e-04 -6.021501536472826949e-04 -1.552591654106604414e-04 -8.456102441222582730e-05 -7.069135107536857502e-04
-1.041978206887926974e-03 0.000000000000000000e+00 3.699972605322538344e-03 -1.121163733003867780e-03 3.273710040025632970e-03 -2.057074313593956999e-04 -3.601269859358913064e-04 2.141321764356770435e-03 -3.032926876501486108e-04 4.524907943924555160e-04 -4.941658215917631245e-04 4.074609361524896803e-04
3.300312749295796432e-04 3.699972605322538344e-03 0.000000000000000000e+00 -4.935123250231158304e-04 -1.593935850945919948e-04 5.721677191532421099e-04 -1.768552642661465227e-04 -1.818889853225713789e-03 1.013156187915261993e-03 1.237761381088289380e-03 5.239987488845953070e-04 4.824874373426824990e-04
2.067758044598634137e-04 -1.121163733003867780e-03 -4.935123250231158304e-04 0.000000000000000000e+00 -2.985055524008497422e-04 -2.651744649829268019e-04 -4.181114539725814595e-04 9.718686844123256138e-04 6.600460709679837300e-04 3.007263026817821655e-04 1.248092170940229382e-04 -4.928565609023323512e-04
-4.975998102055038605e-04 3.273710040025632970e-03 -1.593935850945919948e-04 -2.985055524008497422e-04 0.000000000000000000e+00 1.004069819530770732e-03 -9.782171318318706992e-04 -1.324397827525188116e-05 1.059792749920235875e-04 -6.445360161096009817e-04 9.932022221151954808e-04 1.190451659801635993e-03
1.187949641669419116e-04 -2.057074313593956999e-04 5.721677191532421099e-04 -2.651744649829268019e-04 1.004069819530770732e-03 0.000000000000000000e+00 2.770306260049788745e-05 1.794387532794542198e-04 2.315398278062493636e-04 7.736200065292563933e-05 1.458296525275279854e-04 -6.030778124677545725e-04
-6.655457799560790229e-04 -3.601269859358913064e-04 -1.768552642661465227e-04 -4.181114539725814595e-04 -9.782171318318706992e-04 2.770306260049788745e-05 0.000000000000000000e+00 6.687238628229479369e-04 -3.687921734295860157e-04 -4.273083161799891007e-05 6.367349752083185238e-04 -5.514277352504726518e-04
-7.519387341857987003e-04 2.141321764356770435e-03 -1.818889853225713789e-03 9.718686844123256138e-04 -1.324397827525188116e-05 1.794387532794542198e-04 6.687238628229479369e-04 0.000000000000000000e+00 -2.063612964640702916e-04 -8.886805653718837317e-04 -3.132221599117665446e-05 1.205109688090103746e-04
-6.021501536472826949e-04 -3.032926876501486108e-04 1.013156187915261993e-03 6.600460709679837300e-04 1.059792749920235875e-04 2.315398278062493636e-04 -3.687921734295860157e-04 -2.063612964640702916e-04 0.000000000000000000e+00 -2.866410340597703397e-05 8.085806641602771090e-06 6.744643377962946783e-04
-1.552591654106604414e-04 4.524907943924555160e-04 1.237761381088289380e-03 3.007263026817821655e-04 -6.445360161096009817e-04 7.736200065292563933e-05 -4.273083161799891007e-05 -8.886805653718837317e-04 -2.866410340597703397e-05 0.000000000000000000e+00 -4.027732538368505063e-04 3.079818088138663911e-04
-8.456102441222582730e-05 -4.941658215917631245e-04 5.239987488845953070e-04 1.248092170940229382e-04 9.932022221151954808e-04 1.458296525275279854e-04 6.367349752083185238e-04 -3.132221599117665446e-05 8.085806641602771090e-06 -4.027732538368505063e-04 0.000000000000000000e+00 1.152868311249438584e-03
-7.069135107536857502e-04 4.074609361524896803e-04 4.824874373426824990e-04 -4.928565609023323512e-04 1.190451659801635993e-03 -6.030778124677545725e-04 -5.514277352504726518e-04 1.205109688090103746e-04 6.744643377962946783e-04 3.079818088138663911e-04 1.152868311249438584e-03 0.000000000000000000e+00
