0.000000000000000000e+00 -2.930369009627943242e-04 7.593437659229262352e-05 2.722207534373780177e-04 4.105313304380515992e-04 -9.796946588444107522e-05 -8.176782505626297944e-05 4.618908637321469599e-04 3.918142110264533778e-05 -8.935419057927673726e-05 3.595009831575864947e-04 -2.138915275683149101e-05
-2.930369009627943242e-04 0.000000000000000000e+00 -2.459088505593383465e-03 1.954642624559885505e-03 -1.788934769443468195e-03 -2.534957471203252532e-04 -1.368159915892582131e-03 -4.652757751976808066e-04 8.898510747631063929e-04 4.593569455809185897e-04 -2.977766676474247350e-04 4.068445213494129237e-04
7.593437659229262352e-05 -2.459088505593383465e-03 0.000000000000000000e+00 -1.126775941524779364e-03 2.157016840652508424e-03 6.225229145082474772e-04 -9.576641393443899742e-04 -1.227480843303151896e-03 1.475022298956089580e-03 -4.926815936198576098e-04 3.112882822414483712e-04 -1.063897413160009306e-03
2.722207534373780177e-04 1.954642624559885505e-03 -1.126775941524779364e-03 0.000000000000000000e+00 1.936956876013419451e-03 -3.686713966696437408e-04 -5.434191451901212739e-04 -2.216249466725300332e-03 -7.066752031884964433e-04 -5.126815900820692190e-04 -1.168739888283255130e-04 -1.261418376466616606e-03
4.105313304380515992e-04 -1.788934769443468195e-03 2.157016840652508424e-03 1.936956876013419451e-03 0.000000000000000000e+00 -6.895131578739770173e-04 8.545836102810429455e-04 -1.865711114418122044e-03 -1.049619542616063797e-04 -4.077515610450700820e-04 -1.675212095296156199e-04 1.817533357616340269e-03
-9.796946588444107522e-05 -2.534957471203252532e-04 6.225229145082474772e-04 -3.686713966696437408e-04 -6.895131578739770173e-04 0.000000000000000000e+00 6.733886471974979569e-05 -5.534917404378432307e-04 -3.417956716753580630e-04 -2.460151692007867181e-04 -7.338916837282704502e-05 6.526919343728444800e-05
-8.176782505626297944e-05 -1.368159915892582131e-03 -9.576641393443899742e-04 -5.434191451901212739e-04 8.545836102810429455e-04 6.733886471974979569e-05 0.000000000000000000e+00 4.099816952034650709e-04 -6.299651763557562959e-04 -4.200303628135245598e-04 3.648454605784376740e-04 3.543160934076000418e-04
4.618908637321469599e-04 -4.652757751976808066e-04 -1.227480843303151896e-03 -2.216249466725300332e-03 -1.865711114418122044e-03 -5.534917404378432307e-04 4.099816952034650709e-04 0.000000000000000000e+00 3.683327969014651960e-04 4.801413406650764529e-04 5.936440687913832311e-04 -7.174158783502872531e-04
3.918142110264533778e-05 8.898510747631063929e-04 1.475022298956089580e-03 -7.066752031884964433e-04 -1.049619542616063797e-04 -3.417956716753580630e-04 -6.299651763557562959e-04 3.683327969014651960e-04 0.000000000000000000e+00 -4.842765098327060105e-05 6.325056414741950543e-04 4.619297688449197788e-04
-8.935419057927673726e-05 4.593569455809185897e-04 -4.926815936198576098e-04 -5.126815900820692190e-04 -4.077515610450700820e-04 -2.460151692007867181e-04 -4.200303628135245598e-04 4.801413406650764529e-04 -4.842765098327060105e-05 0.000000000000000000e+00 -5.117039391436941980e-04 1.388147855664323416e-04
3.595009831575864947e-04 -2.977766676474247350e-04 3.112882822414483712e-04 -1.168739888283255130e-04 -1.675212095296156199e-04 -7.338916837282704502e-05 3.648454605784376740e-04 5.936440687913832311e-04 6.325056414741950543e-04 -5.117039391436941980e-04 0.000000000000000000e+00 -5.018481032417248990e-04
-2.138915275683149101e-05 4.068445213494129237e-04 -1.063897413160009306e-03 -1.261418376466616606e-03 1.817533357616340269e-03 6.526919343728444800e-05 3.543160934076000418e-04 -7.174158783502872531e-04 4.619297688449197788e-04 1.388147855664323416e-04 -5.018481032417248990e-04 0.000000000000000000e+00
