0.000000000000000000e+00 2.857991120966875967e-05 1.154479134956281207e-04 2.738021614577335408e-04 -1.379723151954135652e-04 4.132118120074874793e-04 2.125840995489034998e-04 -1.241521375609667543e-04 4.553258746550902934e-04 2.355219194840964844e-04 -3.134521550675203004e-05 -2.595620732669371333e-04
2.857991120966875967e-05 0.000000000000000000e+00 -4.463260040724138832e-04 -1.734173550622234751e-03 1.117287902447871434e-03 6.475425468103271354e-04 9.354288958129887595e-04 -8.027938158053683510e-04 1.991335547918615049e-04 4.586589035939785835e-04 6.296906692872638722e-04 6.743502129289805384e-04
1.154479134956281207e-04 -4.463260040724138832e-04 0.000000000000000000e+00 -1.368032784491584686e-03 -2.193682166672415203e-03 1.185882985144408623e-03 -4.672044035718119631e-04 5.684226280467604992e-04 -2.301888830879738528e-04 1.719300981679157067e-04 -1.270790187655316573e-03 2.275258387457161895e-03
2.738021614577335408e-04 -1.734173550622234751e-03 -1.368032784491584686e-03 0.000000000000000000e+00 -8.394902093144680213e-04 6.941609380535101754e-04 -1.617160100782322565e-04 -1.619378827564568399e-03 -1.318809198892428674e-04 -4.445922099078064701e-04 -8.668025686538738937e-05 -1.213944052511965700e-03
-1.379723151954135652e-04 1.117287902447871434e-03 -2.193682166672415203e-03 -8.394902093144680213e-04 0.000000000000000000e+00 -2.844989773493790527e-04 -1.028876693462018243e-03 -1.992312393068273665e-03 8.470030920907929261e-04 -2.170557781751964420e-04 -3.488098241301615756e-04 -1.012206568496051319e-03
4.132118120074874793e-04 6.475425468103271354e-04 1.185882985144408623e-03 6.941609380535101754e-04 -2.844989773493790527e-04 0.000000000000000000e+00 -1.606013831164251025e-04 6.504113059684215421e-04 -6.477974636256396748e-05 3.935726247473982564e-04 -4.420534280070863471e-04 5.432172203368945901e-04
2.125840995489034998e-04 9.354288958129887595e-04 -4.672044035718119631e-04 -1.617160100782322565e-04 -1.028876693462018243e-03 -1.606013831164251025e-04 0.000000000000000000e+00 -8.868920386724184765e-04 -4.443527880886827090e-04 -1.791746230746650125e-04 8.153202654962932107e-05 1.858842580839915534e-04
-1.241521375609667543e-04 -8.027938158053683510e-04 5.684226280467604992e-04 -1.619378827564568399e-03 -1.992312393068273665e-03 6.504113059684215421e-04 -8.868920386724184765e-04 0.000000000000000000e+00 -3.427090400125833766e-04 3.622661358783342772e-04 -7.561196950223204905e-06 -1.302619471424863859e-03
4.553258746550902934e-04 1.991335547918615049e-04 -2.301888830879738528e-04 -1.318809198892428674e-04 8.470030920907929261e-04 -6.477974636256396748e-05 -4.443527880886827090e-04 -3.427090400125833766e-04 0.000000000000000000e+00 -1.424573695830172340e-04 3.812708327457567511e-04 1.165434637578857463e-03
2.355219194840964844e-04 4.586589035939785835e-04 1.719300981679157067e-04 -4.445922099078064701e-04 -2.170557781751964420e-04 3.935726247473982564e-04 -1.791746230746650125e-04 3.622661358783342772e-04 -1.424573695830172340e-04 0.000000000000000000e+00 -3.771514635436744680e-04 -4.795376315852701264e-04
-3.134521550675203004e-05 6.296906692872638722e-04 -1.270790187655316573e-03 -8.668025686538738937e-05 -3.488098241301615756e-04 -4.420534280070863471e-04 8.153202654962932107e-05 -7.561196950223204905e-06 3.812708327457567511e-04 -3.771514635436744680e-04 0.000000000000000000e+00 4.677500291440423759e-05
-2.595620732669371333e-04 6.743502129289805384e-04 2.275258387457161895e-03 -1.213944052511965700e-03 -1.012206568496051319e-03 5.432172203368945901e-04 1.858842580839915534e-04 -1.302619471424863859e-03 1.165434637578857463e-03 -4.795376315852701264e-04 4.677500291440423759e-05 0.000000000000000000e+00
