0.000000000000000000e+00 -2.013969478994142150e-04 -6.320086475679735118e-04 3.601481254489993957e-05 -3.222130688826275611e-05 4.540913209854412430e-04 -6.676165119997763426e-04 -2.436611102423789704e-04 1.227208941339425765e-04 6.888605023534623371e-04 3.411880927703998421e-04 5.016738234917395402e-04
-2.013969478994142150e-04 0.000000000000000000e+00 -7.745430693401827256e-04 -6.576637207578655631e-04 -5.824656953179210795e-04 -1.447804177126920354e-03 -7.389760300287160797e-04 -3.135700107001513498e-03 1.663331122242535799e-04 3.059026955108829979e-03 7.279987815819725277e-04 -5.996235498579613292e-04
-6.320086475679735118e-04 -7.745430693401827256e-04 0.000000000000000000e+00 -7.837321326181786833e-04 6.961752840476500333e-04 -1.003007694150494233e-03 -4.122205643470448246e-04 3.311315910608453230e-03 5.292343468226099737e-04 6.372027365071948743e-04 -1.424979455189650992e-03 1.638078568365513785e-03
3.601481254489993957e-05 -6.576637207578655631e-04 -7.837321326181786833e-04 0.000000000000000000e+00 -4.809885527864688447e-04 -1.147085143547175610e-03 2.155882623639037788e-04 1.178078392429779582e-03 -9.363783386563027066e-05 -7.053986490428576376e-04 1.041581516128610202e-04 -2.157359182660809787e-04
-3.222130688826275611e-05 -5.824656953179210795e-04 6.961752840476500333e-04 -4.809885527864688447e-04 0.000000000000000000e+00 3.529268320996286636e-04 1.522666465374358888e-04 8.041980173947334406e-04 1.034639303163743064e-04 5.138586205358787294e-05 5.119687224774581913e-04 -3.614119868089825231e-04
4.540913209854412430e-04 -1.447804177126920354e-03 -1.003007694150494233e-03 -1.147085143547175610e-03 3.529268320996286636e-04 0.000000000000000000e+00 -6.520437912561146028e-04 -1.840523031707041015e-03 -4.117105011662760953e-04 -1.052955298168022991e-03 -6.850763093107787704e-04 4.327028462393824743e-04
-6.676165119997763426e-04 -7.389760300287160797e-04 -4.122205643470448246e-04 2.155882623639037788e-04 1.522666465374358888e-04 -6.520437912561146028e-04 0.000000000000000000e+00 -4.670419339461805543e-04 -3.224815941313488734e-05 -1.883171556881419557e-03 7.473357663189060225e-04 6.065186275502678368e-04
-2.436611102423789704e-04 -3.135700107001513498e-03 3.311315910608453230e-03 1.178078392429779582e-03 8.041980173947334406e-04 -1.840523031707041015e-03 -4.670419339461805543e-04 0.000000000000000000e+00 -1.790673380447466666e-04 2.044910957433082078e-03 6.486687035921792329e-04 1.911000156002816560e-04
1.227208941339425765e-04 1.663331122242535799e-04 5.292343468226099737e-04 -9.363783386563027066e-05 1.034639303163743064e-04 -4.117105011662760953e-04 -3.224815941313488734e-05 -1.790673380447466666e-04 0.000000000000000000e+00 -1.041045363327587625e-03 2.567380159302641682e-04 5.266535898417828120e-04
6.888605023534623371e-04 3.059026955108829979e-03 6.372027365071948743e-04 -7.053986490428576376e-04 5.138586205358787294e-05 -1.052955298168022991e-03 -1.883171556881419557e-03 2.044910957433082078e-03 -1.041045363327587625e-03 0.000000000000000000e+00 1.100143296999541755e-03 -1.127053680318990499e-04
3.411880927703998421e-04 7.279987815819725277e-04 -1.424979455189650992e-03 1.041581516128610202e-04 5.119687224774581913e-04 -6.850763093107787704e-04 7.473357663189060225e-04 6.486687035921792329e-04 2.567380159302641682e-04 1.100143296999541755e-03 0.000000000000000000e+00 2.554785085790582167e-04
5.016738234917395402e-04 -5.996235498579613292e-04 1.638078568365513785e-03 -2.157359182660809787e-04 -3.614119868089825231e-04 4.327028462393824743e-04 6.065186275502678368e-04 1.911000156002816560e-04 5.266535898417828120e-04 -1.127053680318990499e-04 2.554785085790582167e-04 0.000000000000000000e+00
