0.000000000000000000e+00 -4.036306135536081303e-04 4.491900816199924764e-04 -3.680261422048353940e-04 8.448954868455044154e-05 1.145786983515693620e-04 4.085746283762691313e-05 -5.783198157400081928e-04 3.026639605705288248e-04 -2.758429437300630562e-04 -3.415455630423889816e-04 1.223372110413832126e-04
-4.036306135536081303e-04 0.000000000000000000e+00 4.881053572052174074e-04 -3.134882875806532516e-04 -5.719664665011786478e-04 1.025221391772072454e-03 -1.049189217421344234e-03 -8.732607022023965420e-04 5.511773339319319363e-04 4.950356087155916105e-05 7.994294745737649897e-04 7.286248252392923562e-04
4.491900816199924764e-04 4.881053572052174074e-04 0.000000000000000000e+00 -8.402877689322365683e-04 2.570951585726085394e-04 1.063431386519297786e-03 -8.684826963459896156e-04 9.822353605794934862e-04 -1.057701710814158702e-03 9.637880435225829262e-04 -3.014072437686566371e-04 3.727779668340853113e-04
-3.680261422048353940e-04 -3.134882875806532516e-04 -8.402877689322365683e-04 0.000000000000000000e+00 7.448992809757856454e-05 -5.097675060771912213e-05 6.689129435556324119e-04 1.569722432551881152e-04 4.147550043068241258e-05 -1.107778528730427297e-03 -5.297208123954628625e-05 6.049201733633442985e-04
8.448954868455044154e-05 -5.719664665011786478e-04 2.570951585726085394e-04 7.448992809757856454e-05 0.000000000000000000e+00 -5.068691221330720630e-04 -3.536608071646741821e-04 6.635221342709274328e-04 2.796189797076569384e-04 1.392213921722935824e-03 -1.459755221513822556e-04 6.168840784338278712e-05
1.145786983515693620e-04 1.025221391772072454e-03 1.063431386519297786e-03 -5.097675060771912213e-05 -5.068691221330720630e-04 0.000000000000000000e+00 1.260564847724512591e-03 6.496353220556731149e-04 5.830865787923949329e-05 1.177951168076846276e-03 2.032985880440433136e-04 4.773628014732551146e-04
4.085746283762691313e-05 -1.049189217421344234e-03 -8.684826963459896156e-04 6.689129435556324119e-04 -3.536608071646741821e-04 1.260564847724512591e-03 0.000000000000000000e+00 -5.491329159915131356e-04 -7.867355697705359771e-04 1.159753328050028027e-03 -1.071152269173889795e-04 -3.752461599794927930e-04
-5.783198157400081928e-04 -8.732607022023965420e-04 9.822353605794934862e-04 1.569722432551881152e-04 6.635221342709274328e-04 6.496353220556731149e-04 -5.491329159915131356e-04 0.000000000000000000e+00 5.335114515630668547e-04 1.884840901329748507e-03 -5.028713218363535780e-04 6.255178529588837754e-04
3.026639605705288248e-04 5.511773339319319363e-04 -1.057701710814158702e-03 4.147550043068241258e-05 2.796189797076569384e-04 5.830865787923949329e-05 -7.867355697705359771e-04 5.335114515630668547e-04 0.000000000000000000e+00 -3.141651737344319361e-04 -3.029569067974673059e-04 1.987552470682609005e-04
-2.758429437300630562e-04 4.950356087155916105e-05 9.637880435225829262e-04 -1.107778528730427297e-03 1.392213921722935824e-03 1.177951168076846276e-03 1.159753328050028027e-03 1.884840901329748507e-03 -3.141651737344319361e-04 0.000000000000000000e+00 5.119110963561608824e-04 -1.709946650952848864e-03
-3.415455630423889816e-04 7.994294745737649897e-04 -3.014072437686566371e-04 -5.297208123954628625e-05 -1.459755221513822556e-04 2.032985880440433136e-04 -1.071152269173889795e-04 -5.028713218363535780e-04 -3.029569067974673059e-04 5.119110963561608824e-04 0.000000000000000000e+00 3.264846870473275451e-04
1.223372110413832126e-04 7.286248252392923562e-04 3.727779668340853113e-04 6.049201733633442985e-04 6.168840784338278712e-05 4.773628014732551146e-04 -3.752461599794927930e-04 6.255178529588837754e-04 1.987552470682609005e-04 -1.709946650952848864e-03 3.264846870473275451e-04 0.000000000000000000e+00
