0.000000000000000000e+00 -1.867082616506919731e-04 -2.621672263394998759e-04 -1.212748979592580755e-04 3.792796208436217910e-04 4.335562388359827640e-04 4.331705433493403213e-04 -1.576785134456174542e-05 6.434038800719536733e-05 1.610221260219783931e-04 3.674470693974407230e-04 1.374680241538041390e-04
-1.867082616506919731e-04 0.000000000000000000e+00 -8.058625893406063355e-04 -1.246409659635440209e-03 -4.701597317353597462e-04 -5.588795834236217784e-04 1.001264338250563166e-03 8.181239025919677735e-04 3.717165336710558365e-05 1.634322217419251341e-03 -2.235329305900267502e-04 -8.986113435997268020e-04
-2.621672263394998759e-04 -8.058625893406063355e-04 0.000000000000000000e+00 7.907786098788416665e-04 -7.328908751040549060e-04 -7.751365140619996194e-04 1.786225281879863644e-03 -1.155871030387245393e-03 9.353022170908207407e-04 -3.490050564671513182e-04 3.137829569937898491e-04 1.252306124320760406e-03
-1.212748979592580755e-04 -1.246409659635440209e-03 7.907786098788416665e-04 0.000000000000000000e+00 -3.306282282296255396e-04 -3.480769466073742519e-04 4.868638208721331562e-04 1.694161827183661862e-04 -2.475104613128777022e-04 -5.870503406160187737e-04 2.654209792455658099e-04 6.253734317198559407e-05
3.792796208436217910e-04 -4.701597317353597462e-04 -7.328908751040549060e-04 -3.306282282296255396e-04 0.000000000000000000e+00 1.775875510544818229e-05 1.302463156795299632e-03 -6.555401768280131984e-04 1.893278192698497813e-04 -1.303653916200734903e-04 -6.809218097089649382e-04 2.492757502469161344e-05
4.335562388359827640e-04 -5.588795834236217784e-04 -7.751365140619996194e-04 -3.480769466073742519e-04 1.775875510544818229e-05 0.000000000000000000e+00 -7.022924095663457674e-04 3.167991133084116853e-04 3.531948213101224307e-04 1.180714100310631572e-03 6.214966765501579108e-05 2.413666186711348226e-04
4.331705433493403213e-04 1.001264338250563166e-03 1.786225281879863644e-03 4.868638208721331562e-04 1.302463156795299632e-03 -7.022924095663457674e-04 0.000000000000000000e+00 1.799129716143543127e-03 -4.617548337637490522e-04 1.116301878177882291e-03 1.713622911141485109e-04 4.741757735042030370e-04
-1.576785134456174542e-05 8.181239025919677735e-04 -1.155871030387245393e-03 1.694161827183661862e-04 -6.555401768280131984e-04 3.167991133084116853e-04 1.799129716143543127e-03 0.000000000000000000e+00 3.493380537117704186e-04 2.638179330527316499e-03 -4.187983563958881813e-04 2.907531225785861561e-04
6.434038800719536733e-05 3.717165336710558365e-05 9.353022170908207407e-04 -2.475104613128777022e-04 1.893278192698497813e-04 3.531948213101224307e-04 -4.617548337637490522e-04 3.493380537117704186e-04 0.000000000000000000e+00 7.555480352044726755e-04 1.655443442599547168e-04 9.006134231155617708e-04
1.610221260219783931e-04 1.634322217419251341e-03 -3.490050564671513182e-04 -5.870503406160187737e-04 -1.303653916200734903e-04 1.180714100310631572e-03 1.116301878177882291e-03 2.638179330527316499e-03 7.555480352044726755e-04 0.000000000000000000e+00 -1.210000748165225007e-03 -5.305705672569493775e-04
3.674470693974407230e-04 -2.235329305900267502e-04 3.137829569937898491e-04 2.654209792455658099e-04 -6.809218097089649382e-04 6.214966765501579108e-05 1.713622911141485109e-04 -4.187983563958881813e-04 1.655443442599547168e-04 -1.210000748165225007e-03 0.000000000000000000e+00 7.299982002637094101e-05
1.374680241538041390e-04 -8.986113435997268020e-04 1.252306124320760406e-03 6.253734317198559407e-05 2.492757502469161344e-05 2.413666186711348226e-04 4.741757735042030370e-04 2.907531225785861561e-04 9.006134231155617708e-04 -5.305705672569493775e-04 7.299982002637094101e-05 0.000000000000000000e+00
