0.000000000000000000e+00 -7.441443920466530313e-04 3.089572418189997778e-04 -1.099331441996128684e-04 -1.909271030003948581e-04 -2.316097024315917857e-04 4.298829314407583190e-04 4.342712206056362602e-04 -1.826056848401301253e-04 -1.898186161955667576e-04 1.216492366839083667e-04 8.678201864651831333e-05
-7.441443920466530313e-04 0.000000000000000000e+00 2.010179672218166127e-04 -5.429121645116443198e-04 9.944414945438613627e-04 -2.119909942066752130e-05 2.176484845397309246e-03 -6.329596015543466955e-04 7.264859378090813896e-04 3.436411344820026808e-04 3.771291708688640615e-04 -6.685809047854366759e-04
3.089572418189997778e-04 2.010179672218166127e-04 0.000000000000000000e+00 3.596969238087033153e-04 7.975781896401493544e-04 -1.477320044011755243e-03 1.982656011255223491e-03 9.168829978809495780e-04 -8.730655631028375963e-04 3.556227396106407569e-03 -8.453050647429927308e-05 -5.248897854573898389e-04
-1.099331441996128684e-04 -5.429121645116443198e-04 3.596969238087033153e-04 0.000000000000000000e+00 1.313608859051282438e-04 1.308587735700207839e-04 -3.596853732810699499e-04 1.015231478435792676e-04 -3.350534759545957552e-05 5.188751123855960364e-05 -4.368533578385486822e-04 -3.557798305049999729e-04
-1.909271030003948581e-04 9.944414945438613627e-04 7.975781896401493544e-04 1.313608859051282438e-04 0.000000000000000000e+00 7.517885405168121414e-05 -1.106784089158205429e-04 1.413180394726423197e-03 -3.596695387008196445e-04 -9.317269988979808406e-04 2.140349893389453936e-04 3.991078222359232815e-04
-2.316097024315917857e-04 -2.119909942066752130e-05 -1.477320044011755243e-03 1.308587735700207839e-04 7.517885405168121414e-05 0.000000000000000000e+00 -7.348697412636746558e-04 7.415606400716309460e-04 -3.491169719480967772e-04 -1.281595103712963087e-03 2.721236357280540038e-04 -2.727653556292489309e-04
4.298829314407583190e-04 2.176484845397309246e-03 1.982656011255223491e-03 -3.596853732810699499e-04 -1.106784089158205429e-04 -7.348697412636746558e-04 0.000000000000000000e+00 1.529488829899128439e-03 -2.807151407220768525e-04 8.878980357587787798e-04 -1.183169867722371198e-04 -6.754833159503173924e-04
4.342712206056362602e-04 -6.329596015543466955e-04 9.168829978809495780e-04 1.015231478435792676e-04 1.413180394726423197e-03 7.415606400716309460e-04 1.529488829899128439e-03 0.000000000000000000e+00 -1.273808085313988918e-03 -1.736071076629819841e-04 -1.018709855046515776e-05 7.810281388071853813e-04
-1.826056848401301253e-04 7.264859378090813896e-04 -8.730655631028375963e-04 -3.350534759545957552e-05 -3.596695387008196445e-04 -3.491169719480967772e-04 -2.807151407220768525e-04 -1.273808085313988918e-03 0.000000000000000000e+00 -2.520458025362755025e-04 -3.370059610556616235e-04 3.678691602327870515e-04
-1.898186161955667576e-04 3.436411344820026808e-04 3.556227396106407569e-03 5.188751123855960364e-05 -9.317269988979808406e-04 -1.281595103712963087e-03 8.878980357587787798e-04 -1.736071076629819841e-04 -2.520458025362755025e-04 0.000000000000000000e+00 -7.491133441970238916e-04 -2.104060554954013289e-04
1.216492366839083667e-04 3.771291708688640615e-04 -8.453050647429927308e-05 -4.368533578385486822e-04 2.140349893389453936e-04 2.721236357280540038e-04 -1.183169867722371198e-04 -1.018709855046515776e-05 -3.370059610556616235e-04 -7.491133441970238916e-04 0.000000000000000000e+00 -5.477411856257039620e-04
8.678201864651831333e-05 -6.685809047854366759e-04 -5.248897854573898389e-04 -3.557798305049999729e-04 3.991078222359232815e-04 -2.727653556292489309e-04 -6.754833159503173924e-04 7.810281388071853813e-04 3.678691602327870515e-04 -2.104060554954013289e-04 -5.477411856257039620e-04 0.000000000000000000e+00
