0.000000000000000000e+00 1.311641041404670817e-03 -8.089449788869400651e-04 -4.393308216736843165e-04 1.016562638855436802e-03 -2.166806477255337534e-03 -7.299250929563925582e-04 -9.176766032276822971e-05 -3.237137371748222657e-04 -1.665380866739150012e-03 -1.440596855557393616e-05 2.264782852082957917e-04
1.311641041404670817e-03 0.000000000000000000e+00 -2.623857394714348393e-04 5.038764288488058575e-04 2.770172476431407346e-03 2.631568054902388553e-03 -6.799973421028684419e-05 2.499048599766650323e-04 -4.948885763423816657e-04 1.394232150513703521e-03 -3.820723383537459649e-04 8.008224531746784176e-04
-8.089449788869400651e-04 -2.623857394714348393e-04 0.000000000000000000e+00 4.218163906258190054e-04 -7.978079449426526493e-04 -1.821378531493755490e-04 5.224783345114508411e-05 -5.487847191958774087e-04 -6.527952750095751848e-04 -2.845854923043247072e-04 -7.303587325832019625e-04 2.081290613310826675e-04
-4.393308216736843165e-04 5.038764288488058575e-04 4.218163906258190054e-04 0.000000000000000000e+00 2.068733154031964221e-04 -3.136644668915064787e-04 2.186184240052287543e-04 -3.506196735737118335e-05 -1.940533110513416665e-05 -9.564334326496342947e-05 -1.711041514844918818e-04 -7.052480910911564354e-04
1.016562638855436802e-03 2.770172476431407346e-03 -7.978079449426526493e-04 2.068733154031964221e-04 0.000000000000000000e+00 2.307575714618579233e-03 1.716936504115792000e-05 -2.018138299417258723e-04 9.690888082319298446e-04 -1.931880303503375178e-03 1.181269571912338216e-03 -7.918270421722931572e-04
-2.166806477255337534e-03 2.631568054902388553e-03 -1.821378531493755490e-04 -3.136644668915064787e-04 2.307575714618579233e-03 0.000000000000000000e+00 -3.146345600404096602e-04 1.166419871763539368e-04 1.091708984568666441e-03 -1.036714149615621753e-03 -1.458895006622045994e-03 6.579787956254516245e-04
-7.299250929563925582e-04 -6.799973421028684419e-05 5.224783345114508411e-05 2.186184240052287543e-04 1.716936504115792000e-05 -3.146345600404096602e-04 0.000000000000000000e+00 3.406899108037109657e-04 2.709147367107007194e-04 -5.152214160099470369e-04 -1.103441310633829445e-05 8.022855656110040173e-04
-9.176766032276822971e-05 2.499048599766650323e-04 -5.487847191958774087e-04 -3.506196735737118335e-05 -2.018138299417258723e-04 1.166419871763539368e-04 3.406899108037109657e-04 0.000000000000000000e+00 -2.162872170669400361e-04 1.621071788865979563e-04 -2.122827348837044248e-04 -1.562569166462126453e-04
-3.237137371748222657e-04 -4.948885763423816657e-04 -6.527952750095751848e-04 -1.940533110513416665e-05 9.690888082319298446e-04 1.091708984568666441e-03 2.709147367107007194e-04 -2.162872170669400361e-04 0.000000000000000000e+00 -1.185721033972191610e-04 1.403890511213509273e-04 -7.938300272972245605e-06
-1.665380866739150012e-03 1.394232150513703521e-03 -2.845854923043247072e-04 -9.564334326496342947e-05 -1.931880303503375178e-03 -1.036714149615621753e-03 -5.152214160099470369e-04 1.621071788865979563e-04 -1.185721033972191610e-04 0.000000000000000000e+00 -1.439812557652076809e-04 5.499389641339971725e-04
-1.440596855557393616e-05 -3.820723383537459649e-04 -7.303587325832019625e-04 -1.711041514844918818e-04 1.181269571912338216e-03 -1.458895006622045994e-03 -1.103441310633829445e-05 -2.122827348837044248e-04 1.403890511213509273e-04 -1.439812557652076809e-04 0.000000000000000000e+00 6.727082257428757244e-04
2.264782852082957917e-04 8.008224531746784176e-04 2.081290613310826675e-04 -7.052480910911564354e-04 -7.918270421722931572e-04 6.579787956254516245e-04 8.022855656110040173e-04 -1.562569166462126453e-04 -7.938300272972245605e-06 5.499389641339971725e-04 6.727082257428757244e-04 0.000000000000000000e+00
