0.000000000000000000e+00 5.752893311458197366e-04 -3.227957051559488390e-04 2.218823864270230446e-04 1.316085551385732470e-03 -1.685519077638078598e-03 1.386624223639124293e-03 5.200716079787186274e-05 1.187113413952699432e-03 -2.580665880075957313e-04 -4.085407189158888849e-04 4.888291135258627607e-05
5.752893311458197366e-04 0.000000000000000000e+00 -1.210152370851119653e-04 3.596212035496006685e-05 -9.013295596394556297e-04 -3.653332010143021751e-04 -4.138247478571745988e-04 4.668944183559786362e-04 7.842387525030953535e-04 -1.263712619120673951e-03 -1.069867530413867729e-03 1.476524088824079060e-03
-3.227957051559488390e-04 -1.210152370851119653e-04 0.000000000000000000e+00 -2.022146416176767258e-04 -4.113787606419693908e-04 1.177579061178824806e-03 -1.615729987850495028e-04 -1.750959366317502710e-04 -5.283975123065307307e-06 -2.233762455460613049e-04 -2.612103595400112085e-04 -2.275234194703132037e-04
2.218823864270230446e-04 3.596212035496006685e-05 -2.022146416176767258e-04 0.000000000000000000e+00 5.054665815444657831e-04 -1.226200117942014814e-04 -3.673260302750153638e-05 -3.548922045276171628e-04 -1.913901920023765584e-04 7.112185911001912613e-05 1.073651623510553827e-04 1.617563370451946655e-04
1.316085551385732470e-03 -9.013295596394556297e-04 -4.113787606419693908e-04 5.054665815444657831e-04 0.000000000000000000e+00 2.076165743262877068e-03 -1.270168817095797828e-03 7.301487330125586541e-04 -3.291723794501556213e-04 4.826456499952121388e-04 -1.084016337515857206e-03 -1.964089787659176189e-03
-1.685519077638078598e-03 -3.653332010143021751e-04 1.177579061178824806e-03 -1.226200117942014814e-04 2.076165743262877068e-03 0.000000000000000000e+00 -9.612012430512195194e-04 1.564684179990714116e-04 -6.988441654208587660e-04 1.280626817218434403e-03 3.927351293711583307e-04 3.375206354680476565e-04
1.386624223639124293e-03 -4.138247478571745988e-04 -1.615729987850495028e-04 -3.673260302750153638e-05 -1.270168817095797828e-03 -9.612012430512195194e-04 0.000000000000000000e+00 -5.597425764504942942e-05 -7.522296258407015117e-04 4.713586039058982797e-04 -9.616643318411787628e-04 1.322879452793468413e-03
5.200716079787186274e-05 4.668944183559786362e-04 -1.750959366317502710e-04 -3.548922045276171628e-04 7.301487330125586541e-04 1.564684179990714116e-04 -5.597425764504942942e-05 0.000000000000000000e+00 3.282115182962584699e-04 5.085379253426063317e-05 -4.100096319151875731e-04 -4.241087376843366563e-04
1.187113413952699432e-03 7.842387525030953535e-04 -5.283975123065307307e-06 -1.913901920023765584e-04 -3.291723794501556213e-04 -6.988441654208587660e-04 -7.522296258407015117e-04 3.282115182962584699e-04 0.000000000000000000e+00 4.641642752134454404e-04 3.599043750216358449e-04 2.966388335806805301e-05
-2.580665880075957313e-04 -1.263712619120673951e-03 -2.233762455460613049e-04 7.112185911001912613e-05 4.826456499952121388e-04 1.280626817218434403e-03 4.713586039058982797e-04 5.085379253426063317e-05 4.641642752134454404e-04 0.000000000000000000e+00 5.223615975338063381e-04 6.846882813125520573e-04
-4.085407189158888849e-04 -1.069867530413867729e-03 -2.612103595400112085e-04 1.073651623510553827e-04 -1.084016337515857206e-03 3.927351293711583307e-04 -9.616643318411787628e-04 -4.100096319151875731e-04 3.599043750216358449e-04 5.223615975338063381e-04 0.000000000000000000e+00 1.151145329743108372e-03
4.888291135258627607e-05 1.476524088824079060e-03 -2.275234194703132037e-04 1.617563370451946655e-04 -1.964089787659176189e-03 3.375206354680476565e-04 1.322879452793468413e-03 -4.241087376843366563e-04 2.966388335806805301e-05 6.846882813125520573e-04 1.151145329743108372e-03 0.000000000000000000e+00
