0.000000000000000000e+00 5.023290033895831371e-04 5.216576855720988972e-04 2.091781359769246209e-04 -2.522395715693100896e-03 -1.495462736009195350e-03 3.672142921360836460e-04 6.706614354317524170e-04 -2.416557072735527159e-05 4.688893518138762657e-04 1.744050187455158357e-04 -3.840782601090235037e-04
5.023290033895831371e-04 0.000000000000000000e+00 -7.515775031707074829e-04 -8.952367601393930181e-05 -1.004325810013291173e-03 -2.351163377130386246e-03 -5.277337491538493719e-04 -7.702926109276566659e-04 -4.370587024977692545e-04 -4.220703608678629112e-04 -8.575202191282589842e-05 -2.612385779978691389e-04
5.216576855720988972e-04 -7.515775031707074829e-04 0.000000000000000000e+00 -1.549388729662811440e-05 -7.756220889286229030e-08 3.995701097874949296e-04 1.106251149212582791e-04 -2.068507962409774895e-04 -2.221205450063278226e-04 2.311626648544670064e-04 -2.090150293665475818e-04 -5.343538609755151643e-04
2.091781359769246209e-04 -8.952367601393930181e-05 -1.549388729662811440e-05 0.000000000000000000e+00 -1.653973475277592715e-04 2.413175946490295415e-04 2.864675156345004772e-04 -2.447797568006470346e-04 -1.649276392150521341e-05 -1.278507261141117264e-04 -1.040740373427338111e-04 -8.617376125795790556e-05
-2.522395715693100896e-03 -1.004325810013291173e-03 -7.756220889286229030e-08 -1.653973475277592715e-04 0.000000000000000000e+00 -9.002379750424522892e-04 1.284721894968664886e-03 8.160994813684470904e-04 -1.469245567310461565e-04 -9.744759079797731113e-04 -1.668678030742426228e-03 -2.108801665564632045e-03
-1.495462736009195350e-03 -2.351163377130386246e-03 3.995701097874949296e-04 2.413175946490295415e-04 -9.002379750424522892e-04 0.000000000000000000e+00 2.307153296659270600e-04 -1.195444773643092014e-03 8.843054483936118974e-04 -2.403952495904055720e-04 8.941117719815761629e-04 9.240919126741435488e-04
3.672142921360836460e-04 -5.277337491538493719e-04 1.106251149212582791e-04 2.864675156345004772e-04 1.284721894968664886e-03 2.307153296659270600e-04 0.000000000000000000e+00 2.580637026299630542e-04 3.363709859814294570e-05 9.443115323443978984e-05 -2.383521100466518016e-04 -1.289898920104907347e-04
6.706614354317524170e-04 -7.702926109276566659e-04 -2.068507962409774895e-04 -2.447797568006470346e-04 8.160994813684470904e-04 -1.195444773643092014e-03 2.580637026299630542e-04 0.000000000000000000e+00 3.174275702447492157e-04 -6.728565763366878435e-05 6.627766907758255225e-05 2.921125384737952003e-04
-2.416557072735527159e-05 -4.370587024977692545e-04 -2.221205450063278226e-04 -1.649276392150521341e-05 -1.469245567310461565e-04 8.843054483936118974e-04 3.363709859814294570e-05 3.174275702447492157e-04 0.000000000000000000e+00 -2.758902446418210592e-04 4.925763712123294789e-05 4.446188931779429879e-04
4.688893518138762657e-04 -4.220703608678629112e-04 2.311626648544670064e-04 -1.278507261141117264e-04 -9.744759079797731113e-04 -2.403952495904055720e-04 9.443115323443978984e-05 -6.728565763366878435e-05 -2.758902446418210592e-04 0.000000000000000000e+00 -2.009564297715293369e-04 5.388317612370349197e-04
1.744050187455158357e-04 -8.575202191282589842e-05 -2.090150293665475818e-04 -1.040740373427338111e-04 -1.668678030742426228e-03 8.941117719815761629e-04 -2.383521100466518016e-04 6.627766907758255225e-05 4.925763712123294789e-05 -2.009564297715293369e-04 0.000000000000000000e+00 -3.286461789404857849e-04
-3.840782601090235037e-04 -2.612385779978691389e-04 -5.343538609755151643e-04 -8.617376125795790556e-05 -2.108801665564632045e-03 9.240919126741435488e-04 -1.289898920104907347e-04 2.921125384737952003e-04 4.446188931779429879e-04 5.388317612370349197e-04 -3.286461789404857849e-04 0.000000000000000000e+00
