0.000000000000000000e+00 -1.811747917125387406e-03 -5.614402917737871699e-04 -2.840570705442019305e-04 -3.357366382645312654e-03 -1.738356626945608639e-03 -7.798301282762691838e-04 -5.853313592065502707e-04 1.014173372906722152e-03 3.773015591215100211e-04 4.393319374232202649e-04 -1.955961549898878587e-03
-1.811747917125387406e-03 0.000000000000000000e+00 8.327247978780248985e-04 3.527437134247993330e-05 9.153968582845999286e-04 -8.374062524642308480e-05 -1.596251130190546414e-03 -3.135668062079151916e-04 8.786683077446457227e-04 -1.298477668921412106e-03 1.724213163320373983e-03 -6.509004208674596900e-05
-5.614402917737871699e-04 8.327247978780248985e-04 0.000000000000000000e+00 1.374890288255269783e-04 7.105899945893010775e-04 -1.642347529243427893e-03 -4.633939046686196255e-04 -1.344653127152801921e-04 -2.679150456019216788e-04 -7.601202779563242780e-04 2.467613200101674716e-04 5.607897514371490232e-05
-2.840570705442019305e-04 3.527437134247993330e-05 1.374890288255269783e-04 0.000000000000000000e+00 -1.245025448229204702e-03 6.176302842457915979e-04 2.554394312913839458e-04 -3.151634094069818179e-04 2.561389832415975087e-04 -3.524549931230146356e-04 -2.602547892830408540e-04 1.175192531732590338e-04
-3.357366382645312654e-03 9.153968582845999286e-04 7.105899945893010775e-04 -1.245025448229204702e-03 0.000000000000000000e+00 3.418459794922658942e-03 -1.746996662431239428e-03 -1.941142317964481164e-04 -2.356023890468877892e-04 -1.287935571209967598e-03 5.621561025580955909e-05 -7.982197019375601287e-04
-1.738356626945608639e-03 -8.374062524642308480e-05 -1.642347529243427893e-03 6.176302842457915979e-04 3.418459794922658942e-03 0.000000000000000000e+00 -1.347247478780317026e-03 -8.986757040307508636e-05 -4.641032258821927228e-04 1.288583969866426582e-03 6.551750940539689599e-04 1.622274970816367555e-03
-7.798301282762691838e-04 -1.596251130190546414e-03 -4.633939046686196255e-04 2.554394312913839458e-04 -1.746996662431239428e-03 -1.347247478780317026e-03 0.000000000000000000e+00 -1.666920636073736229e-04 3.156539425331370365e-04 4.180966486535893541e-04 -3.746944648849998135e-04 -1.507105385567867033e-04
-5.853313592065502707e-04 -3.135668062079151916e-04 -1.344653127152801921e-04 -3.151634094069818179e-04 -1.941142317964481164e-04 -8.986757040307508636e-05 -1.666920636073736229e-04 0.000000000000000000e+00 -5.295205573868906699e-04 -7.319043316182404814e-04 5.007382060661678480e-04 -2.242573218106228862e-04
1.014173372906722152e-03 8.786683077446457227e-04 -2.679150456019216788e-04 2.561389832415975087e-04 -2.356023890468877892e-04 -4.641032258821927228e-04 3.156539425331370365e-04 -5.295205573868906699e-04 0.000000000000000000e+00 1.385181509387117603e-06 -3.682607926729456480e-04 -4.518346207087963032e-05
3.773015591215100211e-04 -1.298477668921412106e-03 -7.601202779563242780e-04 -3.524549931230146356e-04 -1.287935571209967598e-03 1.288583969866426582e-03 4.180966486535893541e-04 -7.319043316182404814e-04 1.385181509387117603e-06 0.000000000000000000e+00 -6.989421653695281067e-04 -3.183063493096757192e-04
4.393319374232202649e-04 1.724213163320373983e-03 2.467613200101674716e-04 -2.602547892830408540e-04 5.621561025580955909e-05 6.551750940539689599e-04 -3.746944648849998135e-04 5.007382060661678480e-04 -3.682607926729456480e-04 -6.989421653695281067e-04 0.000000000000000000e+00 -6.782893837002941908e-04
-1.955961549898878587e-03 -6.509004208674596900e-05 5.607897514371490232e-05 1.175192531732590338e-04 -7.982197019375601287e-04 1.622274970816367555e-03 -1.507105385567867033e-04 -2.242573218106228862e-04 -4.518346207087963032e-05 -3.183063493096757192e-04 -6.782893837002941908e-04 0.000000000000000000e+00
