0.000000000000000000e+00 -2.747332073977182786e-03 2.126251074920067826e-04 5.679443639959543856e-04 2.408079766314297643e-03 -1.612862765890145855e-03 -6.478900086093848307e-04 -7.536399587752492558e-04 -3.895510163671722908e-04 -7.922849327437239252e-04 4.575696571488726541e-04 -7.967305512750884550e-04
-2.747332073977182786e-03 0.000000000000000000e+00 -3.841398244691929253e-04 4.798060391302153374e-04 -1.964483131979191406e-03 -2.157189335227345777e-03 4.271702507444858753e-04 5.415483129739838463e-04 3.305003884058570207e-04 1.821322315036868502e-04 3.811299636713642402e-05 1.208244437552693406e-04
2.126251074920067826e-04 -3.841398244691929253e-04 0.000000000000000000e+00 -1.799517506034482373e-04 -9.493202051666080115e-04 1.199246884280480386e-03 -6.564884687292859558e-04 -1.029209076121205074e-04 1.142109514160388539e-04 1.489675607204567860e-04 -1.271280231238286269e-05 3.805043344884206187e-05
5.679443639959543856e-04 4.798060391302153374e-04 -1.799517506034482373e-04 0.000000000000000000e+00 6.178426053032551758e-04 2.807616118555733456e-04 2.952468286179528835e-04 -6.020862971073709000e-05 3.984186151716080908e-04 -2.407033306914186006e-04 4.061525791291061721e-04 5.542054175024747550e-04
2.408079766314297643e-03 -1.964483131979191406e-03 -9.493202051666080115e-04 6.178426053032551758e-04 0.000000000000000000e+00 1.730626979639965802e-03 -7.931106269737544633e-04 1.314437713288235448e-03 1.707665532955586593e-04 -9.064264126349684016e-04 -8.539656769185580316e-04 -1.067288929178976387e-03
-1.612862765890145855e-03 -2.157189335227345777e-03 1.199246884280480386e-03 2.807616118555733456e-04 1.730626979639965802e-03 0.000000000000000000e+00 1.595983887698163061e-04 -5.565246677035035712e-04 -5.307156886690877562e-04 -1.570689968302695083e-03 1.333738340822255728e-03 1.520325701238803024e-03
-6.478900086093848307e-04 4.271702507444858753e-04 -6.564884687292859558e-04 2.952468286179528835e-04 -7.931106269737544633e-04 1.595983887698163061e-04 0.000000000000000000e+00 -2.109640724130073478e-04 -2.318826826304076446e-04 1.751770429007698440e-05 5.495211311109714442e-04 -8.692063854050587502e-04
-7.536399587752492558e-04 5.415483129739838463e-04 -1.029209076121205074e-04 -6.020862971073709000e-05 1.314437713288235448e-03 -5.565246677035035712e-04 -2.109640724130073478e-04 0.000000000000000000e+00 1.907380477365246490e-05 4.994420567996124376e-04 2.120010843397684779e-04 2.118557509257387153e-04
-3.895510163671722908e-04 3.305003884058570207e-04 1.142109514160388539e-04 3.984186151716080908e-04 1.707665532955586593e-04 -5.307156886690877562e-04 -2.318826826304076446e-04 1.907380477365246490e-05 0.000000000000000000e+00 6.635052830724088267e-04 2.509026405230006915e-04 7.299325557102155052e-05
-7.922849327437239252e-04 1.821322315036868502e-04 1.489675607204567860e-04 -2.407033306914186006e-04 -9.064264126349684016e-04 -1.570689968302695083e-03 1.751770429007698440e-05 4.994420567996124376e-04 6.635052830724088267e-04 0.000000000000000000e+00 -6.077053662710544439e-04 8.823201042362041363e-05
4.575696571488726541e-04 3.811299636713642402e-05 -1.271280231238286269e-05 4.061525791291061721e-04 -8.539656769185580316e-04 1.333738340822255728e-03 5.495211311109714442e-04 2.120010843397684779e-04 2.509026405230006915e-04 -6.077053662710544439e-04 0.000000000000000000e+00 3.434262657857301503e-04
-7.967305512750884550e-04 1.208244437552693406e-04 3.805043344884206187e-05 5.542054175024747550e-04 -1.067288929178976387e-03 1.520325701238803024e-03 -8.692063854050587502e-04 2.118557509257387153e-04 7.299325557102155052e-05 8.823201042362041363e-05 3.434262657857301503e-04 0.000000000000000000e+00
