0.000000000000000000e+00 2.026116213007685823e-03 -9.466156535161966050e-04 4.029915586351341954e-04 1.769555601487340099e-03 -7.556618148366162861e-04 -4.495017329078698017e-04 -2.115875656149648638e-03 4.093753204845416044e-05 -4.848544870059804003e-05 -1.263178367212232627e-04 -2.034830479318255447e-04
2.026116213007685823e-03 0.000000000000000000e+00 -2.271756523833688875e-03 1.010828382916598622e-04 -3.407705986682274101e-03 1.964139967781311090e-04 -9.664019615623265945e-04 2.456708537972588941e-03 -8.441068531476770284e-04 1.991629679748471292e-04 -1.348604704285941190e-03 -1.095814308710530495e-04
-9.466156535161966050e-04 -2.271756523833688875e-03 0.000000000000000000e+00 -7.076061562460779801e-04 -2.834552839298698848e-03 -3.885646118779576864e-04 -1.044904915230006294e-03 -2.115578723221578014e-03 -3.067888390290252434e-04 1.594557275861016349e-04 -7.677514880678233547e-04 -2.279776896264043519e-04
4.029915586351341954e-04 1.010828382916598622e-04 -7.076061562460779801e-04 0.000000000000000000e+00 -4.724204037428366147e-04 -1.211781434263397043e-04 2.079857592664623872e-04 1.130047914155280463e-03 7.785447247266234316e-05 -2.073157073353521450e-04 4.388018694883373430e-04 -2.766302164123694016e-04
1.769555601487340099e-03 -3.407705986682274101e-03 -2.834552839298698848e-03 -4.724204037428366147e-04 0.000000000000000000e+00 -6.675823863994476007e-04 -1.414252995384870622e-03 -2.532781515877631853e-03 -6.634255191950137352e-04 -4.232811287107791378e-04 1.430384516423871587e-03 9.540192761930401874e-04
-7.556618148366162861e-04 1.964139967781311090e-04 -3.885646118779576864e-04 -1.211781434263397043e-04 -6.675823863994476007e-04 0.000000000000000000e+00 8.182905661257087852e-05 -3.643066713483375497e-04 -3.757779132351187564e-04 -2.074493104568399086e-04 -4.006196445042592143e-04 -2.617144760460612626e-04
-4.495017329078698017e-04 -9.664019615623265945e-04 -1.044904915230006294e-03 2.079857592664623872e-04 -1.414252995384870622e-03 8.182905661257087852e-05 0.000000000000000000e+00 7.263319222605397021e-05 3.848893648344139484e-04 2.339044579124384654e-04 2.743271531080527571e-04 2.944469952705947187e-05
-2.115875656149648638e-03 2.456708537972588941e-03 -2.115578723221578014e-03 1.130047914155280463e-03 -2.532781515877631853e-03 -3.643066713483375497e-04 7.263319222605397021e-05 0.000000000000000000e+00 5.578922517794271049e-04 2.441294330343563859e-04 -7.576441619617740961e-04 7.609383994209759604e-04
4.093753204845416044e-05 -8.441068531476770284e-04 -3.067888390290252434e-04 7.785447247266234316e-05 -6.634255191950137352e-04 -3.757779132351187564e-04 3.848893648344139484e-04 5.578922517794271049e-04 0.000000000000000000e+00 -3.011231647674165990e-04 -8.340345540648587896e-05 3.830947377658004932e-04
-4.848544870059804003e-05 1.991629679748471292e-04 1.594557275861016349e-04 -2.073157073353521450e-04 -4.232811287107791378e-04 -2.074493104568399086e-04 2.339044579124384654e-04 2.441294330343563859e-04 -3.011231647674165990e-04 0.000000000000000000e+00 -3.006483001242930245e-04 -4.058020039718089947e-05
-1.263178367212232627e-04 -1.348604704285941190e-03 -7.677514880678233547e-04 4.388018694883373430e-04 1.430384516423871587e-03 -4.006196445042592143e-04 2.743271531080527571e-04 -7.576441619617740961e-04 -8.340345540648587896e-05 -3.006483001242930245e-04 0.000000000000000000e+00 2.121806524382537508e-04
-2.034830479318255447e-04 -1.095814308710530495e-04 -2.279776896264043519e-04 -2.766302164123694016e-04 9.540192761930401874e-04 -2.617144760460612626e-04 2.944469952705947187e-05 7.609383994209759604e-04 3.830947377658004932e-04 -4.058020039718089947e-05 2.121806524382537508e-04 0.000000000000000000e+00
