0.000000000000000000e+00 2.639618481212357114e-03 -2.465707316472478573e-03 -5.450657859974887337e-04 2.419641181638690353e-03 -1.345056152274345902e-05 -1.591514425268987379e-03 1.125894694494606685e-03 -1.828532819845703433e-04 6.058123908535464203e-04 1.350597231749046424e-03 1.092578325554556702e-03
2.639618481212357114e-03 0.000000000000000000e+00 -2.819340701296950673e-03 7.449593649172918668e-05 2.069298318349485459e-03 4.956739351769674090e-04 -1.731054114333693383e-04 1.670470266779720565e-03 -1.760359244522975133e-04 -1.643966080053396408e-05 -1.647176555440401768e-03 -1.244543358231056229e-03
-2.465707316472478573e-03 -2.819340701296950673e-03 0.000000000000000000e+00 -3.161213824982206421e-04 1.237574343907835769e-03 -4.951754878560427422e-05 -9.258787843258610819e-04 -2.913377743771609386e-04 -4.284253658893952981e-04 8.505820352436665554e-05 -9.671296051806634790e-05 3.186680956645019064e-04
-5.450657859974887337e-04 7.449593649172918668e-05 -3.161213824982206421e-04 0.000000000000000000e+00 9.673029790343049775e-04 -2.902774219664600096e-04 -4.291434153528706896e-04 -3.846476113118464180e-04 -4.067882626920255475e-06 1.653738543871775065e-04 8.518195996615047214e-05 -3.432776642449543556e-04
2.419641181638690353e-03 2.069298318349485459e-03 1.237574343907835769e-03 9.673029790343049775e-04 0.000000000000000000e+00 -5.689905452344448450e-04 -4.638103737600467224e-04 5.943991707677586701e-04 -7.812094672656718416e-04 9.083009135072236560e-04 -1.540137305154698402e-03 -1.317044753964165911e-03
-1.345056152274345902e-05 4.956739351769674090e-04 -4.951754878560427422e-05 -2.902774219664600096e-04 -5.689905452344448450e-04 0.000000000000000000e+00 -3.174586885102838427e-04 -4.698106783504410618e-04 1.740141286147359992e-04 7.267943796904064563e-05 1.064895458280743108e-04 -3.622526778154937016e-04
-1.591514425268987379e-03 -1.731054114333693383e-04 -9.258787843258610819e-04 -4.291434153528706896e-04 -4.638103737600467224e-04 -3.174586885102838427e-04 0.000000000000000000e+00 -3.294453261379568518e-04 2.455597281914548465e-04 -2.577005385344552935e-05 -1.386107714009267430e-03 -7.642845142202026086e-04
1.125894694494606685e-03 1.670470266779720565e-03 -2.913377743771609386e-04 -3.846476113118464180e-04 5.943991707677586701e-04 -4.698106783504410618e-04 -3.294453261379568518e-04 0.000000000000000000e+00 3.462897127407428945e-04 -2.310775352004274842e-04 -6.553015684406397800e-04 7.178228202817874947e-04
-1.828532819845703433e-04 -1.760359244522975133e-04 -4.284253658893952981e-04 -4.067882626920255475e-06 -7.812094672656718416e-04 1.740141286147359992e-04 2.455597281914548465e-04 3.462897127407428945e-04 0.000000000000000000e+00 1.048794179966071079e-05 3.190839917893633715e-04 -1.922805691759073017e-04
6.058123908535464203e-04 -1.643966080053396408e-05 8.505820352436665554e-05 1.653738543871775065e-04 9.083009135072236560e-04 7.267943796904064563e-05 -2.577005385344552935e-05 -2.310775352004274842e-04 1.048794179966071079e-05 0.000000000000000000e+00 1.859043085686158637e-04 1.647455813929106440e-04
1.350597231749046424e-03 -1.647176555440401768e-03 -9.671296051806634790e-05 8.518195996615047214e-05 -1.540137305154698402e-03 1.064895458280743108e-04 -1.386107714009267430e-03 -6.553015684406397800e-04 3.190839917893633715e-04 1.859043085686158637e-04 0.000000000000000000e+00 6.066408363408320710e-04
1.092578325554556702e-03 -1.244543358231056229e-03 3.186680956645019064e-04 -3.432776642449543556e-04 -1.317044753964165911e-03 -3.622526778154937016e-04 -7.642845142202026086e-04 7.178228202817874947e-04 -1.922805691759073017e-04 1.647455813929106440e-04 6.066408363408320710e-04 0.000000000000000000e+00
