0.000000000000000000e+00 -5.721743736896405522e-05 1.077347784184185019e-03 4.952061079240904426e-04 2.053404506772021042e-03 5.571818450228984061e-05 7.946954920174066281e-04 -3.323962024305010798e-05 5.985143791910754263e-04 -1.839878679696940419e-04 3.775488176140550842e-04 6.803935250183076400e-04
-5.721743736896405522e-05 0.000000000000000000e+00 -6.156861526821262197e-04 -4.526163291151144791e-04 -7.799117152927723812e-04 -2.996970073784858708e-04 1.305651184144227765e-03 -7.327590782242661849e-04 9.297366377623218119e-04 4.948811304207576022e-04 -5.497630984848670592e-04 2.233812424510731639e-03
1.077347784184185019e-03 -6.156861526821262197e-04 0.000000000000000000e+00 5.051435884221178868e-04 1.127108298587529197e-03 4.649006153532042889e-04 -2.346289351584933576e-04 1.465218433568647683e-03 4.110624624602625919e-04 8.637682358909746149e-04 -5.105646850395595014e-04 2.018665653326404369e-04
4.952061079240904426e-04 -4.526163291151144791e-04 5.051435884221178868e-04 0.000000000000000000e+00 -2.847004140864025181e-04 -1.601511118914336713e-05 4.370003422733995070e-04 -3.151766312834290338e-04 -2.700729241928561948e-04 -1.994238785708246577e-04 9.161686580160618596e-04 -5.913922448956078536e-04
2.053404506772021042e-03 -7.799117152927723812e-04 1.127108298587529197e-03 -2.847004140864025181e-04 0.000000000000000000e+00 -4.259700310735921747e-04 8.501995226982674231e-04 -8.842880201142993331e-04 2.792397385386957221e-04 2.921917360730286141e-04 1.097665570582100720e-03 -1.398586084136560189e-03
5.571818450228984061e-05 -2.996970073784858708e-04 4.649006153532042889e-04 -1.601511118914336713e-05 -4.259700310735921747e-04 0.000000000000000000e+00 4.504877477288403366e-04 5.773426391554050373e-04 -3.328898197351261908e-04 9.784275657475402076e-05 -1.192070843844493646e-04 3.461753739414088148e-04
7.946954920174066281e-04 1.305651184144227765e-03 -2.346289351584933576e-04 4.370003422733995070e-04 8.501995226982674231e-04 4.504877477288403366e-04 0.000000000000000000e+00 -8.159130688572480616e-04 -5.186475895437447784e-04 1.858335570381151186e-04 -1.375885296340019015e-03 1.906985401493896490e-04
-3.323962024305010798e-05 -7.327590782242661849e-04 1.465218433568647683e-03 -3.151766312834290338e-04 -8.842880201142993331e-04 5.773426391554050373e-04 -8.159130688572480616e-04 0.000000000000000000e+00 6.224235374565510390e-04 2.674525224522115389e-04 3.062432148378990866e-04 8.519179379115629719e-04
5.985143791910754263e-04 9.297366377623218119e-04 4.110624624602625919e-04 -2.700729241928561948e-04 2.792397385386957221e-04 -3.328898197351261908e-04 -5.186475895437447784e-04 6.224235374565510390e-04 0.000000000000000000e+00 -1.070584389441428915e-04 3.531593456068628147e-04 4.023051519783210189e-05
-1.839878679696940419e-04 4.948811304207576022e-04 8.637682358909746149e-04 -1.994238785708246577e-04 2.921917360730286141e-04 9.784275657475402076e-05 1.858335570381151186e-04 2.674525224522115389e-04 -1.070584389441428915e-04 0.000000000000000000e+00 -1.231718516643229852e-04 9.624057798934787078e-05
3.775488176140550842e-04 -5.497630984848670592e-04 -5.105646850395595014e-04 9.161686580160618596e-04 1.097665570582100720e-03 -1.192070843844493646e-04 -1.375885296340019015e-03 3.062432148378990866e-04 3.531593456068628147e-04 -1.231718516643229852e-04 0.000000000000000000e+00 5.466366200246368596e-04
6.803935250183076400e-04 2.233812424510731639e-03 2.018665653326404369e-04 -5.913922448956078536e-04 -1.398586084136560189e-03 3.461753739414088148e-04 1.906985401493896490e-04 8.519179379115629719e-04 4.023051519783210189e-05 9.624057798934787078e-05 5.466366200246368596e-04 0.000000000000000000e+00
