0.000000000000000000e+00 -3.927681075600490202e-04 -3.780277910695012638e-04 -1.656463748862154958e-03 -3.387672185125495980e-04 5.549259170331627753e-05 1.045932100608123680e-03 5.834925362509670423e-04 -4.349500377563613119e-05 5.952926974926436984e-04 1.936922571784064967e-03 -9.223591966640311800e-04
-3.927681075600490202e-04 0.000000000000000000e+00 -2.890760334634659748e-04 5.651523381338058663e-04 4.487763597868359719e-04 -2.264951252568185949e-04 -7.239254674181144593e-05 3.185133682778807199e-06 7.579779207844492949e-04 -1.587939117850556154e-04 1.349535332773569999e-03 3.145098923956627849e-05
-3.780277910695012638e-04 -2.890760334634659748e-04 0.000000000000000000e+00 6.260804495141334856e-04 4.633092317576994763e-04 1.712143689769707127e-05 1.192749097569458400e-04 -3.897822867805383115e-04 -1.923288349017843917e-04 -3.187256444215825113e-05 9.138743511312507695e-04 -8.301080981244943983e-04
-1.656463748862154958e-03 5.651523381338058663e-04 6.260804495141334856e-04 0.000000000000000000e+00 -3.923011815241924435e-04 1.223985168358441308e-04 -1.163520298775300643e-03 1.060697541337778625e-03 7.656150552487830680e-04 6.356558933457284993e-04 3.036907847098273185e-03 2.339889052460469940e-03
-3.387672185125495980e-04 4.487763597868359719e-04 4.633092317576994763e-04 -3.923011815241924435e-04 0.000000000000000000e+00 4.659014131749572303e-05 4.462724461507458495e-04 2.139818957677230686e-04 7.455856560913751282e-04 1.934444675900184895e-04 3.952736078238714974e-04 -3.151633934583494834e-04
5.549259170331627753e-05 -2.264951252568185949e-04 1.712143689769707127e-05 1.223985168358441308e-04 4.659014131749572303e-05 0.000000000000000000e+00 -1.091302049685905558e-04 5.038406318646917277e-04 -7.113054118054315186e-04 -5.507804873009989455e-05 2.531285171609803605e-04 -2.651907965598662448e-04
1.045932100608123680e-03 -7.239254674181144593e-05 1.192749097569458400e-04 -1.163520298775300643e-03 4.462724461507458495e-04 -1.091302049685905558e-04 0.000000000000000000e+00 5.321158173038000879e-05 -1.198827750386481216e-03 -4.973596534872139468e-04 -1.660313237640612116e-04 9.921893247992524725e-04
5.834925362509670423e-04 3.185133682778807199e-06 -3.897822867805383115e-04 1.060697541337778625e-03 2.139818957677230686e-04 5.038406318646917277e-04 5.321158173038000879e-05 0.000000000000000000e+00 9.498576430945333783e-04 -5.362471948464040978e-04 1.340723604626701615e-03 1.365255622520151427e-03
-4.349500377563613119e-05 7.579779207844492949e-04 -1.923288349017843917e-04 7.656150552487830680e-04 7.455856560913751282e-04 -7.113054118054315186e-04 -1.198827750386481216e-03 9.498576430945333783e-04 0.000000000000000000e+00 -7.228973502666478403e-04 -2.529157629500474944e-03 -6.190259681499914266e-04
5.952926974926436984e-04 -1.587939117850556154e-04 -3.187256444215825113e-05 6.356558933457284993e-04 1.934444675900184895e-04 -5.507804873009989455e-05 -4.973596534872139468e-04 -5.362471948464040978e-04 -7.228973502666478403e-04 0.000000000000000000e+00 1.201826948441701284e-03 2.723477350585415272e-04
1.936922571784064967e-03 1.349535332773569999e-03 9.138743511312507695e-04 3.036907847098273185e-03 3.952736078238714974e-04 2.531285171609803605e-04 -1.660313237640612116e-04 1.340723604626701615e-03 -2.529157629500474944e-03 1.201826948441701284e-03 0.000000000000000000e+00 -7.409619830019730565e-04
-9.223591966640311800e-04 3.145098923956627849e-05 -8.301080981244943983e-04 2.339889052460469940e-03 -3.151633934583494834e-04 -2.651907965598662448e-04 9.921893247992524725e-04 1.365255622520151427e-03 -6.190259681499914266e-04 2.723477350585415272e-04 -7.409619830019730565e-04 0.000000000000000000e+00
