0.000000000000000000e+00 -1.970440513921901244e-04 -6.612212718743391263e-05 -1.752161322430276019e-04 4.813964345058652987e-04 -2.916722655615757494e-04 -8.002984769824407008e-04 6.198910079888806258e-04 -1.226314151849526709e-03 2.237827756119926341e-04 -3.098350915026203177e-04 8.523180647399133210e-04
-1.970440513921901244e-04 0.000000000000000000e+00 -4.121105060204718586e-05 2.298923160513980930e-04 3.125883624417787206e-04 3.262161862206438808e-04 5.449585645276823140e-04 1.026118356296760613e-04 7.426583289942231304e-04 -2.027146264098426649e-06 -1.628925387086219232e-03 -7.208072977324518236e-04
-6.612212718743391263e-05 -4.121105060204718586e-05 0.000000000000000000e+00 -7.651891698668657942e-04 3.814124383060376504e-04 2.392762377573513205e-05 2.749132199674297981e-04 1.717176025122970346e-06 -5.873034547531585893e-04 3.943437977096679765e-04 -8.324267912538984909e-04 3.786696066184049654e-04
-1.752161322430276019e-04 2.298923160513980930e-04 -7.651891698668657942e-04 0.000000000000000000e+00 -7.911802113702593462e-04 9.740815809697645519e-05 -6.169916851857333486e-04 5.424166466426018698e-04 1.163613493258067177e-03 9.481295454338082825e-04 7.248845019625523554e-05 -1.603670787264874567e-03
4.813964345058652987e-04 3.125883624417787206e-04 3.814124383060376504e-04 -7.911802113702593462e-04 0.000000000000000000e+00 4.206671165978787615e-05 -1.389922842597825421e-04 -9.303387062900209440e-05 5.235095555180034697e-04 9.665100028636669461e-05 4.648649633734692685e-04 -1.134284890525175029e-03
-2.916722655615757494e-04 3.262161862206438808e-04 2.392762377573513205e-05 9.740815809697645519e-05 4.206671165978787615e-05 0.000000000000000000e+00 -5.143992799222637732e-04 -5.934198737379064531e-05 4.606335250360984117e-05 2.050975449441334159e-04 9.203230874359885887e-05 2.865775833672014328e-04
-8.002984769824407008e-04 5.449585645276823140e-04 2.749132199674297981e-04 -6.169916851857333486e-04 -1.389922842597825421e-04 -5.143992799222637732e-04 0.000000000000000000e+00 6.732029920020485357e-05 -5.666883592772311001e-04 3.477535883062357201e-04 -1.938697089884012202e-03 -1.644212706409366263e-03
6.198910079888806258e-04 1.026118356296760613e-04 1.717176025122970346e-06 5.424166466426018698e-04 -9.303387062900209440e-05 -5.934198737379064531e-05 6.732029920020485357e-05 0.000000000000000000e+00 -5.507666469567695745e-04 -1.129560543413682047e-04 -3.381685386839469688e-04 2.494310767968678467e-04
-1.226314151849526709e-03 7.426583289942231304e-04 -5.873034547531585893e-04 1.163613493258067177e-03 5.235095555180034697e-04 4.606335250360984117e-05 -5.666883592772311001e-04 -5.507666469567695745e-04 0.000000000000000000e+00 -4.613713651452863197e-04 -2.772534607904498551e-03 6.502925674149785153e-04
2.237827756119926341e-04 -2.027146264098426649e-06 3.943437977096679765e-04 9.481295454338082825e-04 9.665100028636669461e-05 2.050975449441334159e-04 3.477535883062357201e-04 -1.129560543413682047e-04 -4.613713651452863197e-04 0.000000000000000000e+00 -7.815007561601545333e-04 4.374325520748179584e-04
-3.098350915026203177e-04 -1.628925387086219232e-03 -8.324267912538984909e-04 7.248845019625523554e-05 4.648649633734692685e-04 9.203230874359885887e-05 -1.938697089884012202e-03 -3.381685386839469688e-04 -2.772534607904498551e-03 -7.815007561601545333e-04 0.000000000000000000e+00 -3.965169871394094193e-03
8.523180647399133210e-04 -7.208072977324518236e-04 3.786696066184049654e-04 -1.603670787264874567e-03 -1.134284890525175029e-03 2.865775833672014328e-04 -1.644212706409366263e-03 2.494310767968678467e-04 6.502925674149785153e-04 4.374325520748179584e-04 -3.965169871394094193e-03 0.000000000000000000e+00
