0.000000000000000000e+00 6.306035130361601921e-04 -3.705947180448097779e-04 1.354566999405815457e-03 1.737083396143107789e-04 6.404547023415635605e-05 1.107927963176900303e-03 -5.883810206719364017e-04 4.858226976996895380e-04 7.314468184082936796e-04 -2.033495217763360910e-03 1.076662332596590391e-03
6.306035130361601921e-04 0.000000000000000000e+00 2.690136625783667596e-04 2.618138674921402509e-04 -1.166334392739063050e-04 -3.834521037401338885e-04 6.383666404788757931e-04 -6.543056798242026395e-06 -6.051365679644889585e-04 -1.923704105405978581e-04 5.577012649042900920e-04 4.260816563895400270e-04
-3.705947180448097779e-04 2.690136625783667596e-04 0.000000000000000000e+00 -1.048278003337582524e-03 -9.756306977663108853e-05 -3.844193036668980441e-04 -3.711296612970861456e-04 3.314160603684343856e-04 1.185484219410227070e-03 1.006992277491903896e-04 -9.493563959179602500e-04 6.288499727445764128e-04
1.354566999405815457e-03 2.618138674921402509e-04 -1.048278003337582524e-03 0.000000000000000000e+00 6.469921965278256854e-04 3.463717388233015777e-04 2.794626201834239459e-04 -2.887809176124945978e-04 1.078173485801148853e-03 6.437744972301217205e-04 -2.539161421708964906e-03 -1.676614743758898102e-03
1.737083396143107789e-04 -1.166334392739063050e-04 -9.756306977663108853e-05 6.469921965278256854e-04 0.000000000000000000e+00 -4.976179928088758034e-04 1.426959242006307135e-04 -2.293592115713944345e-04 1.873108011483308835e-04 3.581537726313301149e-04 6.718905298322237415e-04 5.252850805178896744e-04
6.404547023415635605e-05 -3.834521037401338885e-04 -3.844193036668980441e-04 3.463717388233015777e-04 -4.976179928088758034e-04 0.000000000000000000e+00 -4.499712243694314190e-05 -3.620660343493620854e-04 -5.979434246319756093e-04 2.006788311272452113e-04 -1.097115000054403112e-04 -1.917024640896917000e-04
1.107927963176900303e-03 6.383666404788757931e-04 -3.711296612970861456e-04 2.794626201834239459e-04 1.426959242006307135e-04 -4.499712243694314190e-05 0.000000000000000000e+00 1.305549402437659130e-04 -1.517797052748589334e-03 1.428913386632672681e-04 1.675453675692129343e-03 1.451751277319315555e-03
-5.883810206719364017e-04 -6.543056798242026395e-06 3.314160603684343856e-04 -2.887809176124945978e-04 -2.293592115713944345e-04 -3.620660343493620854e-04 1.305549402437659130e-04 0.000000000000000000e+00 2.624205908154788138e-04 -6.454747824923676072e-04 6.284904776516029440e-04 -9.512045991329753372e-05
4.858226976996895380e-04 -6.051365679644889585e-04 1.185484219410227070e-03 1.078173485801148853e-03 1.873108011483308835e-04 -5.979434246319756093e-04 -1.517797052748589334e-03 2.624205908154788138e-04 0.000000000000000000e+00 7.736992266189217414e-04 3.064614213048997508e-03 -1.374902285632574345e-03
7.314468184082936796e-04 -1.923704105405978581e-04 1.006992277491903896e-04 6.437744972301217205e-04 3.581537726313301149e-04 2.006788311272452113e-04 1.428913386632672681e-04 -6.454747824923676072e-04 7.736992266189217414e-04 0.000000000000000000e+00 3.640256495101771672e-04 3.124386565372471271e-05
-2.033495217763360910e-03 5.577012649042900920e-04 -9.493563959179602500e-04 -2.539161421708964906e-03 6.718905298322237415e-04 -1.097115000054403112e-04 1.675453675692129343e-03 6.284904776516029440e-04 3.064614213048997508e-03 3.640256495101771672e-04 0.000000000000000000e+00 1.861626393527573118e-04
1.076662332596590391e-03 4.260816563895400270e-04 6.288499727445764128e-04 -1.676614743758898102e-03 5.252850805178896744e-04 -1.917024640896917000e-04 1.451751277319315555e-03 -9.512045991329753372e-05 -1.374902285632574345e-03 3.124386565372471271e-05 1.861626393527573118e-04 0.000000000000000000e+00
