0.000000000000000000e+00 5.285394835877740621e-04 1.399241338058834305e-04 1.001937888155977202e-03 -1.130789665769005265e-04 6.973447411878730363e-04 -7.921925671604989521e-04 -2.196848567261760511e-04 9.530089496895556003e-04 1.558102059910865885e-04 -8.211269756880207587e-04 9.772487490446804537e-04
5.285394835877740621e-04 0.000000000000000000e+00 3.640924944881225372e-04 1.064266218471321673e-03 -5.103098149568981038e-04 -5.751962453395415698e-05 6.900110922274860963e-04 1.626973048063482159e-04 1.165725954655179395e-03 -1.554519338650678763e-04 7.327077916128635609e-04 2.428846413694916900e-05
1.399241338058834305e-04 3.640924944881225372e-04 0.000000000000000000e+00 -1.112049548612264712e-03 -1.877317825286728642e-04 -4.865648726472185772e-04 3.188420606000946659e-04 -5.154492072956457817e-04 1.419657466837830713e-03 4.363514339722699277e-04 -2.671650194552451754e-04 5.218901323567442770e-04
1.001937888155977202e-03 1.064266218471321673e-03 -1.112049548612264712e-03 0.000000000000000000e+00 -8.862431906059935454e-04 -1.614670348512615159e-04 9.455370019606628438e-04 8.459607525660463301e-05 -2.237492655093719068e-03 -2.136317140937157876e-04 2.985942479415125330e-03 6.976825518236997236e-04
-1.130789665769005265e-04 -5.103098149568981038e-04 -1.877317825286728642e-04 -8.862431906059935454e-04 0.000000000000000000e+00 -7.362508528740445879e-05 6.373298333814661953e-05 -3.083162980649740092e-04 -9.902034018026216033e-04 -1.764005264338840118e-04 2.766951200092218860e-04 -2.370872910850145468e-04
6.973447411878730363e-04 -5.751962453395415698e-05 -4.865648726472185772e-04 -1.614670348512615159e-04 -7.362508528740445879e-05 0.000000000000000000e+00 -2.082850771430310604e-04 -3.902578938374935236e-04 5.909454415366057270e-04 3.387430759252941067e-05 1.267975506788717940e-03 -7.153126153750354998e-04
-7.921925671604989521e-04 6.900110922274860963e-04 3.188420606000946659e-04 9.455370019606628438e-04 6.373298333814661953e-05 -2.082850771430310604e-04 0.000000000000000000e+00 -7.402342213996321221e-04 -1.549632077297200114e-03 2.605788186765957784e-04 7.891998257145187634e-04 9.365764255400212427e-04
-2.196848567261760511e-04 1.626973048063482159e-04 -5.154492072956457817e-04 8.459607525660463301e-05 -3.083162980649740092e-04 -3.902578938374935236e-04 -7.402342213996321221e-04 0.000000000000000000e+00 -6.391158607850071791e-04 5.112779276185281914e-04 -5.361613807785737705e-04 -3.463936209586777762e-04
9.530089496895556003e-04 1.165725954655179395e-03 1.419657466837830713e-03 -2.237492655093719068e-03 -9.902034018026216033e-04 5.909454415366057270e-04 -1.549632077297200114e-03 -6.391158607850071791e-04 0.000000000000000000e+00 -3.677615231112690147e-04 -7.674757765691613996e-04 -1.821816750955450141e-03
1.558102059910865885e-04 -1.554519338650678763e-04 4.363514339722699277e-04 -2.136317140937157876e-04 -1.764005264338840118e-04 3.387430759252941067e-05 2.605788186765957784e-04 5.112779276185281914e-04 -3.677615231112690147e-04 0.000000000000000000e+00 -1.515851431820068390e-04 7.628358456959139161e-04
-8.211269756880207587e-04 7.327077916128635609e-04 -2.671650194552451754e-04 2.985942479415125330e-03 2.766951200092218860e-04 1.267975506788717940e-03 7.891998257145187634e-04 -5.361613807785737705e-04 -7.674757765691613996e-04 -1.515851431820068390e-04 0.000000000000000000e+00 -3.028009870201570867e-03
9.772487490446804537e-04 2.428846413694916900e-05 5.218901323567442770e-04 6.976825518236997236e-04 -2.370872910850145468e-04 -7.153126153750354998e-04 9.365764255400212427e-04 -3.463936209586777762e-04 -1.821816750955450141e-03 7.628358456959139161e-04 -3.028009870201570867e-03 0.000000000000000000e+00
