0.000000000000000000e+00 9.365822758351216018e-04 1.043315591825840134e-04 -1.719825788030760459e-04 9.118844072771684376e-04 -2.196238141026945264e-04 -3.999846841421067739e-04 1.148949700165925259e-03 8.274713360739172638e-04 -1.614977640121186822e-03 1.186781219153991809e-04 6.206746270694013827e-04
9.365822758351216018e-04 0.000000000000000000e+00 1.044616018953754441e-05 2.213545233089387124e-04 -7.233659836437335332e-04 -8.724491819189608742e-04 -8.667996266359100652e-04 -1.520995936850367820e-04 9.119532226967269595e-05 1.232422228191493640e-03 1.256424730901023858e-03 -2.578988511781551540e-03
1.043315591825840134e-04 1.044616018953754441e-05 0.000000000000000000e+00 7.659462799411699508e-04 -3.006129931966512863e-05 -3.577745648350489521e-04 5.025340641335534044e-04 3.286500542957660094e-04 -6.697875621479026931e-04 -5.946580562408873517e-04 -1.047258719481695272e-03 -9.238237195633994736e-04
-1.719825788030760459e-04 2.213545233089387124e-04 7.659462799411699508e-04 0.000000000000000000e+00 -7.824983012266853747e-04 5.598952875405656089e-04 -9.538604646676298454e-04 1.082429996452414329e-04 3.773154215528889250e-04 -9.753521184543166361e-04 -6.466437764887083693e-05 -1.991980578198950056e-03
9.118844072771684376e-04 -7.233659836437335332e-04 -3.006129931966512863e-05 -7.824983012266853747e-04 0.000000000000000000e+00 2.481973850583819039e-04 3.422439471774247591e-04 2.935151927643762904e-04 8.289792404390800289e-05 -7.355233564490621322e-05 -4.661948217879368695e-04 -8.667434413136830855e-04
-2.196238141026945264e-04 -8.724491819189608742e-04 -3.577745648350489521e-04 5.598952875405656089e-04 2.481973850583819039e-04 0.000000000000000000e+00 -8.444905399561314699e-05 4.179486640373511648e-04 5.559181454425633469e-04 6.891320960822423835e-04 6.489428828158992765e-04 4.818384113159897893e-04
-3.999846841421067739e-04 -8.667996266359100652e-04 5.025340641335534044e-04 -9.538604646676298454e-04 3.422439471774247591e-04 -8.444905399561314699e-05 0.000000000000000000e+00 3.138122180868814634e-04 -2.767522994832977081e-04 8.591042668492786423e-04 -4.143109093495799932e-04 -3.651335626057988239e-04
1.148949700165925259e-03 -1.520995936850367820e-04 3.286500542957660094e-04 1.082429996452414329e-04 2.935151927643762904e-04 4.179486640373511648e-04 3.138122180868814634e-04 0.000000000000000000e+00 4.041201162908813300e-04 9.778801232368978819e-04 -2.884610792779247757e-04 1.822551826486585496e-03
8.274713360739172638e-04 9.119532226967269595e-05 -6.697875621479026931e-04 3.773154215528889250e-04 8.289792404390800289e-05 5.559181454425633469e-04 -2.767522994832977081e-04 4.041201162908813300e-04 0.000000000000000000e+00 9.092409116324581776e-04 7.509739893935763930e-05 -5.433433402122351792e-04
-1.614977640121186822e-03 1.232422228191493640e-03 -5.946580562408873517e-04 -9.753521184543166361e-04 -7.355233564490621322e-05 6.891320960822423835e-04 8.591042668492786423e-04 9.778801232368978819e-04 9.092409116324581776e-04 0.000000000000000000e+00 -1.796530889971703496e-03 -3.352071675561534535e-03
1.186781219153991809e-04 1.256424730901023858e-03 -1.047258719481695272e-03 -6.466437764887083693e-05 -4.661948217879368695e-04 6.489428828158992765e-04 -4.143109093495799932e-04 -2.884610792779247757e-04 7.509739893935763930e-05 -1.796530889971703496e-03 0.000000000000000000e+00 2.604565877039804155e-03
6.206746270694013827e-04 -2.578988511781551540e-03 -9.238237195633994736e-04 -1.991980578198950056e-03 -8.667434413136830855e-04 4.818384113159897893e-04 -3.651335626057988239e-04 1.822551826486585496e-03 -5.433433402122351792e-04 -3.352071675561534535e-03 2.604565877039804155e-03 0.000000000000000000e+00
