0.000000000000000000e+00 4.681114282651464408e-04 3.848124970741331578e-04 3.407811767195600625e-04 2.809314062085056590e-05 2.625587616133353620e-04 -6.732332077429017215e-06 -1.054217356793616062e-04 -1.177434047073921891e-05 -3.937410887978906138e-04 -8.410489710068145067e-04 1.304537292425131346e-03
4.681114282651464408e-04 0.000000000000000000e+00 -8.915425891684041100e-04 -1.458106694999166102e-03 1.124081385730980631e-04 9.087193248039960886e-05 -1.667381581986189607e-04 8.942057393817335947e-04 9.443077358305090700e-04 -1.684847447159297388e-03 1.877911161855274529e-03 1.505592837356105340e-04
3.848124970741331578e-04 -8.915425891684041100e-04 0.000000000000000000e+00 -6.234027650336954702e-04 -3.046573617282629103e-04 -2.166914299860490207e-04 -1.911950262593687994e-04 -7.388924186593578318e-04 -1.709376461380705586e-04 8.447379859660548128e-04 3.191331940928586290e-04 1.402970771007891991e-03
3.407811767195600625e-04 -1.458106694999166102e-03 -6.234027650336954702e-04 0.000000000000000000e+00 4.112018709690912102e-04 -6.510816006548257053e-05 3.017019023910736932e-05 1.148638383979489700e-03 2.365926167906118988e-05 1.168569441506129561e-03 -7.827167622483344710e-04 -8.154050678101836327e-04
2.809314062085056590e-05 1.124081385730980631e-04 -3.046573617282629103e-04 4.112018709690912102e-04 0.000000000000000000e+00 -3.908755782212790177e-04 -4.084743414027976671e-04 -2.664235820302102761e-04 -1.462812503435205762e-04 -5.271134187617050604e-04 3.074523521644857748e-04 -1.364083619646306146e-03
2.625587616133353620e-04 9.087193248039960886e-05 -2.166914299860490207e-04 -6.510816006548257053e-05 -3.908755782212790177e-04 0.000000000000000000e+00 5.344910932742357769e-04 1.660530775203532727e-04 -3.104557422906019859e-04 -6.325942251936101735e-04 -8.480115195401667432e-05 7.681291834263590532e-04
-6.732332077429017215e-06 -1.667381581986189607e-04 -1.911950262593687994e-04 3.017019023910736932e-05 -4.084743414027976671e-04 5.344910932742357769e-04 0.000000000000000000e+00 -6.050833356194135204e-04 1.991888877630326466e-04 1.486172550962783332e-04 3.113171426702993224e-04 -1.686622194670984011e-03
-1.054217356793616062e-04 8.942057393817335947e-04 -7.388924186593578318e-04 1.148638383979489700e-03 -2.664235820302102761e-04 1.660530775203532727e-04 -6.050833356194135204e-04 0.000000000000000000e+00 1.703204658521667743e-04 9.063503840887096163e-04 2.662681046670677164e-04 2.565479209666010098e-03
-1.177434047073921891e-05 9.443077358305090700e-04 -1.709376461380705586e-04 2.365926167906118988e-05 -1.462812503435205762e-04 -3.104557422906019859e-04 1.991888877630326466e-04 1.703204658521667743e-04 0.000000000000000000e+00 5.070100912258541405e-04 2.229969906556633413e-04 -1.117741865751447749e-03
-3.937410887978906138e-04 -1.684847447159297388e-03 8.447379859660548128e-04 1.168569441506129561e-03 -5.271134187617050604e-04 -6.325942251936101735e-04 1.486172550962783332e-04 9.063503840887096163e-04 5.070100912258541405e-04 0.000000000000000000e+00 1.138166978267641724e-03 -2.702145706064174881e-04
-8.410489710068145067e-04 1.877911161855274529e-03 3.191331940928586290e-04 -7.827167622483344710e-04 3.074523521644857748e-04 -8.480115195401667432e-05 3.113171426702993224e-04 2.662681046670677164e-04 2.229969906556633413e-04 1.138166978267641724e-03 0.000000000000000000e+00 1.031723197479995479e-03
1.304537292425131346e-03 1.505592837356105340e-04 1.402970771007891991e-03 -8.154050678101836327e-04 -1.364083619646306146e-03 7.681291834263590532e-04 -1.686622194670984011e-03 2.565479209666010098e-03 -1.117741865751447749e-03 -2.702145706064174881e-04 1.031723197479995479e-03 0.000000000000000000e+00
