0.000000000000000000e+00 -4.747864373573563762e-04 1.209299420038804381e-04 4.656540097157357274e-04 -2.589295383076199155e-04 1.476682589617193978e-05 3.767776130382633967e-04 7.547660976818579672e-04 4.303098853371551801e-04 -5.185691874946055362e-04 -7.553245420358095001e-04 1.607237758170516244e-03
-4.747864373573563762e-04 0.000000000000000000e+00 -4.272589879220534299e-04 1.022936553906217882e-03 8.634116524081024945e-04 -1.719521498990674794e-04 -1.148005084823060587e-03 3.072793215618687497e-04 -1.000867824742608094e-03 4.105187344701424356e-04 -5.446931604903852610e-04 -2.781545786718378661e-03
1.209299420038804381e-04 -4.272589879220534299e-04 0.000000000000000000e+00 3.936253731589319091e-04 -3.881003361311178407e-04 -2.340092969210166114e-04 -1.044108002244747491e-04 2.165023836503951525e-04 -2.794120140434923761e-04 2.775760199089841564e-04 3.988997826897406327e-04 -9.023778655641220012e-04
4.656540097157357274e-04 1.022936553906217882e-03 3.936253731589319091e-04 0.000000000000000000e+00 -4.699381454939576875e-04 -3.229231606061399034e-04 6.468859960885605222e-04 3.614716896450245005e-04 5.099731881028024495e-05 -1.607527390497312308e-03 2.079212464781109149e-04 -1.436289493266481145e-03
-2.589295383076199155e-04 8.634116524081024945e-04 -3.881003361311178407e-04 -4.699381454939576875e-04 0.000000000000000000e+00 1.198052993540943786e-04 5.442414095239592680e-05 -1.542906693014885417e-04 1.541937411948383397e-04 -1.158907938398222770e-04 -4.535522392793561188e-04 -8.077377048231446132e-04
1.476682589617193978e-05 -1.719521498990674794e-04 -2.340092969210166114e-04 -3.229231606061399034e-04 1.198052993540943786e-04 0.000000000000000000e+00 2.291585707403327114e-04 -6.964405663516643169e-05 3.425373752048675182e-05 -5.947626518001395866e-05 5.930992762369168394e-04 -4.187412203173596602e-04
3.767776130382633967e-04 -1.148005084823060587e-03 -1.044108002244747491e-04 6.468859960885605222e-04 5.442414095239592680e-05 2.291585707403327114e-04 0.000000000000000000e+00 4.123995373007203341e-04 5.974056825772510858e-04 -5.858245207552308011e-04 1.223261979318503254e-03 -5.137826392574000069e-04
7.547660976818579672e-04 3.072793215618687497e-04 2.165023836503951525e-04 3.614716896450245005e-04 -1.542906693014885417e-04 -6.964405663516643169e-05 4.123995373007203341e-04 0.000000000000000000e+00 -6.925171405004839926e-04 -7.587804208051307270e-05 -7.931301840247080874e-04 3.734650153562603879e-04
4.303098853371551801e-04 -1.000867824742608094e-03 -2.794120140434923761e-04 5.099731881028024495e-05 1.541937411948383397e-04 3.425373752048675182e-05 5.974056825772510858e-04 -6.925171405004839926e-04 0.000000000000000000e+00 4.003549272003832128e-04 9.459514441154069902e-04 -1.647695307194561691e-03
-5.185691874946055362e-04 4.105187344701424356e-04 2.775760199089841564e-04 -1.607527390497312308e-03 -1.158907938398222770e-04 -5.947626518001395866e-05 -5.858245207552308011e-04 -7.587804208051307270e-05 4.003549272003832128e-04 0.000000000000000000e+00 -1.174754871741276897e-03 -1.792754813385296752e-03
-7.553245420358095001e-04 -5.446931604903852610e-04 3.988997826897406327e-04 2.079212464781109149e-04 -4.535522392793561188e-04 5.930992762369168394e-04 1.223261979318503254e-03 -7.931301840247080874e-04 9.459514441154069902e-04 -1.174754871741276897e-03 0.000000000000000000e+00 -2.528994342182817791e-03
1.607237758170516244e-03 -2.781545786718378661e-03 -9.023778655641220012e-04 -1.436289493266481145e-03 -8.077377048231446132e-04 -4.187412203173596602e-04 -5.137826392574000069e-04 3.734650153562603879e-04 -1.647695307194561691e-03 -1.792754813385296752e-03 -2.528994342182817791e-03 0.000000000000000000e+00
