0.000000000000000000e+00 -1.408895756271208379e-04 -5.305204103918513981e-04 -7.928875085010605268e-04 6.414644865778144000e-04 -1.772245975409666812e-04 -6.251611032114638067e-06 -9.489377979426330415e-04 -3.407115277022285918e-04 4.920030620796452155e-04 7.120105214714109827e-04 1.101720082222212250e-05
-1.408895756271208379e-04 0.000000000000000000e+00 -3.459268417385454367e-04 -1.830517327206208781e-03 -7.668201699558498292e-04 -2.864738589440947577e-04 3.236656858761088364e-04 -7.062899845354608883e-04 -9.167269383149876435e-05 5.982027768899354564e-04 -8.401798389681445567e-04 2.414216975542721102e-03
-5.305204103918513981e-04 -3.459268417385454367e-04 0.000000000000000000e+00 -7.045042965000852830e-05 -3.511182483631596502e-05 2.601659605003650891e-04 1.326948156168852150e-04 -6.745421327175029833e-05 2.703708918123872047e-04 -5.232180411621473572e-04 3.568665482501899382e-04 1.499464230655078521e-05
-7.928875085010605268e-04 -1.830517327206208781e-03 -7.045042965000852830e-05 0.000000000000000000e+00 1.591230926360607970e-04 5.033999288392385649e-04 -8.532756494955958879e-04 -9.568561916400136335e-05 4.446305529192714069e-04 1.272968905974411350e-03 -1.818782488513625943e-03 1.738129383210293291e-03
6.414644865778144000e-04 -7.668201699558498292e-04 -3.511182483631596502e-05 1.591230926360607970e-04 0.000000000000000000e+00 5.031936509921815801e-04 -2.558778191166020984e-05 2.652079729540414411e-04 -1.788842119026788386e-04 3.897651363180351810e-04 -1.166219737263463871e-05 -2.288796152380471419e-04
-1.772245975409666812e-04 -2.864738589440947577e-04 2.601659605003650891e-04 5.033999288392385649e-04 5.031936509921815801e-04 0.000000000000000000e+00 -2.630924149755791081e-04 3.331309547511611640e-04 -1.131712500405584160e-05 1.105088004846310610e-04 -2.288703251729549916e-04 3.574306348173971067e-04
-6.251611032114638067e-06 3.236656858761088364e-04 1.326948156168852150e-04 -8.532756494955958879e-04 -2.558778191166020984e-05 -2.630924149755791081e-04 0.000000000000000000e+00 3.080655279025254034e-04 -1.197284641981341308e-04 -8.745708605486592112e-04 1.211386360816144411e-04 1.492057971093646443e-03
-9.489377979426330415e-04 -7.062899845354608883e-04 -6.745421327175029833e-05 -9.568561916400136335e-05 2.652079729540414411e-04 3.331309547511611640e-04 3.080655279025254034e-04 0.000000000000000000e+00 6.371511712649480502e-04 9.603346038081495006e-04 -1.170615544293191097e-03 1.549534934368691286e-04
-3.407115277022285918e-04 -9.167269383149876435e-05 2.703708918123872047e-04 4.446305529192714069e-04 -1.788842119026788386e-04 -1.131712500405584160e-05 -1.197284641981341308e-04 6.371511712649480502e-04 0.000000000000000000e+00 -4.520251087848523247e-04 -1.750090741118899692e-04 -1.493338981028159620e-03
4.920030620796452155e-04 5.982027768899354564e-04 -5.232180411621473572e-04 1.272968905974411350e-03 3.897651363180351810e-04 1.105088004846310610e-04 -8.745708605486592112e-04 9.603346038081495006e-04 -4.520251087848523247e-04 0.000000000000000000e+00 1.771663026173309757e-03 -7.771266116622767631e-04
7.120105214714109827e-04 -8.401798389681445567e-04 3.568665482501899382e-04 -1.818782488513625943e-03 -1.166219737263463871e-05 -2.288703251729549916e-04 1.211386360816144411e-04 -1.170615544293191097e-03 -1.750090741118899692e-04 1.771663026173309757e-03 0.000000000000000000e+00 -5.308087817429445925e-04
1.101720082222212250e-05 2.414216975542721102e-03 1.499464230655078521e-05 1.738129383210293291e-03 -2.288796152380471419e-04 3.574306348173971067e-04 1.492057971093646443e-03 1.549534934368691286e-04 -1.493338981028159620e-03 -7.771266116622767631e-04 -5.308087817429445925e-04 0.000000000000000000e+00
