0.000000000000000000e+00 -1.309649886102946087e-04 -6.352531691930729746e-05 -5.350964453249476950e-04 -6.043158325658242423e-04 -1.117176736311191812e-03 2.371492040351956695e-04 -9.082219056456616174e-04 5.308300896359178676e-04 3.022809303501241282e-04 -1.138762003873802515e-03 1.601164710126142161e-04
-1.309649886102946087e-04 0.000000000000000000e+00 5.195666141301832908e-04 2.072505302522552269e-05 4.751698640975862394e-04 -6.942715226591584599e-04 -4.593352605867325367e-04 5.462429572856139433e-05 2.058965364631703903e-04 -1.908589124142404830e-04 6.015662792805958215e-04 -3.391743273549192427e-04
-6.352531691930729746e-05 5.195666141301832908e-04 0.000000000000000000e+00 -1.526844555350397471e-03 -5.006848376523899890e-04 -1.094608376279582532e-03 -2.466471461105304249e-04 3.623768235108717193e-04 -3.294350965953588201e-04 -1.968184138735064824e-04 9.282156931311708698e-04 -8.825782617929745248e-04
-5.350964453249476950e-04 2.072505302522552269e-05 -1.526844555350397471e-03 0.000000000000000000e+00 -1.366394984779534119e-03 -2.546722708430605806e-03 1.518585745603935882e-04 -1.052265686933163925e-03 2.262466222892982586e-03 -8.646860306195811247e-04 -1.122237140089277522e-03 8.945729282677765013e-04
-6.043158325658242423e-04 4.751698640975862394e-04 -5.006848376523899890e-04 -1.366394984779534119e-03 0.000000000000000000e+00 9.298923695986675148e-04 3.230939611368353675e-04 -8.678658423270887480e-05 4.036347058794351357e-04 8.234031091376989634e-05 2.024250529733301232e-04 -3.074564119584675070e-04
-1.117176736311191812e-03 -6.942715226591584599e-04 -1.094608376279582532e-03 -2.546722708430605806e-03 9.298923695986675148e-04 0.000000000000000000e+00 -3.059045658116813253e-04 -7.695302829798444585e-04 -3.074534166224584739e-03 2.086085600292704001e-04 -1.382869683425085516e-03 -9.871294671578434432e-04
2.371492040351956695e-04 -4.593352605867325367e-04 -2.466471461105304249e-04 1.518585745603935882e-04 3.230939611368353675e-04 -3.059045658116813253e-04 0.000000000000000000e+00 3.294082099893269264e-04 8.066961130410160035e-05 7.044161584528070813e-05 -5.690399428071761452e-05 -1.441627582963468364e-04
-9.082219056456616174e-04 5.462429572856139433e-05 3.623768235108717193e-04 -1.052265686933163925e-03 -8.678658423270887480e-05 -7.695302829798444585e-04 3.294082099893269264e-04 0.000000000000000000e+00 -1.211475888588875493e-03 7.685709776283046945e-04 -2.441876738949301322e-04 3.169474371472536574e-04
5.308300896359178676e-04 2.058965364631703903e-04 -3.294350965953588201e-04 2.262466222892982586e-03 4.036347058794351357e-04 -3.074534166224584739e-03 8.066961130410160035e-05 -1.211475888588875493e-03 0.000000000000000000e+00 -5.647869626287134589e-04 -1.921771319744966467e-03 -8.347995680593878328e-04
3.022809303501241282e-04 -1.908589124142404830e-04 -1.968184138735064824e-04 -8.646860306195811247e-04 8.234031091376989634e-05 2.086085600292704001e-04 7.044161584528070813e-05 7.685709776283046945e-04 -5.647869626287134589e-04 0.000000000000000000e+00 -1.565052010611651901e-03 -6.105673436823895244e-04
-1.138762003873802515e-03 6.015662792805958215e-04 9.282156931311708698e-04 -1.122237140089277522e-03 2.024250529733301232e-04 -1.382869683425085516e-03 -5.690399428071761452e-05 -2.441876738949301322e-04 -1.921771319744966467e-03 -1.565052010611651901e-03 0.000000000000000000e+00 8.388627094784465929e-04
1.601164710126142161e-04 -3.391743273549192427e-04 -8.825782617929745248e-04 8.945729282677765013e-04 -3.074564119584675070e-04 -9.871294671578434432e-04 -1.441627582963468364e-04 3.169474371472536574e-04 -8.347995680593878328e-04 -6.105673436823895244e-04 8.388627094784465929e-04 0.000000000000000000e+00
