0.000000000000000000e+00 -2.792520168856066441e-04 -2.984857818773687570e-04 9.989310219162641537e-04 2.507247559412197437e-04 -1.828633020809848880e-04 -2.870231528438626405e-04 8.325918327232343730e-04 4.892941408148937434e-04 -5.039392335409804058e-04 3.695336294251113296e-04 -6.053683029912324811e-04
-2.792520168856066441e-04 0.000000000000000000e+00 -2.551744611622403327e-04 3.342621834068292669e-04 -1.441035225879476326e-04 -6.307203860111894626e-04 -2.500576014561632296e-04 1.796138127710115886e-04 -3.161776335343173517e-04 2.054883211348168537e-04 -2.584894398120291740e-04 -1.335971099076377073e-04
-2.984857818773687570e-04 -2.551744611622403327e-04 0.000000000000000000e+00 -1.784134083961256341e-04 2.812416608935890410e-04 8.183079937963398144e-04 -4.853066796796651618e-04 1.632630926437049078e-04 3.411212613097045626e-04 1.879969548430325565e-04 -2.616650701514323073e-04 4.044751234579341487e-04
9.989310219162641537e-04 3.342621834068292669e-04 -1.784134083961256341e-04 0.000000000000000000e+00 1.397312153741337099e-04 -2.899709412305418853e-03 -9.149669030716503591e-04 1.576883711922279219e-03 -2.025580138050804644e-03 -2.206700678283284815e-03 1.473080193738966043e-04 1.339145899820708748e-03
2.507247559412197437e-04 -1.441035225879476326e-04 2.812416608935890410e-04 1.397312153741337099e-04 0.000000000000000000e+00 2.466563952720254900e-05 -2.184279734767531611e-04 -1.872986270639172247e-04 6.838324729409520205e-04 1.420654230594092305e-04 -2.865902967933647112e-04 -7.631105971431620969e-05
-1.828633020809848880e-04 -6.307203860111894626e-04 8.183079937963398144e-04 -2.899709412305418853e-03 2.466563952720254900e-05 0.000000000000000000e+00 4.553070241643524408e-04 1.769342405364440285e-03 4.219020249677027509e-04 2.065905255747913123e-03 9.539990656812649770e-04 3.223559350339421726e-04
-2.870231528438626405e-04 -2.500576014561632296e-04 -4.853066796796651618e-04 -9.149669030716503591e-04 -2.184279734767531611e-04 4.553070241643524408e-04 0.000000000000000000e+00 -2.426152370097267661e-04 -4.319181352493229112e-04 1.306696538445628890e-04 1.743187591845700478e-04 1.037403439160876584e-04
8.325918327232343730e-04 1.796138127710115886e-04 1.632630926437049078e-04 1.576883711922279219e-03 -1.872986270639172247e-04 1.769342405364440285e-03 -2.426152370097267661e-04 0.000000000000000000e+00 -8.609421885663765548e-04 5.481594224405043382e-04 1.031062319019754314e-03 2.241031917249482197e-04
4.892941408148937434e-04 -3.161776335343173517e-04 3.411212613097045626e-04 -2.025580138050804644e-03 6.838324729409520205e-04 4.219020249677027509e-04 -4.319181352493229112e-04 -8.609421885663765548e-04 0.000000000000000000e+00 -1.522344781064151852e-03 1.357948547149853301e-03 -5.694233319704622952e-04
-5.039392335409804058e-04 2.054883211348168537e-04 1.879969548430325565e-04 -2.206700678283284815e-03 1.420654230594092305e-04 2.065905255747913123e-03 1.306696538445628890e-04 5.481594224405043382e-04 -1.522344781064151852e-03 0.000000000000000000e+00 -1.920718671136316521e-03 -5.693486142842123753e-04
3.695336294251113296e-04 -2.584894398120291740e-04 -2.616650701514323073e-04 1.473080193738966043e-04 -2.865902967933647112e-04 9.539990656812649770e-04 1.743187591845700478e-04 1.031062319019754314e-03 1.357948547149853301e-03 -1.920718671136316521e-03 0.000000000000000000e+00 7.892418881910633283e-04
-6.053683029912324811e-04 -1.335971099076377073e-04 4.044751234579341487e-04 1.339145899820708748e-03 -7.631105971431620969e-05 3.223559350339421726e-04 1.037403439160876584e-04 2.241031917249482197e-04 -5.694233319704622952e-04 -5.693486142842123753e-04 7.892418881910633283e-04 0.000000000000000000e+00
