0.000000000000000000e+00 8.719115025829438570e-05 2.583445602667522952e-04 1.875569094220444271e-03 -2.623181097916349762e-04 2.365511793292680940e-03 3.983493578631436228e-04 -2.245947614837350882e-04 -1.356986344435109253e-03 -6.951676982260806929e-04 5.002283568484566225e-04 -4.115731570842498890e-04
8.719115025829438570e-05 0.000000000000000000e+00 -3.155478689409612378e-05 4.742062079692380963e-04 -1.150509868350758187e-04 -5.438273170895783180e-04 -1.259783137932238869e-04 1.471982117040716680e-04 -4.118104417167343457e-04 6.781865514562820073e-04 -5.728606414651544456e-04 2.400908554557835896e-04
2.583445602667522952e-04 -3.155478689409612378e-05 0.000000000000000000e+00 4.867038763228779836e-04 -2.579901197822004767e-04 2.634739490622085584e-04 -2.090853350111772683e-04 9.399480408343191280e-05 6.866751066574978033e-06 -4.594338031028043961e-04 6.236939765325778167e-04 -1.633545700956197139e-04
1.875569094220444271e-03 4.742062079692380963e-04 4.867038763228779836e-04 0.000000000000000000e+00 8.038676401748555021e-04 -1.034845001297005204e-03 1.319701566180471160e-03 -5.066348084504988759e-04 2.558571874729658000e-03 -6.805953702053652459e-06 1.987527183461479299e-03 7.303749248604318343e-05
-2.623181097916349762e-04 -1.150509868350758187e-04 -2.579901197822004767e-04 8.038676401748555021e-04 0.000000000000000000e+00 1.248962969097163790e-03 -2.619517803208747762e-05 -2.550112546107897288e-04 6.386465912636667000e-04 -3.801882815121198755e-04 -5.109111217189985562e-04 -4.314204165238355094e-04
2.365511793292680940e-03 -5.438273170895783180e-04 2.634739490622085584e-04 -1.034845001297005204e-03 1.248962969097163790e-03 0.000000000000000000e+00 1.323668962108191793e-03 -1.175149670878162167e-03 -1.121905158638236851e-04 5.367398821457727961e-05 1.739031943377743368e-03 6.279982150393847908e-04
3.983493578631436228e-04 -1.259783137932238869e-04 -2.090853350111772683e-04 1.319701566180471160e-03 -2.619517803208747762e-05 1.323668962108191793e-03 0.000000000000000000e+00 -3.824204993443561349e-04 -1.867383167675737464e-04 -4.360663155583947175e-04 3.257880070222188848e-04 4.125181373738912981e-04
-2.245947614837350882e-04 1.471982117040716680e-04 9.399480408343191280e-05 -5.066348084504988759e-04 -2.550112546107897288e-04 -1.175149670878162167e-03 -3.824204993443561349e-04 0.000000000000000000e+00 7.431561869809617717e-04 2.753996135012703583e-04 -1.422668644009809653e-03 -4.835717335105896384e-04
-1.356986344435109253e-03 -4.118104417167343457e-04 6.866751066574978033e-06 2.558571874729658000e-03 6.386465912636667000e-04 -1.121905158638236851e-04 -1.867383167675737464e-04 7.431561869809617717e-04 0.000000000000000000e+00 -7.409778190336363535e-04 -1.457622474380340393e-05 5.561663389857274964e-05
-6.951676982260806929e-04 6.781865514562820073e-04 -4.594338031028043961e-04 -6.805953702053652459e-06 -3.801882815121198755e-04 5.367398821457727961e-05 -4.360663155583947175e-04 2.753996135012703583e-04 -7.409778190336363535e-04 0.000000000000000000e+00 -2.742617417507154103e-04 6.119137590454285696e-04
5.002283568484566225e-04 -5.728606414651544456e-04 6.236939765325778167e-04 1.987527183461479299e-03 -5.109111217189985562e-04 1.739031943377743368e-03 3.257880070222188848e-04 -1.422668644009809653e-03 -1.457622474380340393e-05 -2.742617417507154103e-04 0.000000000000000000e+00 8.102124607724867219e-04
-4.115731570842498890e-04 2.400908554557835896e-04 -1.633545700956197139e-04 7.303749248604318343e-05 -4.314204165238355094e-04 6.279982150393847908e-04 4.125181373738912981e-04 -4.835717335105896384e-04 5.561663389857274964e-05 6.119137590454285696e-04 8.102124607724867219e-04 0.000000000000000000e+00
