0.000000000000000000e+00 7.826394716390419615e-04 -1.819932469762141529e-03 7.254351511856668190e-04 5.954328716039487520e-04 6.899761265685054818e-04 -2.411647316027138756e-03 1.546582590267551864e-04 4.200415568946672205e-04 -3.173451012940623086e-05 -7.862736871725318610e-04 1.882696460798517291e-03
7.826394716390419615e-04 0.000000000000000000e+00 -6.263095224621528833e-04 -7.675761995636069975e-05 2.127383381065407525e-04 -5.134524879004081711e-06 -3.358509032216793117e-04 -1.679500400523582023e-04 6.344305407029681397e-04 5.638967607654602138e-04 9.238230710099008889e-05 -2.857115597494867950e-04
-1.819932469762141529e-03 -6.263095224621528833e-04 0.000000000000000000e+00 1.231827596060704492e-03 -8.862535106348573555e-04 3.599718317976481207e-04 -1.017453060329084370e-03 -3.058087964360670227e-04 5.349352889922044619e-04 7.852406284876549142e-04 6.473806138537404340e-04 3.149483358199798612e-03
7.254351511856668190e-04 -7.675761995636069975e-05 1.231827596060704492e-03 0.000000000000000000e+00 8.929934541353521738e-04 9.463352688698353299e-05 4.212592546587146883e-04 -4.155627151049410455e-04 -1.487418824012084594e-03 7.994345000730038566e-04 1.829947723032927050e-04 3.330056214338269430e-03
5.954328716039487520e-04 2.127383381065407525e-04 -8.862535106348573555e-04 8.929934541353521738e-04 0.000000000000000000e+00 2.561794414081323100e-04 5.840936124812968469e-04 -4.899672209496946365e-04 -1.348389820424577960e-04 8.943716856370536759e-04 1.976556511951187199e-04 -2.009903164317621092e-03
6.899761265685054818e-04 -5.134524879004081711e-06 3.599718317976481207e-04 9.463352688698353299e-05 2.561794414081323100e-04 0.000000000000000000e+00 -4.759362274946657293e-04 3.830806837704440180e-04 2.543360142232118813e-04 3.576178399622010969e-07 -1.134264111014179302e-04 -2.364496803100694774e-06
-2.411647316027138756e-03 -3.358509032216793117e-04 -1.017453060329084370e-03 4.212592546587146883e-04 5.840936124812968469e-04 -4.759362274946657293e-04 0.000000000000000000e+00 -2.619829753375009897e-04 -4.909079776581723898e-05 2.219207441117084379e-04 -2.655702409124121644e-04 5.718953731160662541e-04
1.546582590267551864e-04 -1.679500400523582023e-04 -3.058087964360670227e-04 -4.155627151049410455e-04 -4.899672209496946365e-04 3.830806837704440180e-04 -2.619829753375009897e-04 0.000000000000000000e+00 9.086973444141653773e-05 -6.859679443944876069e-06 -1.543737856631531276e-04 3.702005884503910618e-04
4.200415568946672205e-04 6.344305407029681397e-04 5.349352889922044619e-04 -1.487418824012084594e-03 -1.348389820424577960e-04 2.543360142232118813e-04 -4.909079776581723898e-05 9.086973444141653773e-05 0.000000000000000000e+00 5.388273080132737099e-04 -2.257569324339660558e-04 6.920037768485701266e-04
-3.173451012940623086e-05 5.638967607654602138e-04 7.852406284876549142e-04 7.994345000730038566e-04 8.943716856370536759e-04 3.576178399622010969e-07 2.219207441117084379e-04 -6.859679443944876069e-06 5.388273080132737099e-04 0.000000000000000000e+00 -3.353423090060715466e-05 7.138714032683658945e-04
-7.862736871725318610e-04 9.238230710099008889e-05 6.473806138537404340e-04 1.829947723032927050e-04 1.976556511951187199e-04 -1.134264111014179302e-04 -2.655702409124121644e-04 -1.543737856631531276e-04 -2.257569324339660558e-04 -3.353423090060715466e-05 0.000000000000000000e+00 -9.013188376169904356e-04
1.882696460798517291e-03 -2.857115597494867950e-04 3.149483358199798612e-03 3.330056214338269430e-03 -2.009903164317621092e-03 -2.364496803100694774e-06 5.718953731160662541e-04 3.702005884503910618e-04 6.920037768485701266e-04 7.138714032683658945e-04 -9.013188376169904356e-04 0.000000000000000000e+00
