0.000000000000000000e+00 -1.245408575092219383e-04 -1.408586311762591520e-03 2.590330362329054410e-03 -4.619734472800758954e-04 -9.178273713000821175e-04 1.382545933730905527e-03 7.015043202199717793e-04 6.417637689191639511e-06 -5.395593288123859584e-04 -5.384113973377472641e-04 8.341314787844619468e-04
-1.245408575092219383e-04 0.000000000000000000e+00 -2.663734332822361318e-04 5.590298234116758153e-04 3.213426871507744464e-04 4.854176271349463275e-04 5.131135823242192725e-04 9.010796562961382271e-05 1.238339322670713259e-04 5.141250255061561485e-04 3.194091531104271595e-04 -1.151048116575250106e-03
-1.408586311762591520e-03 -2.663734332822361318e-04 0.000000000000000000e+00 -2.343574103139376124e-03 -1.216579297912651113e-03 -1.211092821671583622e-03 -5.757499455345138238e-04 -4.234233572993692648e-04 -4.793881821918844887e-05 1.978181323697984404e-04 1.760729654061279957e-04 -1.634943301094126441e-03
2.590330362329054410e-03 5.590298234116758153e-04 -2.343574103139376124e-03 0.000000000000000000e+00 -5.502073965721157893e-04 -3.841373057228823247e-05 1.246714695205410712e-03 -7.244405218576491852e-05 -3.024541194843640953e-04 9.345785199068718224e-04 -2.311949814543652300e-04 2.468996484389153565e-03
-4.619734472800758954e-04 3.213426871507744464e-04 -1.216579297912651113e-03 -5.502073965721157893e-04 0.000000000000000000e+00 -4.015605638218605351e-04 -1.078268040143582452e-04 3.706254464124653395e-04 -4.749574391699391026e-04 -1.364601912373978568e-04 -2.351300614485922068e-04 -8.937975688175015584e-04
-9.178273713000821175e-04 4.854176271349463275e-04 -1.211092821671583622e-03 -3.841373057228823247e-05 -4.015605638218605351e-04 0.000000000000000000e+00 -6.991975793877084721e-05 6.371869174828103007e-04 -2.013435136198186732e-04 1.398368623327787862e-04 4.072415246161731751e-05 1.049396621317891823e-04
1.382545933730905527e-03 5.131135823242192725e-04 -5.757499455345138238e-04 1.246714695205410712e-03 -1.078268040143582452e-04 -6.991975793877084721e-05 0.000000000000000000e+00 -2.245321669346217225e-04 -2.775085106208832362e-04 1.724261749566118529e-04 1.111127127456020160e-04 -2.438120773639792529e-04
7.015043202199717793e-04 9.010796562961382271e-05 -4.234233572993692648e-04 -7.244405218576491852e-05 3.706254464124653395e-04 6.371869174828103007e-04 -2.245321669346217225e-04 0.000000000000000000e+00 -3.629213155165853422e-05 2.281900560527336036e-04 2.736115192118711357e-04 6.776832683709849365e-04
6.417637689191639511e-06 1.238339322670713259e-04 -4.793881821918844887e-05 -3.024541194843640953e-04 -4.749574391699391026e-04 -2.013435136198186732e-04 -2.775085106208832362e-04 -3.629213155165853422e-05 0.000000000000000000e+00 -1.002493185916280226e-04 -4.583226563261911970e-04 -1.226216555107828652e-03
-5.395593288123859584e-04 5.141250255061561485e-04 1.978181323697984404e-04 9.345785199068718224e-04 -1.364601912373978568e-04 1.398368623327787862e-04 1.724261749566118529e-04 2.281900560527336036e-04 -1.002493185916280226e-04 0.000000000000000000e+00 9.322453230750128716e-05 1.072162491461904117e-04
-5.384113973377472641e-04 3.194091531104271595e-04 1.760729654061279957e-04 -2.311949814543652300e-04 -2.351300614485922068e-04 4.072415246161731751e-05 1.111127127456020160e-04 2.736115192118711357e-04 -4.583226563261911970e-04 9.322453230750128716e-05 0.000000000000000000e+00 -2.786423444531023323e-04
8.341314787844619468e-04 -1.151048116575250106e-03 -1.634943301094126441e-03 2.468996484389153565e-03 -8.937975688175015584e-04 1.049396621317891823e-04 -2.438120773639792529e-04 6.776832683709849365e-04 -1.226216555107828652e-03 1.072162491461904117e-04 -2.786423444531023323e-04 0.000000000000000000e+00
