0.000000000000000000e+00 9.207041458438803205e-04 -9.824853049222195367e-05 -1.372935963271623098e-03 -6.461942446391648288e-04 2.221983032112473725e-04 5.473063207717943645e-06 -7.861220526852499271e-04 -6.688029114533892419e-04 -6.968242735810079675e-04 -8.252870142132361260e-04 -2.097677540062988736e-03
9.207041458438803205e-04 0.000000000000000000e+00 -6.770796472458981809e-04 6.686608646278961472e-04 3.836957548311460795e-04 1.329013707685916849e-04 3.806394250474473247e-04 -3.274163345564189967e-04 2.956773246498031429e-05 -1.901031835756963981e-04 -1.001503377871432762e-04 -1.002056318581484844e-03
-9.824853049222195367e-05 -6.770796472458981809e-04 0.000000000000000000e+00 -1.333983019125692306e-03 -5.693912039612433317e-04 -4.185564800545101363e-04 1.220321152345176744e-03 4.543377004013388933e-04 1.392860684591546737e-05 -5.387465531250186556e-04 9.044605833603229896e-04 -1.786052215038731392e-03
-1.372935963271623098e-03 6.686608646278961472e-04 -1.333983019125692306e-03 0.000000000000000000e+00 -1.518389411507545033e-04 -3.143139621577116689e-04 1.117932692692331963e-03 -5.547190308848226527e-04 6.020164179790093995e-04 1.289691932004011655e-03 -2.267748184530342490e-04 3.119511591521397995e-04
-6.461942446391648288e-04 3.836957548311460795e-04 -5.693912039612433317e-04 -1.518389411507545033e-04 0.000000000000000000e+00 -1.201357272821854040e-04 2.602507804235405808e-04 1.159679669686052537e-04 9.400353534853386913e-05 -2.931925555160941991e-05 1.215912358185651911e-04 2.616920461728283655e-04
2.221983032112473725e-04 1.329013707685916849e-04 -4.185564800545101363e-04 -3.143139621577116689e-04 -1.201357272821854040e-04 0.000000000000000000e+00 3.672779685380490248e-04 -1.906008077626943499e-04 2.825684090105567829e-04 -4.575650056076737771e-04 -8.893954868433889989e-05 1.208034399305091136e-03
5.473063207717943645e-06 3.806394250474473247e-04 1.220321152345176744e-03 1.117932692692331963e-03 2.602507804235405808e-04 3.672779685380490248e-04 0.000000000000000000e+00 -1.436979323638562631e-04 -5.209006813697085561e-05 -2.207692432289994143e-04 4.941616736336344566e-04 -1.438970238634142097e-03
-7.861220526852499271e-04 -3.274163345564189967e-04 4.543377004013388933e-04 -5.547190308848226527e-04 1.159679669686052537e-04 -1.906008077626943499e-04 -1.436979323638562631e-04 0.000000000000000000e+00 -2.389375648383594000e-04 2.561954634420919222e-05 -1.289723852400980256e-04 2.739324661297841098e-05
-6.688029114533892419e-04 2.956773246498031429e-05 1.392860684591546737e-05 6.020164179790093995e-04 9.400353534853386913e-05 2.825684090105567829e-04 -5.209006813697085561e-05 -2.389375648383594000e-04 0.000000000000000000e+00 2.981119784188503532e-05 -2.813244603282371767e-04 -1.431238049058503829e-03
-6.968242735810079675e-04 -1.901031835756963981e-04 -5.387465531250186556e-04 1.289691932004011655e-03 -2.931925555160941991e-05 -4.575650056076737771e-04 -2.207692432289994143e-04 2.561954634420919222e-05 2.981119784188503532e-05 0.000000000000000000e+00 -1.677601364529738453e-04 -1.752914333788029933e-03
-8.252870142132361260e-04 -1.001503377871432762e-04 9.044605833603229896e-04 -2.267748184530342490e-04 1.215912358185651911e-04 -8.893954868433889989e-05 4.941616736336344566e-04 -1.289723852400980256e-04 -2.813244603282371767e-04 -1.677601364529738453e-04 0.000000000000000000e+00 1.708653363203951154e-04
-2.097677540062988736e-03 -1.002056318581484844e-03 -1.786052215038731392e-03 3.119511591521397995e-04 2.616920461728283655e-04 1.208034399305091136e-03 -1.438970238634142097e-03 2.739324661297841098e-05 -1.431238049058503829e-03 -1.752914333788029933e-03 1.708653363203951154e-04 0.000000000000000000e+00
