0.000000000000000000e+00 1.631934089247923916e-04 -1.034138457136581828e-03 -1.012927628889665225e-03 -1.079614891114031965e-03 -6.699463818441537752e-04 2.720812513927206724e-05 1.046918564890551254e-04 4.937130931659957592e-04 1.255834951552124365e-03 -4.950493619451832396e-05 3.462326489262753737e-04
1.631934089247923916e-04 0.000000000000000000e+00 -6.225114124217347470e-04 9.140300197688592133e-04 -3.476617940892477851e-04 9.785090419066566582e-05 3.332775485077616590e-04 -2.805452388502757580e-04 3.845657368387834173e-06 -4.940149637730812835e-04 6.021855131424178617e-04 9.416323053996697185e-04
-1.034138457136581828e-03 -6.225114124217347470e-04 0.000000000000000000e+00 -8.204918372360565405e-04 -2.802034901716713463e-04 7.049709255395225941e-04 1.938370033419535392e-03 7.128612782146691480e-04 9.081630659302056567e-04 1.035099865005204337e-04 -3.823977063518171703e-05 2.661950384722819307e-03
-1.012927628889665225e-03 9.140300197688592133e-04 -8.204918372360565405e-04 0.000000000000000000e+00 1.309783647542295303e-03 -6.054270455647902923e-04 1.617155610808307473e-03 -3.234495590272992911e-04 -1.063636137644981532e-03 -1.609063466983865463e-04 -4.997013075670138143e-04 4.283297003189461861e-03
-1.079614891114031965e-03 -3.476617940892477851e-04 -2.802034901716713463e-04 1.309783647542295303e-03 0.000000000000000000e+00 -1.002870438758582931e-04 -3.336818170566892934e-04 1.740542634552384304e-04 -5.876272426873309146e-04 1.842648654313344615e-04 4.781355717301757641e-04 -1.375380186124994155e-03
-6.699463818441537752e-04 9.785090419066566582e-05 7.049709255395225941e-04 -6.054270455647902923e-04 -1.002870438758582931e-04 0.000000000000000000e+00 8.320468672803284140e-04 -1.591557259754979416e-04 4.100416607149769653e-04 1.761908871000031612e-04 -4.447964945007432656e-04 -1.428911011480232503e-03
2.720812513927206724e-05 3.332775485077616590e-04 1.938370033419535392e-03 1.617155610808307473e-03 -3.336818170566892934e-04 8.320468672803284140e-04 0.000000000000000000e+00 -9.655042300361956083e-05 -7.297483018844636146e-04 -7.546764046458491861e-04 -3.426148023152762105e-04 -1.022302513123880948e-03
1.046918564890551254e-04 -2.805452388502757580e-04 7.128612782146691480e-04 -3.234495590272992911e-04 1.740542634552384304e-04 -1.591557259754979416e-04 -9.655042300361956083e-05 0.000000000000000000e+00 -4.962306614903832592e-04 4.459024259077581996e-04 -3.687167464995952100e-04 -2.338813374596536866e-03
4.937130931659957592e-04 3.845657368387834173e-06 9.081630659302056567e-04 -1.063636137644981532e-03 -5.876272426873309146e-04 4.100416607149769653e-04 -7.297483018844636146e-04 -4.962306614903832592e-04 0.000000000000000000e+00 -4.649766493767920324e-05 -2.359221810605810878e-04 7.922116817779164795e-04
1.255834951552124365e-03 -4.940149637730812835e-04 1.035099865005204337e-04 -1.609063466983865463e-04 1.842648654313344615e-04 1.761908871000031612e-04 -7.546764046458491861e-04 4.459024259077581996e-04 -4.649766493767920324e-05 0.000000000000000000e+00 -9.182990693195664965e-05 2.925961168395409739e-04
-4.950493619451832396e-05 6.021855131424178617e-04 -3.823977063518171703e-05 -4.997013075670138143e-04 4.781355717301757641e-04 -4.447964945007432656e-04 -3.426148023152762105e-04 -3.687167464995952100e-04 -2.359221810605810878e-04 -9.182990693195664965e-05 0.000000000000000000e+00 3.300627077467742170e-04
3.462326489262753737e-04 9.416323053996697185e-04 2.661950384722819307e-03 4.283297003189461861e-03 -1.375380186124994155e-03 -1.428911011480232503e-03 -1.022302513123880948e-03 -2.338813374596536866e-03 7.922116817779164795e-04 2.925961168395409739e-04 3.300627077467742170e-04 0.000000000000000000e+00
