0.000000000000000000e+00 9.189299270781768917e-04 4.471812478739781789e-04 -1.648677930421749279e-03 1.485130339832326429e-04 -1.235179233136684044e-04 -3.326679727716239186e-04 6.008130042337286652e-04 2.922914060750557669e-04 -5.152643935244989896e-04 -1.976500330765338688e-04 2.817279018970032366e-03
9.189299270781768917e-04 0.000000000000000000e+00 4.019031559121714696e-04 -1.796450047955125168e-04 1.518701120486712526e-04 -1.346581921435950993e-04 1.161227017354600410e-05 -3.848652279166113336e-04 1.127090378695256385e-04 -4.203919302913549576e-04 -3.340882146682831125e-04 1.228155916438396830e-03
4.471812478739781789e-04 4.019031559121714696e-04 0.000000000000000000e+00 -3.558613370889917161e-04 4.295082969796042063e-04 -1.688238394512086519e-03 2.015954299462244801e-04 1.171074786432650585e-03 3.793169149765514866e-04 -3.025754243914099495e-04 5.107997073206919664e-04 -2.217713443321598678e-03
-1.648677930421749279e-03 -1.796450047955125168e-04 -3.558613370889917161e-04 0.000000000000000000e+00 1.133526213194627468e-03 -9.106948168342907232e-04 -1.443796219891546606e-03 -1.611940679441062080e-03 -2.867984537357575717e-04 7.516604031893734045e-04 2.521974483143696886e-04 3.093279037672224383e-04
1.485130339832326429e-04 1.518701120486712526e-04 4.295082969796042063e-04 1.133526213194627468e-03 0.000000000000000000e+00 -6.285073618472978305e-04 -1.249661014615777556e-04 -9.123461811570234058e-05 -1.293732391338822479e-04 1.854433356102814883e-04 -5.798009248798804982e-05 -1.313531294022800408e-03
-1.235179233136684044e-04 -1.346581921435950993e-04 -1.688238394512086519e-03 -9.106948168342907232e-04 -6.285073618472978305e-04 0.000000000000000000e+00 1.141154396382617231e-04 -1.171277617695577929e-03 5.009639852020377837e-04 3.482114679088657507e-04 1.813571349470904676e-04 5.655583393146010427e-05
-3.326679727716239186e-04 1.161227017354600410e-05 2.015954299462244801e-04 -1.443796219891546606e-03 -1.249661014615777556e-04 1.141154396382617231e-04 0.000000000000000000e+00 6.650147400996655935e-04 9.243553665407122470e-04 -1.543663293913982639e-04 -1.988847981627045783e-04 -2.682511875254297695e-03
6.008130042337286652e-04 -3.848652279166113336e-04 1.171074786432650585e-03 -1.611940679441062080e-03 -9.123461811570234058e-05 -1.171277617695577929e-03 6.650147400996655935e-04 0.000000000000000000e+00 -4.933421387064315205e-05 4.746456197511602693e-04 2.023494028488759180e-04 1.826096153017192159e-03
2.922914060750557669e-04 1.127090378695256385e-04 3.793169149765514866e-04 -2.867984537357575717e-04 -1.293732391338822479e-04 5.009639852020377837e-04 9.243553665407122470e-04 -4.933421387064315205e-05 0.000000000000000000e+00 9.390177416652540851e-05 -2.538035992019852124e-05 -1.089739466056921296e-03
-5.152643935244989896e-04 -4.203919302913549576e-04 -3.025754243914099495e-04 7.516604031893734045e-04 1.854433356102814883e-04 3.482114679088657507e-04 -1.543663293913982639e-04 4.746456197511602693e-04 9.390177416652540851e-05 0.000000000000000000e+00 1.673004865138547840e-04 1.216423395188016973e-03
-1.976500330765338688e-04 -3.340882146682831125e-04 5.107997073206919664e-04 2.521974483143696886e-04 -5.798009248798804982e-05 1.813571349470904676e-04 -1.988847981627045783e-04 2.023494028488759180e-04 -2.538035992019852124e-05 1.673004865138547840e-04 0.000000000000000000e+00 -1.303172082639773453e-04
2.817279018970032366e-03 1.228155916438396830e-03 -2.217713443321598678e-03 3.093279037672224383e-04 -1.313531294022800408e-03 5.655583393146010427e-05 -2.682511875254297695e-03 1.826096153017192159e-03 -1.089739466056921296e-03 1.216423395188016973e-03 -1.303172082639773453e-04 0.000000000000000000e+00
