0.000000000000000000e+00 -5.670171832766562442e-05 -6.742401871594782322e-04 -6.337085487723627007e-04 -3.734836817139453057e-04 2.178105949977471203e-04 -1.685572122958502574e-04 1.304553981323517201e-03 -1.208573432743044744e-04 3.291396779962206293e-04 5.154550530140839578e-04 3.213027268850088703e-04
-5.670171832766562442e-05 0.000000000000000000e+00 -1.320135384063035773e-03 4.097585503765680264e-04 1.243230097010524025e-04 -6.188468495023270342e-04 -7.273646220096117694e-04 3.177533554046493326e-04 1.493113767555796225e-04 1.148136493723053665e-03 -1.231284821762527407e-03 1.966196994976903572e-04
-6.742401871594782322e-04 -1.320135384063035773e-03 0.000000000000000000e+00 -1.774741322439459391e-04 3.104129583474266258e-04 7.717061855551060438e-04 4.101288800843649776e-04 -2.450384675251041284e-04 9.170142482846537543e-04 3.626712409996711312e-03 1.318658040698564857e-03 1.761697230365551073e-03
-6.337085487723627007e-04 4.097585503765680264e-04 -1.774741322439459391e-04 0.000000000000000000e+00 -1.301253740764220517e-04 4.837057081231302467e-04 -8.543312806364663798e-04 1.572334406910339617e-04 6.295315773171690195e-04 1.190876410684307525e-03 -9.550271370753479826e-05 -4.215741278948035523e-04
-3.734836817139453057e-04 1.243230097010524025e-04 3.104129583474266258e-04 -1.301253740764220517e-04 0.000000000000000000e+00 2.398381379342432406e-04 5.430308424306383875e-04 9.710107515549743027e-04 -9.623206746320862133e-04 -1.024943216373525463e-05 4.231954589584274317e-04 4.065314190608192092e-04
2.178105949977471203e-04 -6.188468495023270342e-04 7.717061855551060438e-04 4.837057081231302467e-04 2.398381379342432406e-04 0.000000000000000000e+00 -7.391944598365539094e-04 1.381940372934968889e-04 -4.553167580813459502e-04 -9.618985308102861185e-04 -2.653295329476328774e-04 1.189702788563462658e-04
-1.685572122958502574e-04 -7.273646220096117694e-04 4.101288800843649776e-04 -8.543312806364663798e-04 5.430308424306383875e-04 -7.391944598365539094e-04 0.000000000000000000e+00 -9.130384315838843213e-04 -4.213811485997715086e-04 5.722833134057201407e-04 1.732387662965374601e-03 -1.745326435187097248e-03
1.304553981323517201e-03 3.177533554046493326e-04 -2.450384675251041284e-04 1.572334406910339617e-04 9.710107515549743027e-04 1.381940372934968889e-04 -9.130384315838843213e-04 0.000000000000000000e+00 2.174785112582416956e-04 4.137526128668334328e-04 1.354084608180241601e-03 4.735542354877073909e-05
-1.208573432743044744e-04 1.493113767555796225e-04 9.170142482846537543e-04 6.295315773171690195e-04 -9.623206746320862133e-04 -4.553167580813459502e-04 -4.213811485997715086e-04 2.174785112582416956e-04 0.000000000000000000e+00 -1.486599051508720210e-04 -5.354023806982475923e-04 -3.340989788338334979e-04
3.291396779962206293e-04 1.148136493723053665e-03 3.626712409996711312e-03 1.190876410684307525e-03 -1.024943216373525463e-05 -9.618985308102861185e-04 5.722833134057201407e-04 4.137526128668334328e-04 -1.486599051508720210e-04 0.000000000000000000e+00 9.368592379441519676e-04 1.528081799956450618e-03
5.154550530140839578e-04 -1.231284821762527407e-03 1.318658040698564857e-03 -9.550271370753479826e-05 4.231954589584274317e-04 -2.653295329476328774e-04 1.732387662965374601e-03 1.354084608180241601e-03 -5.354023806982475923e-04 9.368592379441519676e-04 0.000000000000000000e+00 -6.178034176166953420e-04
3.213027268850088703e-04 1.966196994976903572e-04 1.761697230365551073e-03 -4.215741278948035523e-04 4.065314190608192092e-04 1.189702788563462658e-04 -1.745326435187097248e-03 4.735542354877073909e-05 -3.340989788338334979e-04 1.528081799956450618e-03 -6.178034176166953420e-04 0.000000000000000000e+00
