0.000000000000000000e+00 2.957189435366056615e-04 7.748654798207764427e-04 -3.087183648829408458e-04 -4.869494125377361524e-04 9.572638191798443528e-06 5.176167066996512035e-04 -3.151241356891710133e-04 3.307562598012107527e-05 6.865812754166856786e-04 -1.812872539417604699e-04 -3.098659898187146105e-04
2.957189435366056615e-04 0.000000000000000000e+00 -1.788558703807681990e-04 3.448941313198648079e-05 -6.900492249585324670e-04 7.856237210754526805e-05 -9.666520172785694992e-05 8.522358201572701299e-04 2.058788026742758921e-04 1.027614047699387453e-03 -2.745948002243705122e-04 1.044222599512129236e-04
7.748654798207764427e-04 -1.788558703807681990e-04 0.000000000000000000e+00 -6.836744101655503961e-04 -1.061905837690029246e-03 -1.004235773880916621e-03 -1.706974179734285172e-03 2.358832058803627275e-03 -1.034633028326963902e-03 -4.741346211344042542e-03 8.668994571750403061e-04 -1.617045538879484552e-04
-3.087183648829408458e-04 3.448941313198648079e-05 -6.836744101655503961e-04 0.000000000000000000e+00 -2.048116189849951243e-04 4.059748632450413397e-04 7.601552174869203075e-05 -4.086232768987315312e-04 -2.270081364867257629e-04 1.170885470830188404e-03 7.648851541422284741e-04 2.789514676349830842e-04
-4.869494125377361524e-04 -6.900492249585324670e-04 -1.061905837690029246e-03 -2.048116189849951243e-04 0.000000000000000000e+00 4.963761400315607614e-04 -5.489559047588535084e-04 1.040503297455090367e-04 -3.022344649780533141e-04 7.026565372486143733e-04 -6.296524507197397646e-05 6.553008891048007871e-04
9.572638191798443528e-06 7.856237210754526805e-05 -1.004235773880916621e-03 4.059748632450413397e-04 4.963761400315607614e-04 0.000000000000000000e+00 -6.579541152977684939e-04 6.950049396873170422e-04 3.183493153125521616e-04 -1.030487475480893443e-03 1.139548244886715906e-04 4.511904994117937884e-04
5.176167066996512035e-04 -9.666520172785694992e-05 -1.706974179734285172e-03 7.601552174869203075e-05 -5.489559047588535084e-04 -6.579541152977684939e-04 0.000000000000000000e+00 1.681786146336550951e-03 1.243316663727844123e-04 1.502587814973296203e-03 -1.433947911170121861e-03 -2.125323672944704227e-04
-3.151241356891710133e-04 8.522358201572701299e-04 2.358832058803627275e-03 -4.086232768987315312e-04 1.040503297455090367e-04 6.950049396873170422e-04 1.681786146336550951e-03 0.000000000000000000e+00 -2.090264106426691342e-04 -2.350866834490869701e-03 -2.367595827044364967e-03 6.299822181473054093e-04
3.307562598012107527e-05 2.058788026742758921e-04 -1.034633028326963902e-03 -2.270081364867257629e-04 -3.022344649780533141e-04 3.183493153125521616e-04 1.243316663727844123e-04 -2.090264106426691342e-04 0.000000000000000000e+00 -4.621629264175256577e-04 4.664249001015634386e-04 -2.260773868640807930e-04
6.865812754166856786e-04 1.027614047699387453e-03 -4.741346211344042542e-03 1.170885470830188404e-03 7.026565372486143733e-04 -1.030487475480893443e-03 1.502587814973296203e-03 -2.350866834490869701e-03 -4.621629264175256577e-04 0.000000000000000000e+00 -9.596946418427597988e-04 -7.562656162101494999e-05
-1.812872539417604699e-04 -2.745948002243705122e-04 8.668994571750403061e-04 7.648851541422284741e-04 -6.296524507197397646e-05 1.139548244886715906e-04 -1.433947911170121861e-03 -2.367595827044364967e-03 4.664249001015634386e-04 -9.596946418427597988e-04 0.000000000000000000e+00 -3.508523742855710367e-04
-3.098659898187146105e-04 1.044222599512129236e-04 -1.617045538879484552e-04 2.789514676349830842e-04 6.553008891048007871e-04 4.511904994117937884e-04 -2.125323672944704227e-04 6.299822181473054093e-04 -2.260773868640807930e-04 -7.562656162101494999e-05 -3.508523742855710367e-04 0.000000000000000000e+00
