0.000000000000000000e+00 9.231606693274129296e-05 -7.739354666458745117e-04 3.145668464043270006e-06 -5.211518541174765996e-05 -4.277188801532505209e-04 -8.483840497494678245e-05 7.356631751375307870e-04 3.162204309877069265e-04 9.161289382313811446e-04 -2.240141724421438165e-04 1.239627499655875738e-04
9.231606693274129296e-05 0.000000000000000000e+00 1.379461618111743441e-03 -3.785466139798723459e-05 -3.451727082053789790e-04 3.388366265419598812e-04 6.323889664285447252e-04 4.938589101386982533e-04 1.771217650702220194e-04 2.088231102137769776e-04 -3.089477646676081044e-04 8.089803414012452154e-06
-7.739354666458745117e-04 1.379461618111743441e-03 0.000000000000000000e+00 -5.119797106439366802e-05 3.153141087915304415e-04 -7.978646517090404557e-05 1.748325072217000401e-03 2.707681021170318513e-03 -6.630889032441964967e-04 -7.363219064168074557e-04 1.186605011610325630e-03 4.991098770576043531e-04
3.145668464043270006e-06 -3.785466139798723459e-05 -5.119797106439366802e-05 0.000000000000000000e+00 3.838996410173624290e-06 -2.808302296361189646e-04 -1.636384833420427890e-04 1.829865694961926891e-04 -5.592853825148101972e-06 2.756588982492136938e-04 -1.760672340623855420e-04 3.110553161725745810e-04
-5.211518541174765996e-05 -3.451727082053789790e-04 3.153141087915304415e-04 3.838996410173624290e-06 0.000000000000000000e+00 5.059495884460790856e-04 1.382351926256281832e-04 8.707548669194403192e-05 -3.737319599013845918e-04 1.014852732525447045e-04 4.706031334969385947e-04 7.030132831177994404e-04
-4.277188801532505209e-04 3.388366265419598812e-04 -7.978646517090404557e-05 -2.808302296361189646e-04 5.059495884460790856e-04 0.000000000000000000e+00 -1.624586127180897887e-04 -4.706176425383974855e-04 1.104746357998921588e-04 -5.021290473621364868e-04 2.603619050270149964e-04 -2.689458742751475923e-04
-8.483840497494678245e-05 6.323889664285447252e-04 1.748325072217000401e-03 -1.636384833420427890e-04 1.382351926256281832e-04 -1.624586127180897887e-04 0.000000000000000000e+00 -1.930270391554168635e-03 -3.468876394411765369e-04 3.291228343882108762e-03 -1.007984755044215292e-04 8.419903269422429257e-05
7.356631751375307870e-04 4.938589101386982533e-04 2.707681021170318513e-03 1.829865694961926891e-04 8.707548669194403192e-05 -4.706176425383974855e-04 -1.930270391554168635e-03 0.000000000000000000e+00 3.279526816787282966e-05 -3.497687092509174991e-03 5.363589028688133670e-04 5.970983590781636955e-04
3.162204309877069265e-04 1.771217650702220194e-04 -6.630889032441964967e-04 -5.592853825148101972e-06 -3.737319599013845918e-04 1.104746357998921588e-04 -3.468876394411765369e-04 3.279526816787282966e-05 0.000000000000000000e+00 8.079171416265954440e-04 1.935161479177432075e-04 -1.785571408258860595e-04
9.161289382313811446e-04 2.088231102137769776e-04 -7.363219064168074557e-04 2.756588982492136938e-04 1.014852732525447045e-04 -5.021290473621364868e-04 3.291228343882108762e-03 -3.497687092509174991e-03 8.079171416265954440e-04 0.000000000000000000e+00 1.840362735643729210e-03 2.904271577755796591e-04
-2.240141724421438165e-04 -3.089477646676081044e-04 1.186605011610325630e-03 -1.760672340623855420e-04 4.706031334969385947e-04 2.603619050270149964e-04 -1.007984755044215292e-04 5.363589028688133670e-04 1.935161479177432075e-04 1.840362735643729210e-03 0.000000000000000000e+00 1.196890895378339330e-04
1.239627499655875738e-04 8.089803414012452154e-06 4.991098770576043531e-04 3.110553161725745810e-04 7.030132831177994404e-04 -2.689458742751475923e-04 8.419903269422429257e-05 5.970983590781636955e-04 -1.785571408258860595e-04 2.904271577755796591e-04 1.196890895378339330e-04 0.000000000000000000e+00
