0.000000000000000000e+00 9.402328796020206075e-05 -2.248655515822303665e-05 2.055804637298697644e-04 -1.441870317156470361e-05 4.209738339302650082e-04 -7.936189353783927461e-05 -2.531018296934594864e-04 -9.327357195935459305e-05 -1.229735940814641337e-04 5.460122893254868028e-05 4.179417000972625133e-04
9.402328796020206075e-05 0.000000000000000000e+00 5.504009219791809781e-04 4.400149142026931674e-04 1.132581253274091143e-04 -1.392512837215881738e-04 -1.956011519817055136e-04 1.066156427588307875e-04 -4.970394687269425772e-04 -9.952148828848055365e-04 5.550710502801111008e-04 5.574907335713412621e-04
-2.248655515822303665e-05 5.504009219791809781e-04 0.000000000000000000e+00 8.754982272127357669e-04 -2.236881730394634556e-03 -6.642554444777118948e-04 1.149043359293290198e-03 1.073257486173578162e-03 1.672386934236090713e-03 -3.094714658587849982e-05 1.862380160067566854e-04 -3.046946244549539394e-04
2.055804637298697644e-04 4.400149142026931674e-04 8.754982272127357669e-04 0.000000000000000000e+00 1.862358459740747635e-04 -6.082451419852493785e-05 8.445353102564863727e-05 6.501076891631427058e-04 2.064982901019444408e-05 1.952337164367675673e-03 -3.689635661677193534e-04 2.039863332699773108e-04
-1.441870317156470361e-05 1.132581253274091143e-04 -2.236881730394634556e-03 1.862358459740747635e-04 0.000000000000000000e+00 3.682521445016463365e-04 -5.981800543047047442e-04 -1.842460137058065609e-03 4.003786316350123136e-04 -1.128506971154255361e-03 6.761992152149368497e-04 1.021225341254338760e-03
4.209738339302650082e-04 -1.392512837215881738e-04 -6.642554444777118948e-04 -6.082451419852493785e-05 3.682521445016463365e-04 0.000000000000000000e+00 9.928389337621192860e-04 -1.542624947304033428e-03 -3.210200307995287662e-04 1.726434741331819714e-03 -2.872049452874633193e-05 2.108790761935842091e-04
-7.936189353783927461e-05 -1.956011519817055136e-04 1.149043359293290198e-03 8.445353102564863727e-05 -5.981800543047047442e-04 9.928389337621192860e-04 0.000000000000000000e+00 3.069174194308017518e-04 -6.061476350078968739e-04 8.846122272530053746e-04 -1.125302477403140574e-03 8.451778652897331103e-04
-2.531018296934594864e-04 1.066156427588307875e-04 1.073257486173578162e-03 6.501076891631427058e-04 -1.842460137058065609e-03 -1.542624947304033428e-03 3.069174194308017518e-04 0.000000000000000000e+00 -1.100477124379578564e-04 1.039860444016246386e-03 4.228284034124034558e-04 3.101247873066218072e-04
-9.327357195935459305e-05 -4.970394687269425772e-04 1.672386934236090713e-03 2.064982901019444408e-05 4.003786316350123136e-04 -3.210200307995287662e-04 -6.061476350078968739e-04 -1.100477124379578564e-04 0.000000000000000000e+00 -5.005626802292263222e-04 5.707964016316609138e-04 9.710170996227065858e-04
-1.229735940814641337e-04 -9.952148828848055365e-04 -3.094714658587849982e-05 1.952337164367675673e-03 -1.128506971154255361e-03 1.726434741331819714e-03 8.846122272530053746e-04 1.039860444016246386e-03 -5.005626802292263222e-04 0.000000000000000000e+00 -1.667894757006858734e-03 -1.254700272814670029e-03
5.460122893254868028e-05 5.550710502801111008e-04 1.862380160067566854e-04 -3.689635661677193534e-04 6.761992152149368497e-04 -2.872049452874633193e-05 -1.125302477403140574e-03 4.228284034124034558e-04 5.707964016316609138e-04 -1.667894757006858734e-03 0.000000000000000000e+00 -1.940250143049478105e-04
4.179417000972625133e-04 5.574907335713412621e-04 -3.046946244549539394e-04 2.039863332699773108e-04 1.021225341254338760e-03 2.108790761935842091e-04 8.451778652897331103e-04 3.101247873066218072e-04 9.710170996227065858e-04 -1.254700272814670029e-03 -1.940250143049478105e-04 0.000000000000000000e+00
