0.000000000000000000e+00 1.281014336505117312e-06 1.590423563798941278e-04 2.484884072975708839e-04 3.060886844346086396e-04 1.744970965407118327e-04 -5.010986291004854154e-04 7.021241484696851562e-04 2.649193078363010082e-04 3.055271048429018203e-04 1.279550644334558215e-04 -1.932269216028847285e-04
1.281014336505117312e-06 0.000000000000000000e+00 1.843506081371039699e-04 3.846379298067628986e-04 1.433340963882067222e-04 3.781979705686163866e-05 5.114652038162798762e-05 3.300891507814144709e-04 -1.237602461468711090e-04 -2.906144432365236757e-04 6.496927813183853151e-04 -6.759332392412764016e-04
1.590423563798941278e-04 1.843506081371039699e-04 0.000000000000000000e+00 1.156808973166354847e-03 -8.096222551226718708e-04 -5.746690659777148108e-04 -3.456281612785878747e-04 3.515464081523963732e-04 3.607577118824058904e-05 -1.794692436882996814e-04 -2.771242174842924888e-05 -4.389055853797863243e-04
2.484884072975708839e-04 3.846379298067628986e-04 1.156808973166354847e-03 0.000000000000000000e+00 4.482804412865338552e-04 -2.489439401612625401e-04 7.506202595521342539e-04 1.512513503289703585e-03 4.913377805891926782e-04 1.089073490460716826e-03 2.517999885260163392e-04 -9.042201882766899329e-05
3.060886844346086396e-04 1.433340963882067222e-04 -8.096222551226718708e-04 4.482804412865338552e-04 0.000000000000000000e+00 -7.163980478864251118e-04 9.418282372072335875e-05 -1.128476900385409461e-03 -1.234792466470300990e-04 1.586611269033970156e-03 9.043896021592586713e-04 1.291442828655160670e-04
1.744970965407118327e-04 3.781979705686163866e-05 -5.746690659777148108e-04 -2.489439401612625401e-04 -7.163980478864251118e-04 0.000000000000000000e+00 1.247554270206651002e-03 -4.653752503589162382e-04 -1.181986349771008024e-04 7.190690776628504578e-04 -1.556523288122393651e-04 -2.424608691061815599e-04
-5.010986291004854154e-04 5.114652038162798762e-05 -3.456281612785878747e-04 7.506202595521342539e-04 9.418282372072335875e-05 1.247554270206651002e-03 0.000000000000000000e+00 -8.581693501362141737e-04 -2.730908524705928978e-04 6.551007288447589999e-04 -6.123764012714415098e-04 -3.041454192377639936e-04
7.021241484696851562e-04 3.300891507814144709e-04 3.515464081523963732e-04 1.512513503289703585e-03 -1.128476900385409461e-03 -4.653752503589162382e-04 -8.581693501362141737e-04 0.000000000000000000e+00 -6.013645998125870338e-04 1.948603538370643779e-03 7.442976883532898338e-04 6.929200835331967168e-04
2.649193078363010082e-04 -1.237602461468711090e-04 3.607577118824058904e-05 4.913377805891926782e-04 -1.234792466470300990e-04 -1.181986349771008024e-04 -2.730908524705928978e-04 -6.013645998125870338e-04 0.000000000000000000e+00 1.641231356354996450e-03 -5.934779020727660092e-04 7.011935684258260686e-05
3.055271048429018203e-04 -2.906144432365236757e-04 -1.794692436882996814e-04 1.089073490460716826e-03 1.586611269033970156e-03 7.190690776628504578e-04 6.551007288447589999e-04 1.948603538370643779e-03 1.641231356354996450e-03 0.000000000000000000e+00 2.023631954280155024e-03 1.137852827207968967e-03
1.279550644334558215e-04 6.496927813183853151e-04 -2.771242174842924888e-05 2.517999885260163392e-04 9.043896021592586713e-04 -1.556523288122393651e-04 -6.123764012714415098e-04 7.442976883532898338e-04 -5.934779020727660092e-04 2.023631954280155024e-03 0.000000000000000000e+00 9.355381984315269336e-05
-1.932269216028847285e-04 -6.759332392412764016e-04 -4.389055853797863243e-04 -9.042201882766899329e-05 1.291442828655160670e-04 -2.424608691061815599e-04 -3.041454192377639936e-04 6.929200835331967168e-04 7.011935684258260686e-05 1.137852827207968967e-03 9.355381984315269336e-05 0.000000000000000000e+00
