0.000000000000000000e+00 -2.861833626747637229e-04 -3.748792459491407194e-04 -1.314420223035823055e-03 -1.767448384986504721e-03 5.465084572924364678e-04 -1.088383783525534199e-04 -1.248117920537176193e-03 6.688121126487443563e-04 4.480258810387972098e-04 -1.848284577526671836e-03 -4.708838608478853912e-04
-2.861833626747637229e-04 0.000000000000000000e+00 -2.821468224856027288e-04 -1.818778526500926685e-04 5.995470489712318389e-05 1.988015789293293850e-04 -1.278673395220476199e-05 -1.842397711704770813e-04 2.024319383277433998e-04 1.947941239064408586e-04 3.513364072294344713e-04 -5.785866097329720858e-04
-3.748792459491407194e-04 -2.821468224856027288e-04 0.000000000000000000e+00 1.055013919803778760e-04 -5.184712331427384626e-04 -1.605822240383894452e-05 -6.338991595067721536e-05 -5.573958411181601739e-04 1.478580800447556879e-04 2.855987879563248884e-04 1.883616031613934247e-04 2.254341846722422303e-04
-1.314420223035823055e-03 -1.818778526500926685e-04 1.055013919803778760e-04 0.000000000000000000e+00 1.420265249481680089e-03 -8.672776673866995720e-04 -1.677213982290446997e-03 -7.483969808057175897e-04 9.805337932419797096e-04 -4.927258241779821106e-04 -3.445066530878738206e-03 1.465469847340464130e-03
-1.767448384986504721e-03 5.995470489712318389e-05 -5.184712331427384626e-04 1.420265249481680089e-03 0.000000000000000000e+00 9.848788459023798385e-04 1.036382799673683797e-03 5.153132394087277506e-04 -4.796118915053488316e-04 -6.129615952603565516e-05 -2.300068451829086463e-03 -6.889644244820029590e-05
5.465084572924364678e-04 1.988015789293293850e-04 -1.605822240383894452e-05 -8.672776673866995720e-04 9.848788459023798385e-04 0.000000000000000000e+00 1.020683532127067764e-03 -3.829569639303018408e-04 -2.725008099492361624e-04 -6.312895564724198402e-04 -2.617962888294181312e-04 -1.455505732587494307e-03
-1.088383783525534199e-04 -1.278673395220476199e-05 -6.338991595067721536e-05 -1.677213982290446997e-03 1.036382799673683797e-03 1.020683532127067764e-03 0.000000000000000000e+00 3.433842798677323054e-04 4.175359616298014698e-04 4.550009116607171876e-04 -3.181082346873689826e-04 -1.478605326587610277e-03
-1.248117920537176193e-03 -1.842397711704770813e-04 -5.573958411181601739e-04 -7.483969808057175897e-04 5.153132394087277506e-04 -3.829569639303018408e-04 3.433842798677323054e-04 0.000000000000000000e+00 5.480692404381280394e-05 2.997149564040637714e-04 -4.580111335212811927e-04 -1.945955805824401428e-03
6.688121126487443563e-04 2.024319383277433998e-04 1.478580800447556879e-04 9.805337932419797096e-04 -4.796118915053488316e-04 -2.725008099492361624e-04 4.175359616298014698e-04 5.480692404381280394e-05 0.000000000000000000e+00 -3.998879506126356209e-04 9.963947803593269092e-04 2.589741194513993784e-04
4.480258810387972098e-04 1.947941239064408586e-04 2.855987879563248884e-04 -4.927258241779821106e-04 -6.129615952603565516e-05 -6.312895564724198402e-04 4.550009116607171876e-04 2.997149564040637714e-04 -3.998879506126356209e-04 0.000000000000000000e+00 -1.837810419508551104e-04 3.521909185927508566e-04
-1.848284577526671836e-03 3.513364072294344713e-04 1.883616031613934247e-04 -3.445066530878738206e-03 -2.300068451829086463e-03 -2.617962888294181312e-04 -3.181082346873689826e-04 -4.580111335212811927e-04 9.963947803593269092e-04 -1.837810419508551104e-04 0.000000000000000000e+00 -3.789042790885923436e-03
-4.708838608478853912e-04 -5.785866097329720858e-04 2.254341846722422303e-04 1.465469847340464130e-03 -6.889644244820029590e-05 -1.455505732587494307e-03 -1.478605326587610277e-03 -1.945955805824401428e-03 2.589741194513993784e-04 3.521909185927508566e-04 -3.789042790885923436e-03 0.000000000000000000e+00
