0.000000000000000000e+00 3.874297175474570600e-04 5.404568975428972405e-04 -1.709830885015313590e-05 5.648504613516108731e-04 1.226271089457983687e-03 3.466159259443110131e-04 -1.316963357370276155e-03 5.459602726007915059e-04 2.016322597541001297e-04 1.902731845741877743e-03 -9.518282050089256832e-04
3.874297175474570600e-04 0.000000000000000000e+00 -9.012542232002920985e-06 6.943417301475203647e-04 -3.378102820073487268e-05 3.113655071353402031e-04 -9.585701807901025396e-05 1.669133666492579170e-04 -1.927820825830897926e-04 3.293050895801115092e-04 6.611860588913876652e-05 -3.633603872483912489e-04
5.404568975428972405e-04 -9.012542232002920985e-06 0.000000000000000000e+00 2.659750351189789602e-04 9.000868225376969722e-05 -2.092168670167932369e-04 7.375050256784956328e-05 4.794822100919764098e-04 7.158379567992377062e-06 -8.855634963204003920e-06 -2.389110551915232165e-04 -4.677803390105165419e-04
-1.709830885015313590e-05 6.943417301475203647e-04 2.659750351189789602e-04 0.000000000000000000e+00 -1.031295473842277479e-03 -1.887587166160837183e-04 1.364073086823793370e-04 1.061573670465282369e-03 1.106404966272385172e-05 6.465948576073558005e-04 -1.078246961863264753e-03 2.676820079349151709e-03
5.648504613516108731e-04 -3.378102820073487268e-05 9.000868225376969722e-05 -1.031295473842277479e-03 0.000000000000000000e+00 1.081491630236320532e-04 6.632276777227528747e-04 6.788596618463098266e-04 -6.621171548502362476e-05 2.737484321368908145e-04 5.396906678066186024e-04 -1.504379499551422551e-04
1.226271089457983687e-03 3.113655071353402031e-04 -2.092168670167932369e-04 -1.887587166160837183e-04 1.081491630236320532e-04 0.000000000000000000e+00 -4.462404368794727939e-04 1.030509828416199987e-03 1.254979817399746318e-05 -6.126958796485422812e-04 -1.452286999962337658e-03 1.141457243001830888e-04
3.466159259443110131e-04 -9.585701807901025396e-05 7.375050256784956328e-05 1.364073086823793370e-04 6.632276777227528747e-04 -4.462404368794727939e-04 0.000000000000000000e+00 -6.743558067173454490e-04 -3.205138130503653953e-04 -1.085924191829597257e-04 1.893609552699270990e-03 7.292137743565108108e-04
-1.316963357370276155e-03 1.669133666492579170e-04 4.794822100919764098e-04 1.061573670465282369e-03 6.788596618463098266e-04 1.030509828416199987e-03 -6.743558067173454490e-04 0.000000000000000000e+00 -9.026338562517615945e-05 -3.907769666465694979e-04 -2.155687855308517035e-03 1.395586731999600132e-03
5.459602726007915059e-04 -1.927820825830897926e-04 7.158379567992377062e-06 1.106404966272385172e-05 -6.621171548502362476e-05 1.254979817399746318e-05 -3.205138130503653953e-04 -9.026338562517615945e-05 0.000000000000000000e+00 1.875499652497312347e-04 -2.381035673833396457e-04 3.280727079205171819e-04
2.016322597541001297e-04 3.293050895801115092e-04 -8.855634963204003920e-06 6.465948576073558005e-04 2.737484321368908145e-04 -6.126958796485422812e-04 -1.085924191829597257e-04 -3.907769666465694979e-04 1.875499652497312347e-04 0.000000000000000000e+00 -4.889244259041188945e-04 -5.484397918184925674e-04
1.902731845741877743e-03 6.611860588913876652e-05 -2.389110551915232165e-04 -1.078246961863264753e-03 5.396906678066186024e-04 -1.452286999962337658e-03 1.893609552699270990e-03 -2.155687855308517035e-03 -2.381035673833396457e-04 -4.889244259041188945e-04 0.000000000000000000e+00 1.211426540984318363e-03
-9.518282050089256832e-04 -3.633603872483912489e-04 -4.677803390105165419e-04 2.676820079349151709e-03 -1.504379499551422551e-04 1.141457243001830888e-04 7.292137743565108108e-04 1.395586731999600132e-03 3.280727079205171819e-04 -5.484397918184925674e-04 1.211426540984318363e-03 0.000000000000000000e+00
