0.000000000000000000e+00 4.202315113384755990e-04 -2.694974496804477702e-04 1.148510858050305443e-03 7.099720773706867465e-05 1.117369811607635700e-03 -2.853983367673594085e-05 -2.836232949542495468e-04 1.681351157010813134e-04 7.660895663662225467e-04 -1.784154288280011876e-03 1.607569193334870781e-03
4.202315113384755990e-04 0.000000000000000000e+00 -2.146042417799275885e-04 6.573346489589533938e-04 -1.777241283727891863e-04 -3.849940018943544587e-04 6.265411159154381541e-04 3.235396642241732969e-04 1.782376271768316631e-04 -6.223342597377515923e-05 -1.343385313054529457e-03 -3.344738433907071067e-04
-2.694974496804477702e-04 -2.146042417799275885e-04 0.000000000000000000e+00 -5.180233289722228863e-04 5.339520173993702202e-04 4.358876812301077340e-04 3.365980661128044316e-04 5.024932123031649722e-04 2.793755606297529631e-04 -1.593422746532258149e-04 1.216940527851634269e-03 4.618996700023789799e-04
1.148510858050305443e-03 6.573346489589533938e-04 -5.180233289722228863e-04 0.000000000000000000e+00 3.153379085643171582e-04 1.064171867165219880e-03 -2.879414036469351039e-05 2.769403762411082434e-04 -7.390877307389946303e-04 9.376633162334064697e-04 1.245048767310536842e-03 -1.206760311682095578e-03
7.099720773706867465e-05 -1.777241283727891863e-04 5.339520173993702202e-04 3.153379085643171582e-04 0.000000000000000000e+00 -1.619289775618346886e-04 3.372658280191009883e-04 -6.571910698822910652e-05 8.309735606762901593e-05 -2.561908811101720187e-04 -4.491040429427445497e-04 1.097699725596518140e-03
1.117369811607635700e-03 -3.849940018943544587e-04 4.358876812301077340e-04 1.064171867165219880e-03 -1.619289775618346886e-04 0.000000000000000000e+00 3.834140187043336536e-04 -2.789338985942737322e-04 -3.952285613871594334e-04 1.997233684097955481e-04 1.263652926557382560e-03 4.308199706952503451e-04
-2.853983367673594085e-05 6.265411159154381541e-04 3.365980661128044316e-04 -2.879414036469351039e-05 3.372658280191009883e-04 3.834140187043336536e-04 0.000000000000000000e+00 9.873959407782288266e-04 -1.024656517113683047e-04 -1.678838832983467835e-04 -6.077247314384509559e-04 1.206064739282396061e-04
-2.836232949542495468e-04 3.235396642241732969e-04 5.024932123031649722e-04 2.769403762411082434e-04 -6.571910698822910652e-05 -2.789338985942737322e-04 9.873959407782288266e-04 0.000000000000000000e+00 -1.950604689020114769e-04 2.070694847099546201e-04 1.244703956699273837e-03 -8.325890883258561304e-05
1.681351157010813134e-04 1.782376271768316631e-04 2.793755606297529631e-04 -7.390877307389946303e-04 8.309735606762901593e-05 -3.952285613871594334e-04 -1.024656517113683047e-04 -1.950604689020114769e-04 0.000000000000000000e+00 2.820767631220607967e-04 9.054421581561187442e-05 1.840748319108118580e-04
7.660895663662225467e-04 -6.223342597377515923e-05 -1.593422746532258149e-04 9.376633162334064697e-04 -2.561908811101720187e-04 1.997233684097955481e-04 -1.678838832983467835e-04 2.070694847099546201e-04 2.820767631220607967e-04 0.000000000000000000e+00 9.743648874462403249e-04 1.616134924674833095e-04
-1.784154288280011876e-03 -1.343385313054529457e-03 1.216940527851634269e-03 1.245048767310536842e-03 -4.491040429427445497e-04 1.263652926557382560e-03 -6.077247314384509559e-04 1.244703956699273837e-03 9.054421581561187442e-05 9.743648874462403249e-04 0.000000000000000000e+00 -2.107855330316360260e-03
1.607569193334870781e-03 -3.344738433907071067e-04 4.618996700023789799e-04 -1.206760311682095578e-03 1.097699725596518140e-03 4.308199706952503451e-04 1.206064739282396061e-04 -8.325890883258561304e-05 1.840748319108118580e-04 1.616134924674833095e-04 -2.107855330316360260e-03 0.000000000000000000e+00
