0.000000000000000000e+00 3.668778106669213861e-04 -2.995263034323570315e-04 1.780451007410481902e-03 -1.243486731118671924e-03 -1.089636051012966367e-03 1.589400442786838372e-03 1.940646234796481492e-04 -3.163250968828939646e-04 5.966658080953311230e-05 -1.495939248528949106e-03 1.036717774002074606e-03
3.668778106669213861e-04 0.000000000000000000e+00 4.428448707347720629e-04 -4.735016195476698725e-04 -2.843750239435214960e-04 -1.734014821013085022e-04 6.273813047141388658e-05 4.176960869234336272e-04 7.918897733436986157e-05 2.248110920161650863e-04 4.072298884063360732e-04 3.202809520214703817e-04
-2.995263034323570315e-04 4.428448707347720629e-04 0.000000000000000000e+00 -3.585394162362190527e-04 -7.198635714034316803e-04 -2.164464632376248619e-05 -2.495352139708446253e-04 5.364097815887053301e-05 1.895596133478810621e-04 2.646548792152943370e-04 -8.982850639568575740e-04 -3.007672744230533617e-04
1.780451007410481902e-03 -4.735016195476698725e-04 -3.585394162362190527e-04 0.000000000000000000e+00 -7.854082231103802405e-04 -5.276413492675778843e-04 1.548814592987934067e-03 5.969212227220798599e-04 7.442623480612386684e-04 8.306807667234361603e-05 2.634500032162487206e-03 -1.713204564479150994e-03
-1.243486731118671924e-03 -2.843750239435214960e-04 -7.198635714034316803e-04 -7.854082231103802405e-04 0.000000000000000000e+00 -6.975392838960228509e-04 1.961048192340729524e-05 -7.434132358131818668e-04 3.395725593274310583e-04 -3.157208071931192771e-04 2.248670301557909208e-03 6.895403482782470504e-04
-1.089636051012966367e-03 -1.734014821013085022e-04 -2.164464632376248619e-05 -5.276413492675778843e-04 -6.975392838960228509e-04 0.000000000000000000e+00 -6.818878251697530011e-04 -1.128098680462605600e-04 -6.913854774699795510e-04 -2.214015040588606739e-05 3.504959367576185075e-04 -3.234366177467667427e-04
1.589400442786838372e-03 6.273813047141388658e-05 -2.495352139708446253e-04 1.548814592987934067e-03 1.961048192340729524e-05 -6.818878251697530011e-04 0.000000000000000000e+00 -2.978007742824112731e-04 3.256845312128305806e-04 6.782725434163315191e-04 4.274959474281444681e-04 2.310661203825928236e-03
1.940646234796481492e-04 4.176960869234336272e-04 5.364097815887053301e-05 5.969212227220798599e-04 -7.434132358131818668e-04 -1.128098680462605600e-04 -2.978007742824112731e-04 0.000000000000000000e+00 1.705216513075720323e-04 -1.133529205330042339e-03 -1.735225801866301836e-03 -1.024564695422906487e-03
-3.163250968828939646e-04 7.918897733436986157e-05 1.895596133478810621e-04 7.442623480612386684e-04 3.395725593274310583e-04 -6.913854774699795510e-04 3.256845312128305806e-04 1.705216513075720323e-04 0.000000000000000000e+00 -7.628005767235924680e-05 -9.346647692741478629e-05 -2.968782705097847510e-04
5.966658080953311230e-05 2.248110920161650863e-04 2.646548792152943370e-04 8.306807667234361603e-05 -3.157208071931192771e-04 -2.214015040588606739e-05 6.782725434163315191e-04 -1.133529205330042339e-03 -7.628005767235924680e-05 0.000000000000000000e+00 8.787045158384017328e-04 6.278074297993710895e-04
-1.495939248528949106e-03 4.072298884063360732e-04 -8.982850639568575740e-04 2.634500032162487206e-03 2.248670301557909208e-03 3.504959367576185075e-04 4.274959474281444681e-04 -1.735225801866301836e-03 -9.346647692741478629e-05 8.787045158384017328e-04 0.000000000000000000e+00 -2.153458488367340946e-03
1.036717774002074606e-03 3.202809520214703817e-04 -3.007672744230533617e-04 -1.713204564479150994e-03 6.895403482782470504e-04 -3.234366177467667427e-04 2.310661203825928236e-03 -1.024564695422906487e-03 -2.968782705097847510e-04 6.278074297993710895e-04 -2.153458488367340946e-03 0.000000000000000000e+00
