0.000000000000000000e+00 3.954317440738358189e-04 -4.658609252003923884e-04 1.461349738535082723e-04 9.219966779133681413e-04 2.130556700477482146e-04 -1.295220293138573450e-03 -2.818872529252335253e-04 8.355979516898366264e-04 1.707816079702575561e-04 2.164297124190263030e-03 1.449595264348607811e-03
3.954317440738358189e-04 0.000000000000000000e+00 2.414458096347706746e-04 -7.331052695664310890e-04 -2.366332383304004547e-04 -4.209912353602045465e-05 4.975883626170462875e-04 -9.939913211126574918e-05 3.864937839328097947e-04 -2.851859866524324182e-04 -8.639356378310400746e-04 5.494895190728825603e-04
-4.658609252003923884e-04 2.414458096347706746e-04 0.000000000000000000e+00 -3.268864629592051251e-04 4.025905854358964630e-04 -3.601643653963730466e-04 5.341998381331726324e-04 6.953696217000744943e-04 -1.370784009307820140e-04 -7.233770330893198952e-05 -9.956495181175216858e-04 3.982803191856392248e-04
1.461349738535082723e-04 -7.331052695664310890e-04 -3.268864629592051251e-04 0.000000000000000000e+00 1.252944200009207523e-03 -1.101517885732151243e-03 -1.420872625072445300e-03 2.092065103072411440e-03 2.374340986253056123e-04 -3.110802172205836256e-04 1.349717724932494737e-03 -8.010755859667763453e-04
9.219966779133681413e-04 -2.366332383304004547e-04 4.025905854358964630e-04 1.252944200009207523e-03 0.000000000000000000e+00 3.088240624796026240e-04 9.283995070586179661e-04 -8.440912427457887947e-04 -2.920948237367869643e-04 -2.072229579045500761e-04 -6.168996438191664535e-04 7.042033260625146958e-04
2.130556700477482146e-04 -4.209912353602045465e-05 -3.601643653963730466e-04 -1.101517885732151243e-03 3.088240624796026240e-04 0.000000000000000000e+00 3.321294633078917982e-04 1.046271249042063541e-03 4.467957877037999673e-04 6.789731806991325565e-04 -1.910545745126198845e-03 -8.345773980786648418e-04
-1.295220293138573450e-03 4.975883626170462875e-04 5.341998381331726324e-04 -1.420872625072445300e-03 9.283995070586179661e-04 3.321294633078917982e-04 0.000000000000000000e+00 -2.627729640199017586e-04 -4.048773130340117907e-04 -4.344519952033490699e-04 -1.981817395570483788e-03 -1.064531132327250574e-03
-2.818872529252335253e-04 -9.939913211126574918e-05 6.953696217000744943e-04 2.092065103072411440e-03 -8.440912427457887947e-04 1.046271249042063541e-03 -2.627729640199017586e-04 0.000000000000000000e+00 -3.951477516627769867e-04 -3.784397249283847904e-05 -5.982913213545699429e-04 -7.162294574776616315e-04
8.355979516898366264e-04 3.864937839328097947e-04 -1.370784009307820140e-04 2.374340986253056123e-04 -2.920948237367869643e-04 4.467957877037999673e-04 -4.048773130340117907e-04 -3.951477516627769867e-04 0.000000000000000000e+00 1.295131784580488940e-04 -3.896217507139774616e-04 -1.142468180694968969e-03
1.707816079702575561e-04 -2.851859866524324182e-04 -7.233770330893198952e-05 -3.110802172205836256e-04 -2.072229579045500761e-04 6.789731806991325565e-04 -4.344519952033490699e-04 -3.784397249283847904e-05 1.295131784580488940e-04 0.000000000000000000e+00 9.370513218373489233e-04 1.183812103409241905e-03
2.164297124190263030e-03 -8.639356378310400746e-04 -9.956495181175216858e-04 1.349717724932494737e-03 -6.168996438191664535e-04 -1.910545745126198845e-03 -1.981817395570483788e-03 -5.982913213545699429e-04 -3.896217507139774616e-04 9.370513218373489233e-04 0.000000000000000000e+00 -1.289509453949120362e-03
1.449595264348607811e-03 5.494895190728825603e-04 3.982803191856392248e-04 -8.010755859667763453e-04 7.042033260625146958e-04 -8.345773980786648418e-04 -1.064531132327250574e-03 -7.162294574776616315e-04 -1.142468180694968969e-03 1.183812103409241905e-03 -1.289509453949120362e-03 0.000000000000000000e+00
