0.000000000000000000e+00 2.698031473141851476e-04 7.492623509788470023e-04 2.249757493074232447e-04 -3.307496894247250081e-03 1.351801454796967578e-03 1.425061211093209572e-03 2.089062600833537040e-03 6.696242953057000976e-04 -5.355970615499786166e-04 -7.511410656405808446e-04 -5.355974596173558545e-04
2.698031473141851476e-04 0.000000000000000000e+00 -4.030739054162948303e-04 3.246510817613399596e-04 7.606978589040943366e-06 -2.065582477475348590e-04 6.822644611474637298e-06 1.561794604170394516e-03 -3.643709384668355295e-04 2.056060059430901460e-04 4.402867342541895326e-04 -6.943909296451289143e-04
7.492623509788470023e-04 -4.030739054162948303e-04 0.000000000000000000e+00 1.504633154404723123e-04 -1.414828568110114650e-05 -3.742030389031986777e-04 3.406641923158868922e-05 -4.259371671263926249e-04 4.332590905491161856e-04 -1.396947764975577349e-04 5.371180333898625467e-04 -8.519140337821545122e-05
2.249757493074232447e-04 3.246510817613399596e-04 1.504633154404723123e-04 0.000000000000000000e+00 1.081490137891624823e-03 2.687803963008637462e-04 7.994747304171783428e-04 4.810334686212320568e-04 8.754441687443061419e-04 7.315178532025983036e-04 -6.294954336297587988e-05 -1.011445717208383208e-04
-3.307496894247250081e-03 7.606978589040943366e-06 -1.414828568110114650e-05 1.081490137891624823e-03 0.000000000000000000e+00 2.203098832391508707e-03 -3.186775270497935880e-03 3.251163761536431194e-03 1.407382657737805834e-03 2.814465152154641320e-05 1.852998429635436563e-04 -1.871926504443243301e-04
1.351801454796967578e-03 -2.065582477475348590e-04 -3.742030389031986777e-04 2.687803963008637462e-04 2.203098832391508707e-03 0.000000000000000000e+00 -6.711666423597236310e-04 -5.815832367138484924e-04 1.708022403553185835e-04 2.730896738366558668e-04 7.005949048517922024e-05 2.087866350935670948e-04
1.425061211093209572e-03 6.822644611474637298e-06 3.406641923158868922e-05 7.994747304171783428e-04 -3.186775270497935880e-03 -6.711666423597236310e-04 0.000000000000000000e+00 -9.134663876698520969e-04 1.003880590722948819e-03 -2.759166692067940841e-05 -1.603090218156597111e-04 -7.872886615378577523e-05
2.089062600833537040e-03 1.561794604170394516e-03 -4.259371671263926249e-04 4.810334686212320568e-04 3.251163761536431194e-03 -5.815832367138484924e-04 -9.134663876698520969e-04 0.000000000000000000e+00 -4.006232431042464938e-04 4.190114021591577584e-04 1.559135982261272875e-03 4.241149224929575772e-04
6.696242953057000976e-04 -3.643709384668355295e-04 4.332590905491161856e-04 8.754441687443061419e-04 1.407382657737805834e-03 1.708022403553185835e-04 1.003880590722948819e-03 -4.006232431042464938e-04 0.000000000000000000e+00 1.704486665530119551e-05 7.385605745675304654e-04 1.501782139230015166e-04
-5.355970615499786166e-04 2.056060059430901460e-04 -1.396947764975577349e-04 7.315178532025983036e-04 2.814465152154641320e-05 2.730896738366558668e-04 -2.759166692067940841e-05 4.190114021591577584e-04 1.704486665530119551e-05 0.000000000000000000e+00 -2.350966767230197845e-04 -3.761788560639277082e-06
-7.511410656405808446e-04 4.402867342541895326e-04 5.371180333898625467e-04 -6.294954336297587988e-05 1.852998429635436563e-04 7.005949048517922024e-05 -1.603090218156597111e-04 1.559135982261272875e-03 7.385605745675304654e-04 -2.350966767230197845e-04 0.000000000000000000e+00 1.686465403136052971e-04
-5.355974596173558545e-04 -6.943909296451289143e-04 -8.519140337821545122e-05 -1.011445717208383208e-04 -1.871926504443243301e-04 2.087866350935670948e-04 -7.872886615378577523e-05 4.241149224929575772e-04 1.501782139230015166e-04 -3.761788560639277082e-06 1.686465403136052971e-04 0.000000000000000000e+00
