0.000000000000000000e+00 9.739817167671783636e-05 3.321160414528182047e-04 -9.355173707414044491e-04 4.372497919881892375e-04 5.257471809076175737e-04 -1.298522504260483284e-03 3.902860775955564689e-05 2.669381499209235332e-04 -2.059347707529276920e-04 -6.511471519526505812e-04 -6.565366252683307001e-04
9.739817167671783636e-05 0.000000000000000000e+00 -2.560674377891021839e-04 -2.144298387394231325e-04 1.729374561926820674e-05 -8.231470301452185542e-04 -4.926679721693426453e-05 6.100843168067407755e-04 7.151059760950843761e-04 -2.551341993995075532e-04 1.705332141783471244e-04 -1.834406472090583924e-04
3.321160414528182047e-04 -2.560674377891021839e-04 0.000000000000000000e+00 -2.842824687332430969e-04 6.164222904761390608e-04 1.092229410584486069e-04 -5.142236342781073038e-05 -3.735355802662397286e-05 -5.512262478502529461e-04 -1.071286194115140454e-04 -1.526192263946476817e-04 -1.276835767424870107e-04
-9.355173707414044491e-04 -2.144298387394231325e-04 -2.842824687332430969e-04 0.000000000000000000e+00 9.179652523378060026e-04 -5.144571310062747956e-04 6.836497718049564659e-04 -8.198568282724578819e-04 4.448707404920397438e-04 2.994085358087127300e-05 -3.107433160940791233e-04 3.503304332243091707e-04
4.372497919881892375e-04 1.729374561926820674e-05 6.164222904761390608e-04 9.179652523378060026e-04 0.000000000000000000e+00 -7.430236105374017673e-05 1.221125892537849172e-03 -2.750868124052657532e-03 -1.870997077444938161e-03 5.084741517247853208e-06 4.895992037909230061e-04 1.099112828575626909e-03
5.257471809076175737e-04 -8.231470301452185542e-04 1.092229410584486069e-04 -5.144571310062747956e-04 -7.430236105374017673e-05 0.000000000000000000e+00 -5.260983229827694528e-04 -8.000187008834567376e-04 -1.432583910075048872e-04 -4.707123432380930336e-04 1.213687336611639667e-05 -1.332500250782472993e-04
-1.298522504260483284e-03 -4.926679721693426453e-05 -5.142236342781073038e-05 6.836497718049564659e-04 1.221125892537849172e-03 -5.260983229827694528e-04 0.000000000000000000e+00 -1.025182388635005604e-03 7.838763540926289982e-04 5.435433530357450569e-05 3.644509407156806412e-04 -8.150811074541919722e-04
3.902860775955564689e-05 6.100843168067407755e-04 -3.735355802662397286e-05 -8.198568282724578819e-04 -2.750868124052657532e-03 -8.000187008834567376e-04 -1.025182388635005604e-03 0.000000000000000000e+00 -1.904994778060968867e-03 1.017074528427040813e-03 1.127197135398469349e-04 5.675551611172840885e-04
2.669381499209235332e-04 7.151059760950843761e-04 -5.512262478502529461e-04 4.448707404920397438e-04 -1.870997077444938161e-03 -1.432583910075048872e-04 7.838763540926289982e-04 -1.904994778060968867e-03 0.000000000000000000e+00 2.147812198514392886e-04 1.014675656327423221e-03 -5.478003160323452383e-04
-2.059347707529276920e-04 -2.551341993995075532e-04 -1.071286194115140454e-04 2.994085358087127300e-05 5.084741517247853208e-06 -4.707123432380930336e-04 5.435433530357450569e-05 1.017074528427040813e-03 2.147812198514392886e-04 0.000000000000000000e+00 2.781674795742098338e-04 1.413785603159357126e-04
-6.511471519526505812e-04 1.705332141783471244e-04 -1.526192263946476817e-04 -3.107433160940791233e-04 4.895992037909230061e-04 1.213687336611639667e-05 3.644509407156806412e-04 1.127197135398469349e-04 1.014675656327423221e-03 2.781674795742098338e-04 0.000000000000000000e+00 -2.147165344499272891e-04
-6.565366252683307001e-04 -1.834406472090583924e-04 -1.276835767424870107e-04 3.503304332243091707e-04 1.099112828575626909e-03 -1.332500250782472993e-04 -8.150811074541919722e-04 5.675551611172840885e-04 -5.478003160323452383e-04 1.413785603159357126e-04 -2.147165344499272891e-04 0.000000000000000000e+00
