0.000000000000000000e+00 -5.076139345238536672e-04 -5.412872384735494978e-04 -5.906509349913344285e-04 1.134985720670538033e-03 -5.929865809494388280e-04 4.066361690091844426e-05 -8.248885732264691880e-04 7.923027066062155875e-05 -9.616311998709858736e-04 -4.981853744772321568e-04 4.498369192488343949e-04
-5.076139345238536672e-04 0.000000000000000000e+00 1.683343331225001975e-04 5.989095074982545832e-04 -2.823787547365840499e-03 3.014443563348839046e-04 1.112903903861268105e-03 -1.808032122882575424e-03 2.492589654508207340e-05 3.764863735905840734e-04 8.410532488377740073e-05 -2.427490785091402726e-04
-5.412872384735494978e-04 1.683343331225001975e-04 0.000000000000000000e+00 2.609050674686937414e-04 8.667175584035627855e-04 5.875575637214261798e-06 -2.440862717801595692e-04 -9.428725885496431385e-04 -4.675236547531553015e-04 3.190330185089773705e-04 -3.940609264411167522e-04 1.867979522546500183e-04
-5.906509349913344285e-04 5.989095074982545832e-04 2.609050674686937414e-04 0.000000000000000000e+00 -3.368635751838790042e-04 -3.114526405962795799e-05 -1.765497961748089899e-04 8.183007924271931948e-04 -7.017364835895963234e-04 -1.697727672756878367e-04 -1.646108586495172762e-04 -6.176319474498624847e-04
1.134985720670538033e-03 -2.823787547365840499e-03 8.667175584035627855e-04 -3.368635751838790042e-04 0.000000000000000000e+00 -7.870907156403361086e-05 1.112640731877446261e-03 1.782441246952394141e-03 -1.411808850577025119e-03 1.760019685561990243e-03 4.942053437394644663e-04 -5.734190688069418403e-04
-5.929865809494388280e-04 3.014443563348839046e-04 5.875575637214261798e-06 -3.114526405962795799e-05 -7.870907156403361086e-05 0.000000000000000000e+00 1.053303977739654222e-03 -2.056677286364048008e-04 -2.568102450248608095e-04 2.198009356798997745e-04 9.457825448913624101e-05 2.478253886222028519e-04
4.066361690091844426e-05 1.112903903861268105e-03 -2.440862717801595692e-04 -1.765497961748089899e-04 1.112640731877446261e-03 1.053303977739654222e-03 0.000000000000000000e+00 9.347687525868660823e-04 3.652367761778650338e-05 4.481444898312172921e-04 4.436065111161797969e-05 3.662332732964084956e-04
-8.248885732264691880e-04 -1.808032122882575424e-03 -9.428725885496431385e-04 8.183007924271931948e-04 1.782441246952394141e-03 -2.056677286364048008e-04 9.347687525868660823e-04 0.000000000000000000e+00 -3.882374230830780014e-04 -7.710842086288415573e-05 -3.366913974744132655e-04 6.636747099379352373e-06
7.923027066062155875e-05 2.492589654508207340e-05 -4.675236547531553015e-04 -7.017364835895963234e-04 -1.411808850577025119e-03 -2.568102450248608095e-04 3.652367761778650338e-05 -3.882374230830780014e-04 0.000000000000000000e+00 3.423341610257520508e-04 3.987851580878076264e-04 5.068739243010369913e-04
-9.616311998709858736e-04 3.764863735905840734e-04 3.190330185089773705e-04 -1.697727672756878367e-04 1.760019685561990243e-03 2.198009356798997745e-04 4.481444898312172921e-04 -7.710842086288415573e-05 3.423341610257520508e-04 0.000000000000000000e+00 1.936188067109749869e-04 -4.766413619127672576e-04
-4.981853744772321568e-04 8.410532488377740073e-05 -3.940609264411167522e-04 -1.646108586495172762e-04 4.942053437394644663e-04 9.457825448913624101e-05 4.436065111161797969e-05 -3.366913974744132655e-04 3.987851580878076264e-04 1.936188067109749869e-04 0.000000000000000000e+00 -3.286021185432656398e-04
4.498369192488343949e-04 -2.427490785091402726e-04 1.867979522546500183e-04 -6.176319474498624847e-04 -5.734190688069418403e-04 2.478253886222028519e-04 3.662332732964084956e-04 6.636747099379352373e-06 5.068739243010369913e-04 -4.766413619127672576e-04 -3.286021185432656398e-04 0.000000000000000000e+00
