0.000000000000000000e+00 -4.895918586958075431e-04 -2.185468340065428272e-04 -4.691991348441660031e-04 -2.715132045423293040e-03 5.088424040553035568e-04 -3.364391849403620244e-04 -9.031612357556288674e-04 1.050079250138307623e-03 3.496054282911039416e-05 -4.248157484144100804e-04 6.256853630791435299e-04
-4.895918586958075431e-04 0.000000000000000000e+00 4.474550229010495507e-05 3.464590563216639915e-04 -2.311311838303757062e-03 -4.680355438895030700e-05 8.824953562209317259e-04 2.113435420849159221e-03 -1.038400078420519297e-03 1.343381929629248613e-05 -5.279954953168162785e-04 -7.993703005328179094e-04
-2.185468340065428272e-04 4.474550229010495507e-05 0.000000000000000000e+00 9.183479737013888538e-05 9.628967287590720547e-04 6.137910681118901300e-05 -1.148100933508511040e-04 -1.019507688235474696e-03 2.609684954801858915e-04 2.454512785172734721e-04 2.862320109933802308e-04 1.312721462834655513e-04
-4.691991348441660031e-04 3.464590563216639915e-04 9.183479737013888538e-05 0.000000000000000000e+00 -1.313518205031274358e-03 3.619646812636479177e-04 -1.439995884716697159e-03 -6.213081596866229690e-04 5.331070507583658300e-04 2.172917858555754823e-04 3.387522116134450271e-04 -8.086747472655894978e-05
-2.715132045423293040e-03 -2.311311838303757062e-03 9.628967287590720547e-04 -1.313518205031274358e-03 0.000000000000000000e+00 -7.300268336229294138e-04 -1.557627630074810915e-03 -3.016952493740738660e-03 -2.281106959608074185e-03 -2.330181977482883768e-04 -1.841237947502869041e-03 3.372966287863334977e-04
5.088424040553035568e-04 -4.680355438895030700e-05 6.137910681118901300e-05 3.619646812636479177e-04 -7.300268336229294138e-04 0.000000000000000000e+00 -5.306373969537726224e-04 5.160434265291265719e-04 -3.916857790130412638e-04 1.189086618470282060e-05 -1.016401066017645616e-04 1.486837446518635944e-04
-3.364391849403620244e-04 8.824953562209317259e-04 -1.148100933508511040e-04 -1.439995884716697159e-03 -1.557627630074810915e-03 -5.306373969537726224e-04 0.000000000000000000e+00 -8.497498110412659515e-04 6.143451490376854868e-04 -1.479356906612840767e-04 -1.228531571676800020e-03 6.121200900023732443e-04
-9.031612357556288674e-04 2.113435420849159221e-03 -1.019507688235474696e-03 -6.213081596866229690e-04 -3.016952493740738660e-03 5.160434265291265719e-04 -8.497498110412659515e-04 0.000000000000000000e+00 5.590387371868960368e-04 2.249231333242092585e-04 -7.295469907083234273e-05 -4.742806437801624724e-04
1.050079250138307623e-03 -1.038400078420519297e-03 2.609684954801858915e-04 5.331070507583658300e-04 -2.281106959608074185e-03 -3.916857790130412638e-04 6.143451490376854868e-04 5.590387371868960368e-04 0.000000000000000000e+00 -3.683169731952593939e-04 -4.819504668491601655e-04 7.959073259970523727e-04
3.496054282911039416e-05 1.343381929629248613e-05 2.454512785172734721e-04 2.172917858555754823e-04 -2.330181977482883768e-04 1.189086618470282060e-05 -1.479356906612840767e-04 2.249231333242092585e-04 -3.683169731952593939e-04 0.000000000000000000e+00 4.462054682830223591e-04 3.546372826187143331e-04
-4.248157484144100804e-04 -5.279954953168162785e-04 2.862320109933802308e-04 3.387522116134450271e-04 -1.841237947502869041e-03 -1.016401066017645616e-04 -1.228531571676800020e-03 -7.295469907083234273e-05 -4.819504668491601655e-04 4.462054682830223591e-04 0.000000000000000000e+00 6.161819898051743884e-04
6.256853630791435299e-04 -7.993703005328179094e-04 1.312721462834655513e-04 -8.086747472655894978e-05 3.372966287863334977e-04 1.486837446518635944e-04 6.121200900023732443e-04 -4.742806437801624724e-04 7.959073259970523727e-04 3.546372826187143331e-04 6.161819898051743884e-04 0.000000000000000000e+00
