0.000000000000000000e+00 -1.748595882795511041e-04 -7.811027797537863776e-04 8.318023401043787173e-05 -8.315237383176677733e-04 -7.630532767068570537e-04 9.977767154291357701e-04 2.384659294061432233e-03 2.366553453077087105e-03 -3.573924024151074787e-06 -6.845347550573535438e-04 5.647416186239263153e-05
-1.748595882795511041e-04 0.000000000000000000e+00 4.606318467262799938e-04 -2.179597193121661101e-04 -3.389835024927219690e-04 -7.597993074169297157e-04 -8.217385632376265946e-04 -2.523240094460278953e-04 1.250687697183418311e-03 5.353227877077604236e-04 -9.392767056762449341e-04 3.248341026715192092e-04
-7.811027797537863776e-04 4.606318467262799938e-04 0.000000000000000000e+00 3.590155939189301672e-04 -1.361170270067093533e-05 -5.450628098319777563e-04 -6.506683591996070956e-05 -6.126043542266914818e-04 4.565635554071784184e-04 -6.404148095389241343e-05 1.457804003265276006e-04 -2.389652858548141302e-04
8.318023401043787173e-05 -2.179597193121661101e-04 3.590155939189301672e-04 0.000000000000000000e+00 1.136849078090727784e-03 -5.810262414257587283e-04 -2.485494842463246610e-04 8.782805570970229729e-04 -1.765554181066747766e-04 3.965152976462819239e-04 6.138707336462143928e-04 -3.357069165793426718e-05
-8.315237383176677733e-04 -3.389835024927219690e-04 -1.361170270067093533e-05 1.136849078090727784e-03 0.000000000000000000e+00 -1.214917905613700387e-03 -7.506637434504560835e-04 1.494247865686555623e-03 -1.593115378327917588e-03 -6.992041302212874572e-04 -2.242254850743532861e-03 1.713872314817107027e-04
-7.630532767068570537e-04 -7.597993074169297157e-04 -5.450628098319777563e-04 -5.810262414257587283e-04 -1.214917905613700387e-03 0.000000000000000000e+00 9.495262950696439731e-04 7.751113862334535172e-04 -1.065384344119874255e-03 6.921840490339087543e-04 -6.554566681848777695e-04 4.449661130697254931e-04
9.977767154291357701e-04 -8.217385632376265946e-04 -6.506683591996070956e-05 -2.485494842463246610e-04 -7.506637434504560835e-04 9.495262950696439731e-04 0.000000000000000000e+00 -2.730280367025052137e-03 -4.690339649328943770e-04 2.767154924681064650e-04 -1.064153306803747746e-03 -6.565972448653418451e-04
2.384659294061432233e-03 -2.523240094460278953e-04 -6.126043542266914818e-04 8.782805570970229729e-04 1.494247865686555623e-03 7.751113862334535172e-04 -2.730280367025052137e-03 0.000000000000000000e+00 1.795712272007750181e-03 3.482721011133439910e-04 -1.189917630958866723e-03 -1.570399255791239093e-04
2.366553453077087105e-03 1.250687697183418311e-03 4.565635554071784184e-04 -1.765554181066747766e-04 -1.593115378327917588e-03 -1.065384344119874255e-03 -4.690339649328943770e-04 1.795712272007750181e-03 0.000000000000000000e+00 2.978043846650922427e-04 7.228292595546509120e-04 -3.608069028313683419e-04
-3.573924024151074787e-06 5.353227877077604236e-04 -6.404148095389241343e-05 3.965152976462819239e-04 -6.992041302212874572e-04 6.921840490339087543e-04 2.767154924681064650e-04 3.482721011133439910e-04 2.978043846650922427e-04 0.000000000000000000e+00 -2.553403212809043379e-05 5.583802873864147454e-05
-6.845347550573535438e-04 -9.392767056762449341e-04 1.457804003265276006e-04 6.138707336462143928e-04 -2.242254850743532861e-03 -6.554566681848777695e-04 -1.064153306803747746e-03 -1.189917630958866723e-03 7.228292595546509120e-04 -2.553403212809043379e-05 0.000000000000000000e+00 1.089312853635013067e-04
5.647416186239263153e-05 3.248341026715192092e-04 -2.389652858548141302e-04 -3.357069165793426718e-05 1.713872314817107027e-04 4.449661130697254931e-04 -6.565972448653418451e-04 -1.570399255791239093e-04 -3.608069028313683419e-04 5.583802873864147454e-05 1.089312853635013067e-04 0.000000000000000000e+00
