0.000000000000000000e+00 2.557936080613804715e-04 -9.342481916289409501e-04 -2.519010391894922242e-03 -1.387279193352944709e-03 -1.740835418619948206e-03 -4.760043745192644830e-04 -3.407401846914469713e-05 -7.060554185381334334e-05 7.139129179008495444e-04 -4.650891343050304948e-04 4.500111698831307815e-04
2.557936080613804715e-04 0.000000000000000000e+00 -8.272740120503044607e-04 1.435743122817916603e-03 -7.023350999690592929e-04 -2.908114610231212404e-04 4.136901008753445137e-04 9.170800337819383146e-04 -5.960156512134850786e-05 -6.759280472257561667e-05 7.716314481290791451e-04 -1.535450397455737157e-04
-9.342481916289409501e-04 -8.272740120503044607e-04 0.000000000000000000e+00 -1.675437146162364653e-03 5.392858980822442302e-04 6.271834765104412554e-04 3.969982539453741923e-04 3.852566836847544254e-04 -1.107378336453034576e-04 -7.382826231656201702e-04 9.096799968061339888e-04 -2.281301939849440200e-04
-2.519010391894922242e-03 1.435743122817916603e-03 -1.675437146162364653e-03 0.000000000000000000e+00 7.972668665193276792e-04 -2.130388663181678396e-03 -1.086107769048395713e-03 8.091854609464709056e-04 8.555531327471303175e-05 -4.519876744894936026e-04 -6.915192955521124374e-04 2.486881641323606448e-04
-1.387279193352944709e-03 -7.023350999690592929e-04 5.392858980822442302e-04 7.972668665193276792e-04 0.000000000000000000e+00 -2.000517525760612831e-04 -6.108471514224363044e-04 8.718894966242885002e-04 1.795903606676705678e-04 -5.869006510598337662e-04 -1.658980194555703365e-04 7.173015122580973183e-04
-1.740835418619948206e-03 -2.908114610231212404e-04 6.271834765104412554e-04 -2.130388663181678396e-03 -2.000517525760612831e-04 0.000000000000000000e+00 -2.461084421636997336e-04 -9.210744013051461209e-05 6.183515554594063920e-04 -1.422228382352313646e-03 1.115307359823996614e-03 7.138472497746212175e-04
-4.760043745192644830e-04 4.136901008753445137e-04 3.969982539453741923e-04 -1.086107769048395713e-03 -6.108471514224363044e-04 -2.461084421636997336e-04 0.000000000000000000e+00 2.747316745937887711e-04 -1.090439032513101925e-04 -2.644969816956969791e-04 2.186915493647524438e-04 4.138754128231533378e-04
-3.407401846914469713e-05 9.170800337819383146e-04 3.852566836847544254e-04 8.091854609464709056e-04 8.718894966242885002e-04 -9.210744013051461209e-05 2.747316745937887711e-04 0.000000000000000000e+00 8.207526046422264831e-05 2.137216587256113526e-04 3.980994053677324482e-04 -6.311721756723623422e-06
-7.060554185381334334e-05 -5.960156512134850786e-05 -1.107378336453034576e-04 8.555531327471303175e-05 1.795903606676705678e-04 6.183515554594063920e-04 -1.090439032513101925e-04 8.207526046422264831e-05 0.000000000000000000e+00 -3.521856912239089112e-06 4.158729953786111512e-04 3.108371709745607952e-04
7.139129179008495444e-04 -6.759280472257561667e-05 -7.382826231656201702e-04 -4.519876744894936026e-04 -5.869006510598337662e-04 -1.422228382352313646e-03 -2.644969816956969791e-04 2.137216587256113526e-04 -3.521856912239089112e-06 0.000000000000000000e+00 -1.681230959501442900e-04 4.270998716152433848e-05
-4.650891343050304948e-04 7.716314481290791451e-04 9.096799968061339888e-04 -6.915192955521124374e-04 -1.658980194555703365e-04 1.115307359823996614e-03 2.186915493647524438e-04 3.980994053677324482e-04 4.158729953786111512e-04 -1.681230959501442900e-04 0.000000000000000000e+00 -2.773805573613459096e-05
4.500111698831307815e-04 -1.535450397455737157e-04 -2.281301939849440200e-04 2.486881641323606448e-04 7.173015122580973183e-04 7.138472497746212175e-04 4.138754128231533378e-04 -6.311721756723623422e-06 3.108371709745607952e-04 4.270998716152433848e-05 -2.773805573613459096e-05 0.000000000000000000e+00
