0.000000000000000000e+00 7.048949016451082567e-04 -4.383848415111087841e-04 3.047230678832880697e-03 -1.001669777356199763e-03 4.145581589929041126e-04 -1.921985366458421357e-04 -3.792826304805273696e-04 -7.569776194982439765e-04 6.541808790774289613e-05 -7.027041717089847718e-04 -6.281960281714534791e-04
7.048949016451082567e-04 0.000000000000000000e+00 9.933983404051818442e-04 1.897421721066844084e-03 -9.732232257851694806e-04 -1.491730874142914009e-03 9.179574869576895106e-04 -4.260183295290979915e-05 1.439217100424746115e-04 -1.106133430643966534e-04 2.038928800902251493e-04 9.048165263080382669e-05
-4.383848415111087841e-04 9.933983404051818442e-04 0.000000000000000000e+00 -1.661190452566909184e-03 -1.308079542779913432e-03 4.909902251559952616e-04 5.684487666036034623e-05 4.260647489444867016e-04 -3.136767483169439837e-04 -3.067441347554900402e-04 3.088415918992774411e-04 2.966918377569283593e-04
3.047230678832880697e-03 1.897421721066844084e-03 -1.661190452566909184e-03 0.000000000000000000e+00 1.521558813294113808e-03 -2.251403897272790430e-04 6.010625875094549033e-04 -1.192838028213466170e-03 8.144779812845802597e-04 8.123190389273956353e-04 9.095510876176944376e-04 9.960774529682771966e-04
-1.001669777356199763e-03 -9.732232257851694806e-04 -1.308079542779913432e-03 1.521558813294113808e-03 0.000000000000000000e+00 2.616348999874540046e-03 -4.346960667686640975e-04 1.812532160341015584e-04 5.953052924457227692e-04 -1.071613178202142618e-03 7.142436945622263490e-04 -8.097345252664173805e-04
4.145581589929041126e-04 -1.491730874142914009e-03 4.909902251559952616e-04 -2.251403897272790430e-04 2.616348999874540046e-03 0.000000000000000000e+00 9.950339841007685253e-04 4.155565305855402698e-04 -7.475060254153132952e-04 -5.534095567499590015e-04 8.297919600983524619e-04 -4.460063850123076649e-04
-1.921985366458421357e-04 9.179574869576895106e-04 5.684487666036034623e-05 6.010625875094549033e-04 -4.346960667686640975e-04 9.950339841007685253e-04 0.000000000000000000e+00 3.271358674934561834e-04 5.558214359242461158e-06 2.314506987184577818e-04 1.551802413747742685e-04 -3.486785347024867667e-04
-3.792826304805273696e-04 -4.260183295290979915e-05 4.260647489444867016e-04 -1.192838028213466170e-03 1.812532160341015584e-04 4.155565305855402698e-04 3.271358674934561834e-04 0.000000000000000000e+00 2.893056501421299742e-04 2.443025735474206096e-04 8.143405103339942334e-05 -5.332842441611913452e-04
-7.569776194982439765e-04 1.439217100424746115e-04 -3.136767483169439837e-04 8.144779812845802597e-04 5.953052924457227692e-04 -7.475060254153132952e-04 5.558214359242461158e-06 2.893056501421299742e-04 0.000000000000000000e+00 2.942084375072738373e-05 -1.989520789802264543e-04 2.036787984395868639e-05
6.541808790774289613e-05 -1.106133430643966534e-04 -3.067441347554900402e-04 8.123190389273956353e-04 -1.071613178202142618e-03 -5.534095567499590015e-04 2.314506987184577818e-04 2.443025735474206096e-04 2.942084375072738373e-05 0.000000000000000000e+00 5.634871136011394485e-04 2.553316449585470984e-05
-7.027041717089847718e-04 2.038928800902251493e-04 3.088415918992774411e-04 9.095510876176944376e-04 7.142436945622263490e-04 8.297919600983524619e-04 1.551802413747742685e-04 8.143405103339942334e-05 -1.989520789802264543e-04 5.634871136011394485e-04 0.000000000000000000e+00 1.184146505277963528e-04
-6.281960281714534791e-04 9.048165263080382669e-05 2.966918377569283593e-04 9.960774529682771966e-04 -8.097345252664173805e-04 -4.460063850123076649e-04 -3.486785347024867667e-04 -5.332842441611913452e-04 2.036787984395868639e-05 2.553316449585470984e-05 1.184146505277963528e-04 0.000000000000000000e+00
