0.000000000000000000e+00 3.299263785630776125e-04 1.884879045462266171e-04 -1.503997329474509280e-03 -1.540642300451569927e-03 -4.452389817545151216e-04 8.602743772727016423e-04 6.402343071343986934e-04 -7.852006815232093174e-05 -5.670779962350851276e-04 2.469359888079798588e-05 2.012487507973693794e-04
3.299263785630776125e-04 0.000000000000000000e+00 -1.551000355477721339e-03 2.188579438491805758e-03 1.057042169029323748e-03 -1.581372291472442479e-03 4.931884079924931785e-04 -1.786524599956501689e-04 -1.767407388341677744e-04 -2.298959724951828599e-04 -1.219806477487220590e-04 9.794488117867701884e-05
1.884879045462266171e-04 -1.551000355477721339e-03 0.000000000000000000e+00 2.439060546247582596e-03 -1.389860548209530863e-03 -2.724393957785356968e-03 -2.672459539587418009e-04 1.093093269477819648e-04 3.064953456289598723e-05 2.347392711909387138e-04 2.312167806830367066e-04 2.682538192366653034e-04
-1.503997329474509280e-03 2.188579438491805758e-03 2.439060546247582596e-03 0.000000000000000000e+00 1.804902975026473127e-03 -4.483198897719220012e-03 5.734377006626514795e-04 -1.107525980996164339e-03 -9.441074249504133103e-04 8.422866880579247964e-04 -1.168343345639080851e-04 1.303442348557402484e-03
-1.540642300451569927e-03 1.057042169029323748e-03 -1.389860548209530863e-03 1.804902975026473127e-03 0.000000000000000000e+00 1.518292953875458517e-03 -3.892761650503978057e-04 -1.462072534430683760e-04 2.975182616268265195e-05 7.163344828547597593e-04 5.836098741650028784e-04 1.694646065372546959e-04
-4.452389817545151216e-04 -1.581372291472442479e-03 -2.724393957785356968e-03 -4.483198897719220012e-03 1.518292953875458517e-03 0.000000000000000000e+00 1.179886122992607417e-03 1.840088552766822852e-04 1.909400254812307709e-04 5.132404852902797349e-04 -5.278285798590718258e-04 6.949385992817190636e-04
8.602743772727016423e-04 4.931884079924931785e-04 -2.672459539587418009e-04 5.734377006626514795e-04 -3.892761650503978057e-04 1.179886122992607417e-03 0.000000000000000000e+00 -5.992321109698983076e-04 4.400277718110564792e-05 -8.166579977937698739e-05 -2.692511082527734726e-04 6.499587444270976157e-04
6.402343071343986934e-04 -1.786524599956501689e-04 1.093093269477819648e-04 -1.107525980996164339e-03 -1.462072534430683760e-04 1.840088552766822852e-04 -5.992321109698983076e-04 0.000000000000000000e+00 -4.492432981916758277e-04 2.233785130817536396e-04 -3.355885357439190625e-04 -6.308654916696812445e-05
-7.852006815232093174e-05 -1.767407388341677744e-04 3.064953456289598723e-05 -9.441074249504133103e-04 2.975182616268265195e-05 1.909400254812307709e-04 4.400277718110564792e-05 -4.492432981916758277e-04 0.000000000000000000e+00 -1.193889421912854026e-04 2.894109608515291285e-04 4.679383653480933630e-05
-5.670779962350851276e-04 -2.298959724951828599e-04 2.347392711909387138e-04 8.422866880579247964e-04 7.163344828547597593e-04 5.132404852902797349e-04 -8.166579977937698739e-05 2.233785130817536396e-04 -1.193889421912854026e-04 0.000000000000000000e+00 -2.237666609572903356e-04 -2.498794233149846796e-04
2.469359888079798588e-05 -1.219806477487220590e-04 2.312167806830367066e-04 -1.168343345639080851e-04 5.836098741650028784e-04 -5.278285798590718258e-04 -2.692511082527734726e-04 -3.355885357439190625e-04 2.894109608515291285e-04 -2.237666609572903356e-04 0.000000000000000000e+00 1.395648571799250294e-04
2.012487507973693794e-04 9.794488117867701884e-05 2.682538192366653034e-04 1.303442348557402484e-03 1.694646065372546959e-04 6.949385992817190636e-04 6.499587444270976157e-04 -6.308654916696812445e-05 4.679383653480933630e-05 -2.498794233149846796e-04 1.395648571799250294e-04 0.000000000000000000e+00
