0.000000000000000000e+00 -6.367580833046658636e-04 -1.284906085913945385e-03 -2.215893994381790480e-03 -6.511391896000014038e-04 -1.517620937744520180e-04 2.643655503757894520e-04 -7.698848439047552706e-05 -4.454845184491708750e-05 9.400006705411978426e-04 8.513026499458479709e-04 2.282169296753795923e-04
-6.367580833046658636e-04 0.000000000000000000e+00 1.293302582900876952e-03 -2.477894023970507345e-04 -6.034819724490228988e-06 -1.255741892217272608e-03 1.712386759894358578e-04 -1.063450963751336214e-04 4.079456044160292144e-04 1.444437814000245322e-04 3.469186953182601505e-04 2.638068890297090504e-05
-1.284906085913945385e-03 1.293302582900876952e-03 0.000000000000000000e+00 1.138897382255030406e-03 4.155697811972007506e-04 -7.615312599166892699e-04 8.358257744135412157e-04 -6.809487729213388159e-04 5.423762125998348848e-04 3.053384808782262866e-04 -4.106695092983468306e-04 -4.355911408416038663e-05
-2.215893994381790480e-03 -2.477894023970507345e-04 1.138897382255030406e-03 0.000000000000000000e+00 3.144977388089985684e-03 -2.674296595507355719e-03 -1.806725876037608468e-03 -1.811086069925536471e-05 5.682639367765385599e-04 -2.589332819366778706e-04 1.033892897903901202e-03 5.767240960414635490e-04
-6.511391896000014038e-04 -6.034819724490228988e-06 4.155697811972007506e-04 3.144977388089985684e-03 0.000000000000000000e+00 3.360046415825566576e-04 -8.077544962367237420e-04 -8.049260851372107284e-04 -8.510998822024566667e-05 4.515729710829538145e-04 1.196119079932963071e-03 5.604683994329924882e-04
-1.517620937744520180e-04 -1.255741892217272608e-03 -7.615312599166892699e-04 -2.674296595507355719e-03 3.360046415825566576e-04 0.000000000000000000e+00 1.625215570559239561e-03 -8.246055684705945552e-04 -1.206718385741094952e-03 -6.356500647705220358e-04 3.165644379168361757e-04 5.877514371680687445e-04
2.643655503757894520e-04 1.712386759894358578e-04 8.358257744135412157e-04 -1.806725876037608468e-03 -8.077544962367237420e-04 1.625215570559239561e-03 0.000000000000000000e+00 -1.833211551830377138e-04 1.916128077363682370e-04 4.976984308885334897e-04 -5.641574711946116755e-04 5.115491496773732968e-05
-7.698848439047552706e-05 -1.063450963751336214e-04 -6.809487729213388159e-04 -1.811086069925536471e-05 -8.049260851372107284e-04 -8.246055684705945552e-04 -1.833211551830377138e-04 0.000000000000000000e+00 -4.147107427467463690e-04 -3.738044244663772902e-05 3.570765623491977607e-04 -3.488346327528776152e-04
-4.454845184491708750e-05 4.079456044160292144e-04 5.423762125998348848e-04 5.682639367765385599e-04 -8.510998822024566667e-05 -1.206718385741094952e-03 1.916128077363682370e-04 -4.147107427467463690e-04 0.000000000000000000e+00 -7.325565344886717574e-05 -2.234102492353342521e-04 1.511120828462416256e-04
9.400006705411978426e-04 1.444437814000245322e-04 3.053384808782262866e-04 -2.589332819366778706e-04 4.515729710829538145e-04 -6.356500647705220358e-04 4.976984308885334897e-04 -3.738044244663772902e-05 -7.325565344886717574e-05 0.000000000000000000e+00 -3.164808282781885005e-04 -4.280147828224329059e-04
8.513026499458479709e-04 3.469186953182601505e-04 -4.106695092983468306e-04 1.033892897903901202e-03 1.196119079932963071e-03 3.165644379168361757e-04 -5.641574711946116755e-04 3.570765623491977607e-04 -2.234102492353342521e-04 -3.164808282781885005e-04 0.000000000000000000e+00 2.869370373481222288e-04
2.282169296753795923e-04 2.638068890297090504e-05 -4.355911408416038663e-05 5.767240960414635490e-04 5.604683994329924882e-04 5.877514371680687445e-04 5.115491496773732968e-05 -3.488346327528776152e-04 1.511120828462416256e-04 -4.280147828224329059e-04 2.869370373481222288e-04 0.000000000000000000e+00
