0.000000000000000000e+00 -4.460514002980874178e-04 -3.431546031304404218e-04 4.201502482413044595e-04 8.135520550947941167e-04 1.772152657725634519e-03 6.489311588730229709e-04 2.573118668221932646e-04 5.501127195646110827e-04 -6.318480096000595294e-04 4.969544600022367947e-04 8.367098588714575033e-04
-4.460514002980874178e-04 0.000000000000000000e+00 -7.290102977903999116e-05 5.172397713949810532e-04 5.139245283150890181e-05 3.116400201349230981e-04 -1.623061436527582281e-04 3.864069464303712480e-04 9.618522839651151676e-05 1.636495393011687773e-04 -2.343655863330604695e-04 -4.661652358546839343e-05
-3.431546031304404218e-04 -7.290102977903999116e-05 0.000000000000000000e+00 2.067840882806137696e-03 1.583666398439849757e-03 -2.029777017156535711e-03 -1.460398255867414563e-04 1.490284685001833608e-04 4.682997317020620416e-04 -4.427374021626101930e-04 -1.834068826473631833e-03 1.356622975052646082e-03
4.201502482413044595e-04 5.172397713949810532e-04 2.067840882806137696e-03 0.000000000000000000e+00 -7.074620643897041369e-05 1.892314896547766124e-03 2.942501839033972544e-04 -7.501580235005145866e-04 -1.254870744821191754e-04 -4.946499031124817168e-04 -3.119160286575125337e-03 -1.022248240589928745e-03
8.135520550947941167e-04 5.139245283150890181e-05 1.583666398439849757e-03 -7.074620643897041369e-05 0.000000000000000000e+00 -4.517756914679331133e-05 1.089844858061985990e-04 -1.591856073023803692e-04 1.780177821969868284e-04 8.021321592533713378e-04 5.606059897304210360e-04 7.492559270016216182e-04
1.772152657725634519e-03 3.116400201349230981e-04 -2.029777017156535711e-03 1.892314896547766124e-03 -4.517756914679331133e-05 0.000000000000000000e+00 2.475004874758618130e-04 1.157784134415805878e-04 6.979338394650301232e-04 -1.631793221833589347e-04 -1.940366209267493100e-03 -6.403244704262871755e-05
6.489311588730229709e-04 -1.623061436527582281e-04 -1.460398255867414563e-04 2.942501839033972544e-04 1.089844858061985990e-04 2.475004874758618130e-04 0.000000000000000000e+00 2.301528351610017040e-04 -1.605186873917928837e-04 3.259628106249175131e-04 6.612066837116287741e-04 -1.622785511204731176e-04
2.573118668221932646e-04 3.864069464303712480e-04 1.490284685001833608e-04 -7.501580235005145866e-04 -1.591856073023803692e-04 1.157784134415805878e-04 2.301528351610017040e-04 0.000000000000000000e+00 3.133907952251133860e-04 -3.813355770868220754e-04 5.545688505234105644e-04 -1.819970939832286355e-05
5.501127195646110827e-04 9.618522839651151676e-05 4.682997317020620416e-04 -1.254870744821191754e-04 1.780177821969868284e-04 6.979338394650301232e-04 -1.605186873917928837e-04 3.133907952251133860e-04 0.000000000000000000e+00 -3.162148801279210017e-04 -6.728678060031906124e-06 3.821163715276337976e-04
-6.318480096000595294e-04 1.636495393011687773e-04 -4.427374021626101930e-04 -4.946499031124817168e-04 8.021321592533713378e-04 -1.631793221833589347e-04 3.259628106249175131e-04 -3.813355770868220754e-04 -3.162148801279210017e-04 0.000000000000000000e+00 -1.022906041329390290e-03 5.244073409174549198e-04
4.969544600022367947e-04 -2.343655863330604695e-04 -1.834068826473631833e-03 -3.119160286575125337e-03 5.606059897304210360e-04 -1.940366209267493100e-03 6.612066837116287741e-04 5.545688505234105644e-04 -6.728678060031906124e-06 -1.022906041329390290e-03 0.000000000000000000e+00 -2.560772387764765831e-03
8.367098588714575033e-04 -4.661652358546839343e-05 1.356622975052646082e-03 -1.022248240589928745e-03 7.492559270016216182e-04 -6.403244704262871755e-05 -1.622785511204731176e-04 -1.819970939832286355e-05 3.821163715276337976e-04 5.244073409174549198e-04 -2.560772387764765831e-03 0.000000000000000000e+00
