0.000000000000000000e+00 -8.390337056549487414e-05 -2.015566434502398736e-04 -1.138531781782571107e-03 -8.260288266784945660e-04 -1.750488124233041899e-04 -4.112922620648943808e-05 -3.235977465951930159e-04 -3.727409822814713712e-04 1.729215022218545780e-04 -7.270155972829862986e-05 -5.585118111189625026e-04
-8.390337056549487414e-05 0.000000000000000000e+00 5.054519788793217531e-04 -3.085510095548215140e-04 -2.957461337528525407e-04 6.987675048064360253e-06 -1.381259358463180387e-04 -1.694984167905226634e-04 3.628822269143915731e-05 6.542310763173880828e-04 -7.426251983561373005e-04 2.931475558459451219e-04
-2.015566434502398736e-04 5.054519788793217531e-04 0.000000000000000000e+00 -8.133067478268791659e-04 1.262922914032001435e-03 5.712325077789255374e-04 5.438638829871298179e-04 4.245641553977901723e-04 1.843823386284524518e-04 3.150971337619507570e-04 1.609160424031008544e-03 2.763464481213936301e-04
-1.138531781782571107e-03 -3.085510095548215140e-04 -8.133067478268791659e-04 0.000000000000000000e+00 3.133203256921388447e-03 -1.544681585752739287e-03 -9.155242268445200815e-05 -5.068920597100096126e-04 1.162365729366534862e-04 3.260376726935652349e-04 2.010703161390830791e-03 -1.314525019243567225e-03
-8.260288266784945660e-04 -2.957461337528525407e-04 1.262922914032001435e-03 3.133203256921388447e-03 0.000000000000000000e+00 -1.063829738758273382e-03 2.223383970527792572e-04 7.184848250933766793e-04 1.287455454271602606e-03 8.271132794260126903e-04 -6.772520289953153040e-04 -1.587398364375177664e-03
-1.750488124233041899e-04 6.987675048064360253e-06 5.712325077789255374e-04 -1.544681585752739287e-03 -1.063829738758273382e-03 0.000000000000000000e+00 1.969063082804889473e-04 -2.076974285236764912e-04 1.281573478812309290e-04 -2.687962875371960043e-04 4.840168064926393091e-04 -3.796003755794285714e-04
-4.112922620648943808e-05 -1.381259358463180387e-04 5.438638829871298179e-04 -9.155242268445200815e-05 2.223383970527792572e-04 1.969063082804889473e-04 0.000000000000000000e+00 -1.713227315021731358e-04 1.966473169021260849e-04 4.545993337708365865e-07 6.908698491950590950e-04 -1.513851213644911309e-04
-3.235977465951930159e-04 -1.694984167905226634e-04 4.245641553977901723e-04 -5.068920597100096126e-04 7.184848250933766793e-04 -2.076974285236764912e-04 -1.713227315021731358e-04 0.000000000000000000e+00 1.681101677897640315e-04 -8.005825064507735033e-05 -5.932236376148265333e-04 1.085359554492083909e-03
-3.727409822814713712e-04 3.628822269143915731e-05 1.843823386284524518e-04 1.162365729366534862e-04 1.287455454271602606e-03 1.281573478812309290e-04 1.966473169021260849e-04 1.681101677897640315e-04 0.000000000000000000e+00 -1.281438188145993446e-04 -5.131967495974343058e-04 6.870681415924558477e-05
1.729215022218545780e-04 6.542310763173880828e-04 3.150971337619507570e-04 3.260376726935652349e-04 8.271132794260126903e-04 -2.687962875371960043e-04 4.545993337708365865e-07 -8.005825064507735033e-05 -1.281438188145993446e-04 0.000000000000000000e+00 -6.895318821932987273e-04 4.592906931456646331e-05
-7.270155972829862986e-05 -7.426251983561373005e-04 1.609160424031008544e-03 2.010703161390830791e-03 -6.772520289953153040e-04 4.840168064926393091e-04 6.908698491950590950e-04 -5.932236376148265333e-04 -5.131967495974343058e-04 -6.895318821932987273e-04 0.000000000000000000e+00 -1.734639687071006702e-03
-5.585118111189625026e-04 2.931475558459451219e-04 2.763464481213936301e-04 -1.314525019243567225e-03 -1.587398364375177664e-03 -3.796003755794285714e-04 -1.513851213644911309e-04 1.085359554492083909e-03 6.870681415924558477e-05 4.592906931456646331e-05 -1.734639687071006702e-03 0.000000000000000000e+00
