0.000000000000000000e+00 -2.329097672101245072e-04 5.306388229868148161e-04 9.605742384746808211e-04 -4.663379293300553923e-04 -2.521406839932747610e-04 2.413147473301781700e-04 2.057209494239693227e-04 6.683954609609010821e-04 7.833283985562659445e-05 8.374533679387232647e-04 8.817775186531587621e-04
-2.329097672101245072e-04 0.000000000000000000e+00 -6.439036196809737756e-04 -5.502736480774884789e-04 -4.495882472915686302e-04 -8.070262399302682204e-04 1.017945618114830586e-04 1.199874082112718478e-04 5.641731614458516120e-06 2.847189756446161972e-04 1.469600822522335992e-03 -3.718552363887767543e-04
5.306388229868148161e-04 -6.439036196809737756e-04 0.000000000000000000e+00 -1.044992590322936163e-03 -4.924049984040058427e-04 1.258598575555397924e-03 4.752358937669241986e-04 -5.480478578391993804e-04 6.619045063824481774e-04 1.919329016697543684e-04 8.913481781736512120e-04 -5.554457382706910057e-04
9.605742384746808211e-04 -5.502736480774884789e-04 -1.044992590322936163e-03 0.000000000000000000e+00 2.561572087602251649e-03 -2.600153059427644459e-04 2.772915958846763852e-04 4.850364205967026983e-04 5.469074262464567642e-04 8.189627505173756880e-04 -5.049680653092549192e-04 -2.038005749551222590e-03
-4.663379293300553923e-04 -4.495882472915686302e-04 -4.924049984040058427e-04 2.561572087602251649e-03 0.000000000000000000e+00 1.750369166674774343e-03 -6.792321411454357166e-04 6.408345125132003470e-04 9.881640317711839171e-04 6.874606072610693185e-05 -6.574162189294139268e-05 -1.161117438418535121e-03
-2.521406839932747610e-04 -8.070262399302682204e-04 1.258598575555397924e-03 -2.600153059427644459e-04 1.750369166674774343e-03 0.000000000000000000e+00 -1.099486402843086847e-04 -1.200359784248767887e-04 -1.302211803702280567e-04 1.049246054498530271e-04 1.833258065596537524e-04 -1.880208194872931777e-03
2.413147473301781700e-04 1.017945618114830586e-04 4.752358937669241986e-04 2.772915958846763852e-04 -6.792321411454357166e-04 -1.099486402843086847e-04 0.000000000000000000e+00 6.571974503617686195e-05 2.279083194392012671e-05 4.916894146672215818e-04 -6.070236844897190337e-05 -4.665933593375383589e-04
2.057209494239693227e-04 1.199874082112718478e-04 -5.480478578391993804e-04 4.850364205967026983e-04 6.408345125132003470e-04 -1.200359784248767887e-04 6.571974503617686195e-05 0.000000000000000000e+00 -2.010430894627713986e-04 -1.538155441337225805e-04 -2.553781217621819413e-04 -2.612918802824081130e-05
6.683954609609010821e-04 5.641731614458516120e-06 6.619045063824481774e-04 5.469074262464567642e-04 9.881640317711839171e-04 -1.302211803702280567e-04 2.279083194392012671e-05 -2.010430894627713986e-04 0.000000000000000000e+00 8.936756575583951559e-05 5.675646394783871295e-04 7.893293376334892730e-04
7.833283985562659445e-05 2.847189756446161972e-04 1.919329016697543684e-04 8.189627505173756880e-04 6.874606072610693185e-05 1.049246054498530271e-04 4.916894146672215818e-04 -1.538155441337225805e-04 8.936756575583951559e-05 0.000000000000000000e+00 -8.477744866668410813e-04 1.066287462166462915e-04
8.374533679387232647e-04 1.469600822522335992e-03 8.913481781736512120e-04 -5.049680653092549192e-04 -6.574162189294139268e-05 1.833258065596537524e-04 -6.070236844897190337e-05 -2.553781217621819413e-04 5.675646394783871295e-04 -8.477744866668410813e-04 0.000000000000000000e+00 -1.832262182180850567e-03
8.817775186531587621e-04 -3.718552363887767543e-04 -5.554457382706910057e-04 -2.038005749551222590e-03 -1.161117438418535121e-03 -1.880208194872931777e-03 -4.665933593375383589e-04 -2.612918802824081130e-05 7.893293376334892730e-04 1.066287462166462915e-04 -1.832262182180850567e-03 0.000000000000000000e+00
