0.000000000000000000e+00 -2.004217640895672502e-04 4.250033687543535192e-04 -7.444774116080150406e-04 -1.254680165374814959e-03 -1.100267083472086490e-03 -4.905467603343575565e-04 5.260975808001036369e-05 2.567238432346464843e-04 3.912517944580929654e-04 -1.337741373869115718e-03 -1.919349978976264519e-04
-2.004217640895672502e-04 0.000000000000000000e+00 1.065244239513960146e-04 -2.659422528844049543e-04 -4.586648827733795812e-04 -2.576297639957768489e-04 5.368065751975425060e-04 -4.218905319700687047e-04 2.358491182365752864e-04 2.339262971431732763e-05 1.344258728406718653e-04 5.511327033806823336e-04
4.250033687543535192e-04 1.065244239513960146e-04 0.000000000000000000e+00 7.350395234194856452e-05 -6.181523453106753038e-04 1.757781669612426849e-03 -8.763763020642542515e-04 -2.299567431876012953e-04 -1.803254895478798871e-04 1.393388346426130799e-04 6.775517282848318333e-04 -6.547042035223058724e-04
-7.444774116080150406e-04 -2.659422528844049543e-04 7.350395234194856452e-05 0.000000000000000000e+00 -5.379989943280433316e-04 2.921955466873687665e-03 8.093587122098680519e-04 -3.220486543401135654e-06 3.489379689016685422e-04 3.886401332554560327e-04 -1.790115392038910775e-03 -1.408143509734407399e-03
-1.254680165374814959e-03 -4.586648827733795812e-04 -6.181523453106753038e-04 -5.379989943280433316e-04 0.000000000000000000e+00 -2.343252884571796115e-03 8.382012097632283868e-04 3.254868355578347753e-04 7.865892664248753257e-05 -9.127756755032965293e-04 1.117001377822827773e-03 -2.221246296842800411e-03
-1.100267083472086490e-03 -2.576297639957768489e-04 1.757781669612426849e-03 2.921955466873687665e-03 -2.343252884571796115e-03 0.000000000000000000e+00 -2.865533551121852551e-04 7.935070486428557430e-09 4.123286780125415101e-04 -4.856777172062500697e-04 8.239002595497097641e-04 -6.664128413623103498e-04
-4.905467603343575565e-04 5.368065751975425060e-04 -8.763763020642542515e-04 8.093587122098680519e-04 8.382012097632283868e-04 -2.865533551121852551e-04 0.000000000000000000e+00 1.410009141429312046e-04 -5.486491073366381245e-05 -3.115797121439160280e-04 -1.736809033249908760e-04 1.005965966478841777e-03
5.260975808001036369e-05 -4.218905319700687047e-04 -2.299567431876012953e-04 -3.220486543401135654e-06 3.254868355578347753e-04 7.935070486428557430e-09 1.410009141429312046e-04 0.000000000000000000e+00 2.036811191987536679e-04 2.818909209563537940e-04 5.239450046905521447e-04 9.617858001991017990e-05
2.567238432346464843e-04 2.358491182365752864e-04 -1.803254895478798871e-04 3.489379689016685422e-04 7.865892664248753257e-05 4.123286780125415101e-04 -5.486491073366381245e-05 2.036811191987536679e-04 0.000000000000000000e+00 2.718492660805508273e-04 -5.142278972829084777e-04 -1.045105501609896147e-03
3.912517944580929654e-04 2.339262971431732763e-05 1.393388346426130799e-04 3.886401332554560327e-04 -9.127756755032965293e-04 -4.856777172062500697e-04 -3.115797121439160280e-04 2.818909209563537940e-04 2.718492660805508273e-04 0.000000000000000000e+00 2.002573428873713457e-04 -3.892837933195843203e-04
-1.337741373869115718e-03 1.344258728406718653e-04 6.775517282848318333e-04 -1.790115392038910775e-03 1.117001377822827773e-03 8.239002595497097641e-04 -1.736809033249908760e-04 5.239450046905521447e-04 -5.142278972829084777e-04 2.002573428873713457e-04 0.000000000000000000e+00 -9.962042532616266141e-04
-1.919349978976264519e-04 5.511327033806823336e-04 -6.547042035223058724e-04 -1.408143509734407399e-03 -2.221246296842800411e-03 -6.664128413623103498e-04 1.005965966478841777e-03 9.617858001991017990e-05 -1.045105501609896147e-03 -3.892837933195843203e-04 -9.962042532616266141e-04 0.000000000000000000e+00
