0.000000000000000000e+00 -1.133544547338824655e-04 -8.009726844917989088e-04 1.176423827270587329e-03 1.158474886390970437e-03 6.963890728272543757e-04 -3.545835792972625472e-05 2.739610275664850663e-05 3.271138763267721311e-04 2.924427727272012529e-04 -1.200412751002970626e-03 6.367928696956284048e-04
-1.133544547338824655e-04 0.000000000000000000e+00 -5.452267807106119359e-04 1.634840661352169407e-04 -1.001153884680112168e-04 3.803956652728521671e-04 -6.753337336825427457e-05 1.147055078622785855e-05 -2.311116000482832953e-04 -1.580792399349642465e-04 4.373086550155954417e-04 -4.654032429688259695e-04
-8.009726844917989088e-04 -5.452267807106119359e-04 0.000000000000000000e+00 9.569023735368868949e-04 -6.270875679835586454e-04 4.359312577032711279e-04 -6.006383032347903774e-04 3.660444819263977082e-04 -8.314211331064803130e-04 -2.894765682692671915e-04 -8.696118955190231458e-04 -1.357917068557836860e-03
1.176423827270587329e-03 1.634840661352169407e-04 9.569023735368868949e-04 0.000000000000000000e+00 2.110538090370056401e-03 1.868928235635800537e-03 1.105229954223815522e-03 -5.975161356118821768e-06 1.246685973177812405e-03 -7.763985885756400241e-04 -3.554727380286969271e-04 -1.336572963282556866e-03
1.158474886390970437e-03 -1.001153884680112168e-04 -6.270875679835586454e-04 2.110538090370056401e-03 0.000000000000000000e+00 -2.247619706178744133e-03 7.248186443465852143e-04 -2.693307412631504414e-04 3.144531066288764839e-05 -5.429471525937311664e-04 -3.076902309908538784e-03 -2.804733541455147437e-03
6.963890728272543757e-04 3.803956652728521671e-04 4.359312577032711279e-04 1.868928235635800537e-03 -2.247619706178744133e-03 0.000000000000000000e+00 8.952801067805502564e-04 8.830339209732734201e-05 3.629856754936079568e-04 9.998843981209304659e-04 2.150469901763784209e-03 -1.191370926617308030e-03
-3.545835792972625472e-05 -6.753337336825427457e-05 -6.006383032347903774e-04 1.105229954223815522e-03 7.248186443465852143e-04 8.952801067805502564e-04 0.000000000000000000e+00 -1.738851543225193152e-04 -4.747520942239451041e-04 -2.282949488291670978e-04 -3.049316887981387905e-04 9.154468340427993327e-05
2.739610275664850663e-05 1.147055078622785855e-05 3.660444819263977082e-04 -5.975161356118821768e-06 -2.693307412631504414e-04 8.830339209732734201e-05 -1.738851543225193152e-04 0.000000000000000000e+00 -1.051799714668431744e-05 -3.512642801808438069e-04 -2.094661834997222022e-04 -2.759276478825971562e-04
3.271138763267721311e-04 -2.311116000482832953e-04 -8.314211331064803130e-04 1.246685973177812405e-03 3.144531066288764839e-05 3.629856754936079568e-04 -4.747520942239451041e-04 -1.051799714668431744e-05 0.000000000000000000e+00 3.333574193382417565e-04 9.235521145041624552e-04 4.754024618476748363e-04
2.924427727272012529e-04 -1.580792399349642465e-04 -2.894765682692671915e-04 -7.763985885756400241e-04 -5.429471525937311664e-04 9.998843981209304659e-04 -2.282949488291670978e-04 -3.512642801808438069e-04 3.333574193382417565e-04 0.000000000000000000e+00 -2.744492946514381915e-04 -1.078031137403112887e-03
-1.200412751002970626e-03 4.373086550155954417e-04 -8.696118955190231458e-04 -3.554727380286969271e-04 -3.076902309908538784e-03 2.150469901763784209e-03 -3.049316887981387905e-04 -2.094661834997222022e-04 9.235521145041624552e-04 -2.744492946514381915e-04 0.000000000000000000e+00 1.214820241141494495e-03
6.367928696956284048e-04 -4.654032429688259695e-04 -1.357917068557836860e-03 -1.336572963282556866e-03 -2.804733541455147437e-03 -1.191370926617308030e-03 9.154468340427993327e-05 -2.759276478825971562e-04 4.754024618476748363e-04 -1.078031137403112887e-03 1.214820241141494495e-03 0.000000000000000000e+00
